26.53266716003418
27.720048189163208
26.638514518737793
26.57905340194702
26.215906620025635
26.763299703598022
25.432578086853027
26.530492067337036
27.13854217529297
27.122641563415527
25.98601746559143
27.400439023971558
26.04573917388916
25.91972517967224
25.380157947540283
26.499223470687866
27.90147852897644
26.466955423355103
25.103834867477417
27.231631994247437
27.68215847015381
28.83901596069336
30.07546901702881
28.511861324310303
27.543951511383057
27.996870756149292
27.78172492980957
29.71907067298889
26.15130591392517
25.474794387817383
27.877485990524292
25.939926862716675
26.221318244934082
25.7704119682312
25.383931398391724
25.71537208557129
25.857244968414307
25.967299699783325
25.716719150543213
26.906728982925415
26.662116289138794
26.339958667755127
26.496268272399902
25.39922022819519
26.720184087753296
26.76075267791748
25.70726180076599
27.324357748031616
26.82997465133667
26.156842708587646
26.22662043571472
25.65086817741394
25.74443554878235
26.570701360702515
25.76706099510193
25.993297815322876
25.891801118850708
26.3781898021698
26.3123779296875
25.93775463104248
25.84745502471924
26.188847303390503
26.530397176742554
25.842820405960083
27.693256855010986
26.758690118789673
26.049431562423706
27.445253610610962
28.424429893493652
30.136252641677856
30.077598571777344
30.957977771759033
30.54184365272522
26.196248531341553
26.199856758117676
26.304924249649048
26.610554218292236
27.385881662368774
26.294748067855835
26.910856008529663
26.620311975479126
26.010749101638794
26.222912788391113
26.313582181930542
27.59930992126465
26.806724309921265
27.435216188430786
26.805742502212524
26.40193486213684
26.147799253463745
26.165776252746582
26.846760511398315
25.454535961151123
25.975792169570923
27.463500499725342
27.05275273323059
26.72354555130005
24.88215136528015
26.318058013916016
27.558492422103882
27.212061882019043
29.74600052833557
28.840259790420532
26.884693384170532
26.08446216583252
28.070547342300415
27.77267360687256
26.15583324432373
25.367071390151978
27.137683391571045
27.132142305374146
26.44092869758606
27.26118302345276
27.1272451877594
27.183736562728882
25.43302845954895
26.22220540046692
27.81778335571289
27.66201400756836
28.794475555419922
29.082796812057495
27.169337034225464
26.37842082977295
27.06307578086853
26.716192483901978
26.84825611114502
26.39543628692627
27.46893835067749
28.855576038360596
28.508176565170288
28.266977548599243
26.743826389312744
26.89691472053528
27.069130420684814
26.790251970291138
26.39608073234558
27.519258737564087
25.515912532806396
27.26534128189087
26.981715202331543
26.553046464920044
27.26589035987854
27.620047569274902
26.884554624557495
26.80573844909668
28.015302419662476
28.057429313659668
26.429943561553955
26.32445740699768
26.837424993515015
26.604294538497925
27.073801517486572
26.63145136833191
26.36868190765381
26.720003843307495
26.162763118743896
27.284296989440918
29.115989923477173
26.592403173446655
26.67936635017395
26.74434185028076
26.160974979400635
27.022054195404053
26.45201873779297
26.126166820526123
26.75717782974243
29.620401620864868
28.835433959960938
28.111332178115845
27.218047380447388
26.231127977371216
26.01329207420349
26.70478343963623
26.922544240951538
26.937504291534424
27.03421139717102
27.031723976135254
26.499953985214233
26.844199180603027
26.113385438919067
27.376435041427612
27.587164878845215
28.929319858551025
28.583163738250732
27.103362798690796
25.452122926712036
26.78967022895813
26.09264612197876
25.966274976730347
26.81690549850464
27.123870849609375
27.4523868560791
26.62528109550476
26.26043128967285
27.47649884223938
26.8142409324646
24.871119260787964
25.71043109893799
26.059192895889282
26.292206287384033
26.37486958503723
26.049783945083618
26.55906367301941
27.273203372955322
27.492558479309082
26.94112753868103
26.407275676727295
27.47649574279785
27.213266372680664
26.536393404006958
27.143536806106567
27.539157390594482
28.079406261444092
27.681898832321167
26.338010787963867
28.33150553703308
26.357136726379395
25.94894576072693
26.242650985717773
27.764798879623413
26.307905912399292
26.792854070663452
26.833905696868896
26.673351287841797
27.158868312835693
25.949134588241577
26.40796732902527
26.513345956802368
26.050901889801025
26.306039333343506
28.995038747787476
29.03694224357605
26.170703411102295
26.021031379699707
28.037785291671753
28.0369553565979
27.98355722427368
27.338685989379883
26.49391484260559
26.502736806869507
26.885231018066406
26.274836778640747
26.408089876174927
27.038078784942627
27.015413761138916
27.063318252563477
27.01073694229126
27.566471338272095
26.316781044006348
26.411685943603516
28.39206290245056
27.98976755142212
26.70743179321289
26.072221994400024
26.109538316726685
26.225719451904297
26.684932470321655
27.965840339660645
28.050132989883423
25.72077512741089
25.836591005325317
26.997700929641724
26.08786940574646
26.30291199684143
26.165268659591675
26.153360843658447
26.426912307739258
26.187288761138916
27.199881076812744
27.59312915802002
27.098713397979736
26.94797992706299
26.88785743713379
27.511117696762085
26.073864698410034
27.617854595184326
27.45291042327881
26.838983297348022
26.702730655670166
26.45182704925537
26.43351411819458
26.426878452301025
26.27384901046753
26.34007954597473
28.244306087493896
27.678413152694702
25.424415826797485
25.542735815048218
26.90165066719055
26.188554525375366
26.44373846054077
26.26363968849182
25.854287147521973
26.922520399093628
27.094632148742676
27.33655071258545
26.48039937019348
27.018441438674927
27.291865348815918
28.279089212417603
26.55308771133423
26.833675861358643
26.801278352737427
27.820866346359253
26.3927960395813
26.46423649787903
25.96880531311035
26.96146512031555
26.143147945404053
27.477842807769775
26.97309899330139
26.213224172592163
26.174851894378662
26.355825901031494
27.5919451713562
27.918455362319946
28.425350666046143
26.852535247802734
26.662164449691772
26.210763931274414
26.517090559005737
26.194939374923706
29.15451431274414
29.090338706970215
26.64389944076538
26.746413707733154
26.166346073150635
26.063907861709595
26.464555025100708
26.91922426223755
26.28740096092224
27.226330280303955
26.219956159591675
26.97160530090332
27.697164297103882
26.48768949508667
27.213440656661987
27.880733728408813
27.553886651992798
28.568642377853394
25.891133546829224
26.482242822647095
26.117812633514404
26.12942600250244
26.15009093284607
26.536280155181885
26.909385204315186
26.596182823181152
27.11418342590332
27.139755249023438
27.606714248657227
27.13596200942993
27.511280298233032
27.011134147644043
27.217432498931885
27.178097248077393
27.53126621246338
26.6667218208313
26.802055597305298
26.860363960266113
26.350980043411255
26.23725152015686
29.158939599990845
26.81759285926819
27.470295190811157
26.8332359790802
27.10363006591797
26.267378091812134
27.261192560195923
27.282313346862793
26.920247077941895
28.085262537002563
27.4377863407135
27.534654140472412
27.085233688354492
27.600118398666382
26.843326807022095
26.798595905303955
26.621704816818237
26.526864290237427
27.222020626068115
27.204658269882202
26.850617170333862
27.247328281402588
26.95680260658264
26.525434970855713
27.275829315185547
27.240503787994385
26.145572423934937
26.407601833343506
28.870763778686523
28.825201272964478
26.37183165550232
26.30014729499817
26.18190908432007
26.756245374679565
26.49700689315796
28.73850703239441
26.888590574264526
26.66860008239746
26.33358883857727
25.819671392440796
25.990124225616455
26.12360429763794
26.37036657333374
26.089550256729126
25.95113515853882
26.8525607585907
26.762543201446533
27.09066152572632
27.122747659683228
26.796258687973022
26.344664096832275
27.55977988243103
26.174094200134277
26.297913312911987
30.237686157226562
30.0774028301239
27.08613681793213
26.154285192489624
26.051722764968872
26.007509231567383
26.076470375061035
26.120040893554688
26.141186952590942
26.220779180526733
27.01465392112732
27.259756803512573
26.444416046142578
27.327725648880005
27.55056929588318
26.563438892364502
28.116188049316406
27.49670648574829
26.727624893188477
26.219969749450684
26.59601664543152
26.927063941955566
26.813884496688843
26.54035973548889
26.55298113822937
26.062830448150635
25.939697980880737
26.273489236831665
26.31458806991577
26.421077966690063
26.589680671691895
26.094854593276978
26.985063314437866
26.092917680740356
26.346221923828125
26.335270643234253
27.554636001586914
29.103904485702515
26.943471670150757
27.455560207366943
27.00984811782837
26.617633819580078
26.62075448036194
26.600095510482788
26.245375156402588
26.136234760284424
26.334869146347046
25.970481395721436
27.071337699890137
27.323349952697754
26.78623938560486
27.2605037689209
27.326632022857666
26.654197931289673
26.487659692764282
26.15785312652588
28.396703481674194
27.916860818862915
27.159322023391724
26.253015756607056
26.55942153930664
26.58610963821411
26.29977512359619
25.968796730041504
26.987298727035522
26.73435354232788
27.04015803337097
26.770394563674927
26.50387716293335
26.358322858810425
26.336585760116577
27.964832305908203
26.946635007858276
26.7530460357666
26.210650205612183
26.790691375732422
26.250023365020752
26.466979503631592
26.074288368225098
26.651560068130493
26.074586868286133
25.97974133491516
26.240010499954224
26.845146417617798
27.102181911468506
27.246737957000732
27.672045469284058
27.079166650772095
27.15455436706543
26.285330533981323
27.691176176071167
27.562058210372925
28.06557297706604
28.394502878189087
26.80078411102295
25.980843782424927
26.585615634918213
26.351730346679688
26.450584888458252
29.504730224609375
29.617290496826172
26.334501028060913
26.62604069709778
26.007046937942505
26.02743101119995
26.376874446868896
26.625084161758423
26.35407519340515
26.04030179977417
26.161682844161987
26.23571801185608
26.369701623916626
28.144901037216187
28.202664613723755
29.2732355594635
28.667400598526
26.583340644836426
26.561794757843018
26.506006002426147
26.06174397468567
26.982247591018677
25.916260957717896
26.824201345443726
25.864571809768677
25.905667543411255
26.239688396453857
26.92054533958435
26.54102325439453
27.22972011566162
27.246702909469604
26.676777362823486
26.98252296447754
27.48340606689453
27.208672523498535
28.640932321548462
27.445897579193115
26.47510266304016
26.419275045394897
26.63426947593689
25.998459577560425
26.26689100265503
26.785617113113403
26.681639194488525
27.18493890762329
26.97764229774475
26.985222816467285
27.14290976524353
26.45999002456665
27.3921000957489
27.10220980644226
27.239400148391724
28.2530415058136
27.99770712852478
27.051054000854492
26.94257950782776
26.272517442703247
26.16836977005005
26.226386547088623
26.349084854125977
26.63383388519287
26.97935724258423
26.806691646575928
27.164687395095825
26.542657613754272
27.896459579467773
28.023632049560547
26.320844650268555
27.623500108718872
26.469649076461792
26.226168870925903
26.594444513320923
26.483301639556885
26.231053590774536
26.20544695854187
26.371235132217407
26.177923679351807
26.268221139907837
26.08777093887329
26.76342272758484
27.42344856262207
26.928918600082397
27.081162929534912
25.988825798034668
27.207923889160156
27.16446542739868
26.396527767181396
26.11663818359375
29.587865591049194
29.25678849220276
25.70372986793518
26.853712797164917
25.917360305786133
26.181761741638184
26.0653133392334
26.562335968017578
26.055289030075073
26.292871475219727
26.1470148563385
26.92503046989441
26.810320138931274
26.945463180541992
26.727478504180908
26.889042377471924
26.07970690727234
26.14030385017395
26.694900035858154
26.05170774459839
26.699408292770386
27.016096353530884
26.56455636024475
26.86089849472046
26.31278896331787
26.13377618789673
26.112874746322632
26.34840202331543
26.54851531982422
25.177692413330078
26.342301845550537
26.630720138549805
26.104954719543457
25.884276390075684
26.532463550567627
25.89141869544983
25.997348070144653
26.192803144454956
26.015969038009644
27.17433500289917
27.089816570281982
26.43430757522583
27.24228835105896
27.053717374801636
26.790643453598022
27.640199422836304
26.894242763519287
26.861454486846924
29.906579971313477
28.319293975830078
25.952866315841675
26.709169149398804
26.34856653213501
26.243317127227783
26.234420776367188
26.120147705078125
27.7999107837677
27.573325395584106
26.996119260787964
27.182250022888184
26.78891372680664
26.73030996322632
26.130477905273438
26.19198250770569
26.356980323791504
26.856292247772217
26.19770383834839
26.287614345550537
26.200167655944824
27.39867615699768
27.071200847625732
27.110512733459473
26.4667489528656
26.308348655700684
27.229191303253174
27.164608001708984
26.788143396377563
26.610052347183228
27.415505409240723
26.32579231262207
26.44739055633545
26.182957887649536
26.042791843414307
25.902057886123657
26.47217321395874
26.357420921325684
27.19045400619507
26.191705226898193
26.494701862335205
27.443816900253296
26.325637340545654
27.415404796600342
27.783706188201904
27.172945261001587
26.81695294380188
26.57367730140686
26.187533617019653
28.353217124938965
28.57763433456421
26.119959115982056
26.889533758163452
26.15526509284973
25.942172050476074
26.622255325317383
29.69565749168396
28.681721448898315
30.54106831550598
30.128819942474365
26.18780541419983
26.627967357635498
26.225709915161133
26.197648286819458
26.31078314781189
28.215351343154907
28.167325973510742
26.18117117881775
27.014870643615723
26.102062940597534
25.924097776412964
26.132985830307007
28.692970752716064
28.55739951133728
26.10010576248169
26.858540296554565
25.870614767074585
26.895282745361328
26.781323432922363
26.437501668930054
26.284151792526245
27.32991623878479
26.78809118270874
26.372625827789307
27.13780426979065
26.837488174438477
27.990593910217285
26.167842388153076
27.80480432510376
27.812085151672363
28.968168258666992
28.171916246414185
25.95218324661255
26.735480785369873
26.887598991394043
26.012823820114136
27.128803730010986
26.724814414978027
28.02520489692688
26.718700170516968
27.494428396224976
27.21640181541443
26.76033639907837
27.691845893859863
26.573833465576172
26.056243658065796
25.896387577056885
27.488883018493652
25.95779037475586
26.296129941940308
26.880777597427368
26.757212162017822
26.230204582214355
28.268661737442017
28.895838260650635
28.34908676147461
28.847176551818848
26.264821529388428
26.565534591674805
26.28777241706848
25.967076539993286
28.257073163986206
28.50066089630127
28.3859965801239
29.381011962890625
26.432610511779785
26.60204529762268
26.02007484436035
26.372780561447144
26.319185733795166
26.471111536026
26.267147541046143
26.106922149658203
26.572588682174683
26.567920446395874
26.235414028167725
26.84274697303772
25.90810251235962
26.015778303146362
26.190162181854248
27.332112073898315
27.00347065925598
26.787806272506714
27.337215185165405
26.858814477920532
27.227444887161255
26.717630863189697
28.741167068481445
28.3692626953125
27.735966444015503
25.976478815078735
26.468123197555542
26.251259088516235
26.088444232940674
26.31994342803955
26.85783553123474
26.785648107528687
27.239327907562256
26.504519939422607
28.10898184776306
26.83564281463623
27.797350645065308
27.545231819152832
28.906487703323364
28.890048027038574
26.272899866104126
26.805794954299927
26.320585250854492
26.21907877922058
26.45745611190796
25.78797435760498
26.050873041152954
27.400662183761597
26.843199014663696
27.599865674972534
26.121669054031372
27.12319016456604
26.802222967147827
29.107281923294067
26.528616189956665
26.855472326278687
28.308738231658936
28.720351696014404
25.854808568954468
26.57243275642395
26.362358808517456
26.28983211517334
26.296283960342407
26.229771852493286
26.592301607131958
26.32559299468994
26.332929372787476
26.88359570503235
27.389040231704712
26.950632572174072
27.2307870388031
26.529791355133057
27.58789587020874
26.49829649925232
29.560646772384644
28.46123719215393
27.165123462677002
27.343947410583496
26.87502098083496
26.533441066741943
26.209928035736084
29.21078610420227
28.66057276725769
27.402522325515747
27.295442819595337
26.065788507461548
26.53055715560913
26.168319702148438
27.725375175476074
27.878602027893066
28.450906991958618
29.575048446655273
26.045632362365723
26.311384201049805
26.13040781021118
26.151031017303467
26.300230026245117
26.071906328201294
25.933964252471924
26.58526611328125
26.643348693847656
27.040096759796143
27.649470806121826
27.06885027885437
26.469548225402832
26.495699167251587
27.681210041046143
26.04840850830078
27.897282600402832
27.715608596801758
27.51955795288086
27.095252752304077
25.92878746986389
26.736434936523438
26.41870141029358
26.577786684036255
28.400673389434814
26.044773817062378
27.058902978897095
26.85437774658203
27.12997579574585
27.00503635406494
26.080808401107788
26.09064245223999
26.258092164993286
26.253248691558838
26.121473789215088
27.19671654701233
27.980703830718994
30.707587480545044
26.45767116546631
26.99561619758606
26.92531394958496
26.168511152267456
26.18520474433899
26.433878183364868
26.095290899276733
25.93175172805786
26.210540056228638
26.023855447769165
26.34044909477234
27.200897693634033
27.083657264709473
26.69570302963257
26.02840566635132
27.503986120224
26.80164122581482
26.638922452926636
26.954334259033203
27.63273310661316
28.751936197280884
26.119356870651245
26.759979248046875
26.405707836151123
26.258657455444336
25.977693796157837
26.66870665550232
26.269286155700684
26.059746265411377
26.160972118377686
26.84209656715393
26.950607776641846
27.920818090438843
26.290658473968506
26.471171855926514
26.833714723587036
27.143328428268433
26.226293563842773
27.374196767807007
27.20758891105652
26.09098720550537
26.216289520263672
26.496327877044678
26.409331560134888
26.537878274917603
26.321603775024414
26.181402921676636
26.262630939483643
26.33489179611206
26.68206286430359
26.61508798599243
25.939444065093994
25.839634895324707
26.583990335464478
26.422470331192017
26.704644680023193
26.176748275756836
26.67304301261902
26.47659182548523
27.007603406906128
27.12594223022461
28.433133363723755
28.771591424942017
25.857682704925537
26.890112161636353
26.346746921539307
25.90892791748047
25.916579723358154
26.262845993041992
26.65221095085144
26.17535710334778
25.945067167282104
26.779348850250244
26.960699796676636
26.56419825553894
26.874311208724976
27.311354160308838
26.737918615341187
27.580296754837036
28.32267451286316
28.992360830307007
28.35523533821106
26.096150636672974
26.94718909263611
26.033461809158325
27.01984739303589
26.1395742893219
26.323371648788452
27.267720937728882
26.533049821853638
26.4171142578125
26.20857048034668
26.07386016845703
27.279401063919067
26.8976469039917
26.83394479751587
27.85351800918579
25.999701023101807
28.459641456604004
28.31350064277649
28.930917978286743
28.570226669311523
26.31577205657959
26.793800354003906
26.131155729293823
26.474074363708496
26.318825483322144
26.316534757614136
26.915059328079224
27.278074502944946
26.372838735580444
26.529282331466675
26.336458206176758
26.923211812973022
26.82949471473694
26.94820261001587
28.952720403671265
27.13570547103882
26.180145025253296
26.023258209228516
28.37098526954651
28.33245825767517
26.640480756759644
26.690872192382812
26.217140197753906
26.10739016532898
26.05756139755249
26.375672578811646
25.982033252716064
28.753517150878906
28.83529305458069
28.479675769805908
28.276127576828003
26.085084199905396
26.654480934143066
26.424861431121826
26.697332620620728
26.84726309776306
26.1819589138031
26.275867700576782
26.119481325149536
26.1347017288208
28.65270495414734
28.802709102630615
27.92426347732544
26.966625213623047
26.588503122329712
27.167377471923828
26.2160484790802
26.97068977355957
26.14228081703186
26.135188102722168
26.38559341430664
26.04088830947876
26.39207100868225
27.41567873954773
27.51161003112793
27.196089267730713
27.018386602401733
26.555607318878174
27.495786905288696
26.57864236831665
26.50186061859131
29.24782657623291
28.14540386199951
28.943217515945435
28.051604509353638
26.17670774459839
29.504414081573486
26.226767778396606
26.19905185699463
26.1306209564209
26.036845922470093
26.267457723617554
26.58171772956848
26.111822366714478
27.858192205429077
26.943427801132202
27.263267993927002
26.437798023223877
26.071515560150146
27.44077444076538
26.472525119781494
26.60456681251526
26.722387552261353
30.370901584625244
31.117496967315674
30.522093772888184
29.994213819503784
26.517940044403076
27.37748908996582
26.152127504348755
26.85273051261902
26.77723717689514
26.397895574569702
26.609216928482056
26.21613097190857
26.66781497001648
27.04703164100647
29.27904200553894
30.69220542907715
26.496807098388672
26.77823805809021
27.118001222610474
25.871853590011597
26.81403636932373
26.044269323349
26.232088088989258
26.17905831336975
27.36011791229248
26.2817325592041
26.068233728408813
26.535152196884155
26.290539503097534
27.155587673187256
26.511375188827515
26.67916464805603
26.780646800994873
27.56943392753601
27.405796766281128
29.102181434631348
29.362369060516357
26.388230800628662
26.744194507598877
26.12239718437195
26.296623468399048
26.279385566711426
26.26971745491028
25.872365713119507
26.36734437942505
26.427516222000122
26.345943689346313
26.47559380531311
26.89194917678833
26.53740429878235
26.86895179748535
26.73811388015747
28.228121757507324
29.040297031402588
26.63590383529663
26.87781548500061
27.84483313560486
27.97250461578369
27.946986436843872
26.692437648773193
27.05648446083069
26.613963842391968
26.22835063934326
26.371074199676514
26.47905707359314
26.81910490989685
28.233606576919556
27.93830132484436
28.10638117790222
27.966874837875366
26.027918577194214
27.805968046188354
25.82633876800537
26.15270447731018
27.628146171569824
26.583335876464844
26.498848915100098
26.063161849975586
26.041659832000732
28.71315836906433
28.606796264648438
25.951622247695923
26.472919940948486
26.294496774673462
26.00371813774109
25.872883081436157
26.31641721725464
26.323490142822266
27.220252990722656
30.135072231292725
26.200551748275757
29.09589695930481
26.9733247756958
26.294281005859375
27.20807981491089
28.32037591934204
26.296696424484253
26.42140817642212
26.72149157524109
27.594926357269287
26.078887224197388
26.530765771865845
26.34218692779541
26.584113836288452
26.36985969543457
26.134431838989258
26.37186884880066
26.69339656829834
26.771783351898193
26.21816897392273
27.957334518432617
27.673932790756226
27.7183358669281
27.574280500411987
28.546177625656128
26.634222269058228
26.01028275489807
26.309479236602783
26.437320232391357
26.20345425605774
25.899885416030884
26.00984525680542
26.055927753448486
28.724924325942993
30.555605173110962
30.841346263885498
26.40915322303772
26.33376979827881
26.985785007476807
26.71387767791748
26.290748357772827
26.030667066574097
26.60086703300476
26.672422647476196
25.97909665107727
25.987825632095337
26.81891393661499
25.964078664779663
26.14680576324463
26.354158878326416
28.51766276359558
26.38589119911194
28.600348234176636
28.76508402824402
26.320677757263184
26.78584909439087
26.398232221603394
26.27859878540039
26.176109790802002
26.18839120864868
26.051678895950317
26.24418354034424
26.87733221054077
27.20956516265869
26.797739267349243
26.72098398208618
26.947072744369507
26.82084894180298
26.874217748641968
26.709959030151367
26.410465955734253
29.556626319885254
28.753100156784058
26.110788106918335
26.716604709625244
26.843265771865845
25.850348472595215
26.385314226150513
27.12153387069702
26.36948823928833
26.35789680480957
26.578715801239014
26.193035364151
25.970556497573853
26.69631004333496
26.999452829360962
28.150442838668823
27.516510248184204
27.165401935577393
25.72438383102417
26.008946895599365
28.562477111816406
30.465896368026733
29.657733917236328
26.38731288909912
25.775086164474487
25.90560221672058
25.96061372756958
26.182998180389404
26.50829243659973
26.166167497634888
28.924141883850098
28.540037393569946
31.546425580978394
31.35417938232422
26.020264387130737
26.072080612182617
26.583742141723633
28.939773559570312
29.238808631896973
28.380268096923828
26.224266529083252
26.082271099090576
27.69857382774353
26.719181060791016
26.047423362731934
27.468060970306396
27.630115032196045
26.12571358680725
26.343495845794678
26.415560722351074
27.086721420288086
27.35279941558838
26.07731819152832
26.143409490585327
26.64900827407837
26.344435453414917
27.083152770996094
26.757326364517212
25.95525574684143
26.412226676940918
27.178967237472534
28.040615558624268
29.624063968658447
26.502553462982178
29.288053035736084
25.71657705307007
26.21900248527527
26.111936330795288
26.507526397705078
26.54733657836914
25.62753391265869
26.316685914993286
25.96209740638733
25.78814697265625
27.0299973487854
26.590596437454224
26.84603786468506
25.968647003173828
26.1765558719635
29.70034170150757
26.663960933685303
25.811572551727295
26.078348636627197
26.26951265335083
26.15847373008728
26.45673704147339
27.30927014350891
26.195619583129883
26.035343170166016
26.12929677963257
26.87791132926941
27.326915740966797
26.07976508140564
27.537376403808594
32.62253522872925
29.97098970413208
32.17504572868347
26.181101322174072
26.067250967025757
26.18561053276062
25.854445457458496
25.847058534622192
26.591620445251465
25.7862606048584
25.862238883972168
26.776215076446533
26.92603302001953
25.972543478012085
26.23522424697876
25.96331548690796
26.46933341026306
26.295915126800537
26.572670459747314
26.088495016098022
25.95365071296692
26.390191555023193
25.705373287200928
26.81324815750122
26.110868453979492
26.89704155921936
26.242635488510132
26.133793354034424
27.216665744781494
26.555168390274048
26.082639932632446
26.923147916793823
26.172794818878174
26.682828903198242
25.880406379699707
27.303657054901123
27.282854795455933
27.30186152458191
25.806854963302612
26.033279180526733
25.867748260498047
26.142045497894287
26.14597725868225
25.778000116348267
25.94759440422058
27.894179582595825
27.93545389175415
26.77478313446045
26.101354837417603
26.93504309654236
26.19065761566162
25.897384643554688
25.99156379699707
25.799870491027832
25.953380346298218
28.09590768814087
27.90999698638916
26.05293035507202
26.427413940429688
25.958965301513672
26.00532555580139
26.38524580001831
26.40773296356201
25.735193252563477
25.865161418914795
25.750396251678467
27.093711376190186
26.061474084854126
27.31456160545349
26.990272283554077
26.227764129638672
28.188865184783936
26.561264991760254
25.908658981323242
27.37088680267334
29.104268074035645
30.42787480354309
30.003384828567505
26.0397527217865
26.849528789520264
26.42503523826599
25.996166944503784
25.750871658325195
25.818507432937622
26.062668085098267
26.807759761810303
26.059423208236694
26.692890167236328
26.91178321838379
27.197569370269775
27.41198229789734
26.403833389282227
26.568437099456787
27.15741801261902
27.648672580718994
28.671924829483032
29.893630504608154
25.755860090255737
26.48887348175049
25.760486602783203
26.010432958602905
26.0402569770813
26.421239137649536
26.398672103881836
25.94370412826538
26.051190614700317
27.47854518890381
27.13638997077942
26.945419788360596
26.65357780456543
26.82483434677124
27.218650102615356
28.04966163635254
25.91515302658081
26.508429527282715
26.1919584274292
26.136124849319458
25.790559768676758
25.902328729629517
26.35061001777649
28.704654932022095
28.13605546951294
25.652061462402344
26.381075859069824
26.605851411819458
26.03084945678711
26.44105863571167
25.920642375946045
25.914900064468384
26.004060983657837
25.97199058532715
26.94399619102478
26.46242117881775
27.349549293518066
26.200600147247314
27.058704376220703
26.524047136306763
26.290557146072388
28.847348928451538
27.860989332199097
28.91645073890686
28.532377004623413
28.693760871887207
26.178033351898193
26.01180934906006
26.29300880432129
25.984261989593506
26.326048135757446
26.043336629867554
25.837382078170776
25.956989765167236
26.397456407546997
26.269906044006348
26.844619035720825
26.173107862472534
27.144731044769287
26.88217830657959
27.609259366989136
27.132256746292114
29.205338716506958
29.554596185684204
26.521345376968384
26.365275621414185
26.137863397598267
25.632947206497192
26.391895055770874
26.018012523651123
27.318028211593628
26.993080615997314
26.7520112991333
26.74767565727234
25.74061679840088
26.112555503845215
25.968461275100708
26.528454542160034
26.176258087158203
25.836459636688232
25.904983043670654
26.15649962425232
27.34431219100952
26.173722505569458
26.306391716003418
27.350684881210327
25.9843487739563
26.844396829605103
25.973815441131592
26.338802337646484
25.815664052963257
26.067676067352295
26.136631727218628
26.097034454345703
26.977463245391846
26.185153245925903
25.793646335601807
26.623321056365967
27.062400102615356
26.799640893936157
28.19699501991272
25.952659130096436
28.14663791656494
28.48731017112732
28.641209363937378
28.76110339164734
26.47756814956665
26.713415384292603
26.16903829574585
26.298017024993896
26.051182508468628
25.938170433044434
26.698037147521973
25.99872136116028
26.48880386352539
26.631336212158203
26.534845113754272
27.03220796585083
26.725553274154663
27.85395312309265
27.313603162765503
27.363743543624878
29.63849115371704
29.89857268333435
26.4289653301239
26.451951026916504
25.558116674423218
26.32474398612976
27.972199201583862
28.450137615203857
25.92110848426819
26.4570894241333
25.712257385253906
25.713948965072632
26.54270839691162
25.82679295539856
26.211743593215942
25.809112071990967
26.315847873687744
26.608684301376343
26.280954599380493
27.123676538467407
27.110410451889038
26.366466283798218
28.34890627861023
25.533453226089478
26.275944232940674
27.970869064331055
27.374762535095215
28.066267490386963
27.72091579437256
25.774183988571167
26.586583375930786
25.990927696228027
25.896667003631592
27.99454426765442
27.78702974319458
26.047511100769043
26.740040063858032
26.317968130111694
25.9401593208313
26.018017292022705
25.960243463516235
27.33262014389038
26.760815858840942
27.974195957183838
30.908775329589844
26.17353105545044
26.290610551834106
26.082176208496094
26.218442678451538
25.918121337890625
25.96433448791504
26.010438919067383
29.39177417755127
28.485113859176636
29.336259603500366
28.11256432533264
26.562747716903687
26.40227746963501
25.97144842147827
26.039366722106934
26.44031834602356
26.082367181777954
25.921061038970947
26.41921305656433
25.927337884902954
26.758016347885132
26.17861008644104
26.955755472183228
27.332947254180908
27.12104082107544
26.482317447662354
25.92034149169922
26.472907543182373
27.76557421684265
26.150985956192017
26.973883867263794
26.06881594657898
26.074671030044556
26.071702003479004
26.106205940246582
25.93961453437805
25.896790266036987
26.21062469482422
26.55036425590515
26.877715826034546
27.241838455200195
26.716217279434204
27.93148636817932
27.63499641418457
28.37019968032837
28.398573637008667
28.107677459716797
26.41177487373352
26.410794973373413
25.942996501922607
26.34561252593994
25.98268723487854
25.854089975357056
26.03020691871643
26.03041982650757
26.241355895996094
25.975097179412842
26.841493129730225
26.95828080177307
26.96893310546875
26.273796796798706
27.464205980300903
28.022180557250977
25.540892362594604
26.351585149765015
26.053019046783447
26.829785108566284
25.944294691085815
27.319374322891235
27.367345809936523
27.984724521636963
27.98832654953003
25.616551637649536
26.8990159034729
26.15504813194275
26.044324159622192
25.85530710220337
25.793222665786743
26.335684776306152
28.483720779418945
28.20766043663025
29.82440447807312
29.82370662689209
25.954883813858032
26.81659460067749
26.009310960769653
25.96320343017578
25.81438183784485
26.106293201446533
25.800084114074707
25.941060304641724
25.83902883529663
26.919986963272095
27.386826515197754
26.235254526138306
26.03066396713257
26.834314107894897
25.977153301239014
26.091171979904175
25.900880575180054
26.08264708518982
26.15652346611023
26.04059600830078
25.941816806793213
26.537074089050293
26.180742740631104
26.409156799316406
26.759111642837524
26.997350692749023
26.22244429588318
27.352909088134766
26.115965127944946
26.602888107299805
26.578020811080933
31.725457906723022
31.972623586654663
25.745152473449707
26.362796783447266
25.967658042907715
25.81562304496765
32.19910001754761
29.96070384979248
26.518107414245605
26.7343430519104
26.013564825057983
25.925012826919556
25.924808979034424
25.93155813217163
25.946935415267944
25.85403299331665
26.332053184509277
27.2631995677948
26.099807024002075
26.55140256881714
26.799860954284668
26.79506826400757
26.570255994796753
29.449206829071045
28.938647270202637
25.915382623672485
26.226994276046753
26.53095006942749
25.480395317077637
26.080878019332886
25.69684100151062
26.08322811126709
28.28219485282898
29.810823917388916
25.993640661239624
26.336097717285156
25.770089387893677
26.03494119644165
26.310061931610107
26.0762882232666
26.10565447807312
26.168642282485962
26.04118585586548
27.29236102104187
26.4213707447052
26.75655460357666
27.497348070144653
26.19246006011963
27.159648895263672
27.179832220077515
25.943303108215332
29.50809955596924
29.04922103881836
27.482390880584717
27.321242094039917
25.970204830169678
26.465659379959106
26.026410818099976
26.50644850730896
26.41410207748413
27.342020750045776
27.66991901397705
27.73688769340515
28.01156711578369
25.90425944328308
26.3695068359375
26.104902744293213
26.33572483062744
25.684526681900024
26.072314500808716
25.695693254470825
26.07031798362732
26.45426321029663
26.258522033691406
26.52441430091858
26.067500591278076
26.363431215286255
26.742133378982544
27.717684507369995
26.912450313568115
26.296754360198975
26.625059843063354
26.896183013916016
28.76046633720398
28.245969772338867
26.322717666625977
26.094332695007324
26.310401678085327
25.785536527633667
25.85574197769165
25.978388786315918
25.84418749809265
26.10438847541809
26.133678436279297
27.14474391937256
28.106628894805908
26.220336198806763
26.309449672698975
26.216209650039673
26.18951725959778
26.598931074142456
26.30336570739746
27.129764795303345
28.113990306854248
25.653346061706543
26.42309260368347
25.824142456054688
26.43645691871643
26.736238718032837
27.20385980606079
26.776895761489868
27.915075063705444
26.251206398010254
26.386295795440674
26.04874610900879
26.448974132537842
25.8772714138031
25.674168825149536
25.92026996612549
25.999519109725952
26.138110876083374
27.3280029296875
26.459468841552734
26.366912841796875
27.107739686965942
26.86877703666687
27.17868661880493
26.121501922607422
26.069629192352295
27.90273118019104
27.902889013290405
26.470695734024048
26.66129493713379
26.74153709411621
26.179824590682983
25.783510208129883
25.6696035861969
25.902865886688232
26.073111057281494
26.037060737609863
25.91182231903076
27.749770641326904
26.200683116912842
26.31561827659607
26.423097372055054
25.76323914527893
25.841268062591553
26.243780851364136
26.757656574249268
26.70018696784973
26.149393796920776
26.338080883026123
26.012420415878296
26.025157690048218
26.65905451774597
26.031477689743042
26.09569525718689
25.829578161239624
25.946985244750977
26.138671159744263
26.372849941253662
27.816936254501343
27.063210487365723
27.035292387008667
25.897706031799316
25.924619674682617
27.60431456565857
27.20111846923828
25.86738085746765
26.349433183670044
26.310859441757202
26.132686138153076
25.731269598007202
26.651272773742676
25.967873096466064
26.57072949409485
26.82798743247986
27.220261335372925
25.93310809135437
25.983914136886597
25.566736936569214
26.822964429855347
26.88409948348999
27.79226565361023
25.72683095932007
26.854223251342773
27.37900733947754
27.118337631225586
26.40924906730652
26.855735778808594
25.972299098968506
26.071277379989624
25.968269109725952
27.676897048950195
27.7407488822937
27.963704347610474
27.970468282699585
26.14920473098755
27.204448223114014
25.99445104598999
25.771449089050293
25.936498165130615
26.788371562957764
25.97013807296753
25.553340435028076
26.501709938049316
26.698365211486816
26.508896589279175
26.696605920791626
26.74691081047058
26.63901996612549
26.730777263641357
28.237033367156982
25.57603645324707
27.750324249267578
27.794177293777466
26.008382081985474
26.394935369491577
25.964638471603394
26.311539888381958
25.92318868637085
25.854087114334106
26.140950918197632
25.875446557998657
26.08132004737854
26.26222324371338
27.826339960098267
27.515379190444946
27.035542249679565
27.04601001739502
26.91480040550232
27.209781408309937
26.196086406707764
29.935202598571777
28.84325861930847
27.565431118011475
27.50819444656372
25.908936023712158
26.56514549255371
26.150068759918213
25.96561098098755
25.78365659713745
26.107885599136353
25.987401247024536
26.32556462287903
25.82540011405945
27.071976900100708
26.103394031524658
27.435161590576172
27.572755098342896
27.20303988456726
27.017974615097046
26.08229160308838
26.940634727478027
25.884461641311646
27.222245693206787
28.86389398574829
28.891115427017212
26.088446378707886
26.243779182434082
25.96460509300232
26.06522512435913
26.561312913894653
25.724376440048218
26.074622631072998
25.699755668640137
26.460394859313965
27.056252002716064
26.931224822998047
27.559597969055176
27.349819898605347
26.870422840118408
26.038341760635376
27.473441123962402
30.44260287284851
30.0675950050354
25.791444540023804
26.508777856826782
26.536552906036377
26.216779708862305
26.497674465179443
26.14392876625061
26.438735246658325
26.750185012817383
26.106544971466064
25.93651032447815
26.896772146224976
27.584969758987427
26.877927780151367
26.922035694122314
26.461079120635986
27.228301525115967
27.57905864715576
27.4069766998291
26.032314777374268
26.84363603591919
26.04492688179016
25.83673596382141
26.09274935722351
26.358150959014893
25.790872812271118
26.32411003112793
26.202980041503906
26.344964027404785
26.83906626701355
26.89996075630188
26.704216957092285
26.848793506622314
28.247069597244263
26.465349435806274
25.969940423965454
29.101832628250122
29.093255758285522
26.076831817626953
26.47530722618103
26.27965998649597
26.61448359489441
26.46878743171692
26.14100694656372
26.295794010162354
26.199951887130737
25.926559686660767
26.285229682922363
27.44888186454773
26.866897106170654
27.254040956497192
27.385560750961304
28.044376611709595
28.017959117889404
28.182167291641235
29.824090003967285
26.03156018257141
26.91684889793396
26.107890367507935
26.033035039901733
25.986104249954224
26.355957508087158
26.14489245414734
25.982744216918945
25.995277166366577
26.81240153312683
26.668407440185547
27.086098194122314
26.574848413467407
26.58734703063965
27.199240922927856
27.160344123840332
26.18389654159546
27.173816919326782
27.554129600524902
27.778674364089966
25.971364498138428
26.38777470588684
26.07236647605896
26.18960452079773
25.684019804000854
26.48734402656555
25.931857109069824
26.108243227005005
27.791677474975586
28.537023782730103
25.88424253463745
26.206509113311768
25.93277382850647
26.193115234375
26.68382978439331
25.96699571609497
26.141844272613525
25.650505542755127
26.094124794006348
26.033940076828003
27.04520082473755
27.17125630378723
26.949697732925415
26.531311988830566
26.328298807144165
25.92450523376465
26.322580337524414
26.834558963775635
26.783334255218506
25.952380418777466
26.42638850212097
25.887619256973267
25.787198543548584
26.049684286117554
25.739781379699707
26.368256092071533
26.073429346084595
25.806225538253784
26.878130197525024
26.48849391937256
26.922165632247925
26.438465356826782
27.16602396965027
26.324909210205078
27.653402090072632
26.743918657302856
28.993119716644287
28.79557728767395
26.407742977142334
26.226490020751953
26.096956491470337
25.940398454666138
25.890767335891724
25.8110032081604
26.012279510498047
25.861159324645996
26.221856594085693
26.501823663711548
26.904369115829468
27.41841745376587
27.058961391448975
26.066758155822754
26.592829942703247
27.312290906906128
25.93945288658142
26.281477689743042
26.395390510559082
25.880343198776245
27.378002405166626
27.425586700439453
25.987508058547974
26.496036767959595
25.913077354431152
25.66870665550232
26.534480094909668
26.169735431671143
26.040379762649536
25.69843077659607
25.994592905044556
26.042559385299683
26.569274425506592
26.87720489501953
26.59334373474121
26.659164667129517
26.83782196044922
26.760390043258667
26.918737649917603
26.80547523498535
26.440361261367798
27.05930995941162
26.3491108417511
25.80550718307495
25.97670292854309
26.44160223007202
26.803802967071533
26.560163021087646
25.887766122817993
25.812235355377197
26.170597076416016
27.239628791809082
27.114975929260254
26.491039752960205
26.06082820892334
27.76181387901306
27.57477641105652
26.160396099090576
26.510520219802856
25.84025549888611
25.94115424156189
26.10687017440796
25.797648429870605
26.39608931541443
25.866524696350098
25.87438201904297
26.96697425842285
26.210367679595947
26.87239098548889
26.866007089614868
26.47112011909485
26.672778129577637
27.027778148651123
26.1098370552063
28.98685908317566
28.36996364593506
26.26055645942688
26.77931022644043
26.434273958206177
26.071859121322632
25.695438385009766
25.886801719665527
26.64153265953064
25.95469069480896
26.0159969329834
26.60342788696289
26.283883571624756
27.164639711380005
26.76245880126953
27.10663414001465
26.50586485862732
28.346174955368042
25.715820789337158
26.23978590965271
27.89646863937378
26.191554307937622
26.324835777282715
25.996296644210815
26.15852689743042
26.12822699546814
25.930458545684814
25.942830085754395
26.419052600860596
26.0460205078125
26.155689477920532
26.82225775718689
27.256815195083618
26.39249348640442
27.100097179412842
27.97811770439148
26.06502890586853
27.943485021591187
26.71638798713684
26.591758966445923
25.940757036209106
26.42641854286194
26.039371252059937
26.13095712661743
25.97709345817566
26.01033329963684
26.159408807754517
26.75852632522583
25.870851755142212
26.90514850616455
26.45264220237732
27.198951721191406
26.92881178855896
26.57075047492981
27.81596803665161
26.22055745124817
26.82964301109314
26.897096395492554
26.175689697265625
26.125048637390137
25.882697105407715
26.037286281585693
26.03488850593567
25.880556106567383
25.677765369415283
25.91000008583069
26.129084587097168
26.269118785858154
26.587562561035156
27.152286767959595
26.378398418426514
26.87774133682251
27.05051875114441
26.123871326446533
27.60617232322693
28.41710138320923
26.48468828201294
26.451529502868652
26.742582082748413
26.40082049369812
25.880776166915894
25.8531014919281
26.11078119277954
26.079299926757812
26.09534764289856
26.11003088951111
27.112241744995117
27.022672653198242
26.803849697113037
26.73156976699829
26.60075068473816
27.333811044692993
27.385286569595337
25.985793113708496
26.48296046257019
26.105123281478882
25.912866830825806
25.98241877555847
26.260094165802002
25.940101861953735
25.87772822380066
26.06062078475952
26.545351266860962
27.0673189163208
26.465418815612793
27.324764490127563
26.141406774520874
26.589470148086548
27.683794021606445
26.018935203552246
27.24104380607605
27.46864604949951
29.46945333480835
29.601316213607788
25.842021226882935
26.574774980545044
26.377355098724365
26.378889799118042
26.485159873962402
26.16219735145569
26.392431020736694
25.763879537582397
26.695372343063354
26.067469835281372
27.592081308364868
26.64325523376465
26.628236532211304
26.121334314346313
26.367701292037964
26.934466123580933
26.386982679367065
26.663677215576172
27.239349603652954
26.90510892868042
25.82408595085144
26.522687673568726
25.986578464508057
26.068702459335327
26.043095588684082
26.022964000701904
25.991838216781616
26.164921522140503
26.24901843070984
27.098843097686768
26.247472286224365
26.829076051712036
26.426358222961426
26.30425477027893
26.169188499450684
26.50698494911194
27.64882779121399
28.06277322769165
26.281582355499268
26.132278442382812
26.32118034362793
25.64714765548706
25.986817836761475
25.744980812072754
26.07587504386902
26.407694339752197
26.03677725791931
26.12182116508484
26.05613660812378
26.585383892059326
26.918304443359375
26.25508737564087
26.47996759414673
26.810518264770508
27.605720043182373
26.08333683013916
26.522477626800537
27.13296389579773
26.82000184059143
26.087022066116333
26.869724988937378
25.96937322616577
26.990242958068848
26.01548981666565
25.90665102005005
26.0607750415802
25.748396158218384
26.282145977020264
25.936976671218872
27.00139856338501
26.67917537689209
26.383114337921143
26.642047882080078
28.12371325492859
26.02076816558838
26.45848774909973
26.76089096069336
25.967601537704468
25.903697729110718
26.93186664581299
26.350100994110107
26.85150909423828
26.0306875705719
25.93020486831665
26.128566026687622
26.41582942008972
26.414532899856567
25.995677709579468
25.88050413131714
25.996280908584595
26.597238302230835
26.24724841117859
26.645243883132935
27.10846209526062
26.851569414138794
27.130871295928955
25.870319843292236
25.72933578491211
25.81564998626709
26.477407217025757
28.21231985092163
29.200742721557617
25.832748889923096
26.43862295150757
26.34482169151306
25.998984813690186
25.893771171569824
26.52041006088257
25.803154706954956
26.136303901672363
28.978729248046875
26.879111528396606
27.083109855651855
26.518434047698975
27.104664087295532
27.120731830596924
29.16452383995056
26.1471049785614
26.421019077301025
26.057350397109985
26.071440935134888
26.01932168006897
26.31352996826172
26.145512104034424
26.01223874092102
26.123391151428223
25.929859399795532
27.071367740631104
26.408673763275146
28.57811427116394
26.244825839996338
26.76946759223938
26.40415620803833
27.117579698562622
28.891382932662964
28.47709321975708
26.254229307174683
26.55530285835266
26.262573957443237
26.106170177459717
26.359423637390137
26.029069662094116
26.005263090133667
25.900622367858887
26.68541669845581
26.794257640838623
28.30603551864624
27.202506065368652
26.085172176361084
26.591447353363037
26.916499376296997
26.964611291885376
27.339773893356323
25.6186785697937
28.242546558380127
27.59948444366455
29.735937118530273
29.604000091552734
26.633898735046387
26.374068021774292
25.84395933151245
26.526075839996338
26.550667762756348
26.103419542312622
26.129247188568115
26.0892231464386
25.73940658569336
26.155760765075684
26.9626202583313
26.993049383163452
26.920262813568115
26.73744297027588
26.52273654937744
26.146793603897095
26.24789071083069
27.08532738685608
26.998515129089355
26.778008460998535
26.788107872009277
26.05247211456299
26.41792321205139
25.68113684654236
26.461616039276123
25.929818153381348
25.93757939338684
25.95895528793335
25.958035469055176
26.237778902053833
26.936832427978516
26.88107442855835
27.11792826652527
26.87267565727234
27.178505420684814
27.58660626411438
25.8132483959198
26.551814794540405
28.016547918319702
27.929229736328125
25.65217089653015
26.73251962661743
26.21343493461609
26.221906661987305
26.278392553329468
26.116880893707275
25.881454944610596
25.958959102630615
26.639434337615967
26.67119812965393
26.753495931625366
26.964461088180542
26.34487557411194
26.6495943069458
26.330955743789673
26.180241346359253
26.206043481826782
26.950634002685547
26.822010278701782
26.613057374954224
26.042574644088745
26.681262016296387
26.55440926551819
26.265531063079834
25.641202926635742
25.95308804512024
25.779146194458008
26.11433172225952
26.033334016799927
26.588321208953857
26.54530668258667
27.08098316192627
27.13577890396118
27.6958065032959
27.703537702560425
26.08513879776001
26.126522541046143
26.53681516647339
26.36586570739746
26.000977516174316
26.878501892089844
26.20565915107727
26.40718412399292
25.849947929382324
26.04165291786194
25.912606954574585
25.71412205696106
26.050928115844727
26.13015913963318
25.81834602355957
26.844815731048584
26.595396995544434
26.59207797050476
28.29019832611084
27.248186349868774
26.910158395767212
27.930700063705444
25.8123619556427
28.203064918518066
28.679375171661377
26.22091031074524
25.928301334381104
25.79465079307556
25.84730362892151
25.910430908203125
25.622576236724854
25.84433627128601
26.577372312545776
26.02573537826538
26.547370195388794
26.265992164611816
28.307905197143555
26.48116397857666
28.136380910873413
28.546410083770752
25.836482763290405
25.96987247467041
26.47563600540161
26.39895749092102
26.791744709014893
26.05796504020691
25.820650815963745
26.54172372817993
25.87868857383728
26.02494525909424
25.752549648284912
27.690452337265015
26.721818208694458
27.063436031341553
27.126082181930542
26.447663068771362
27.139163970947266
28.590491771697998
27.67112636566162
28.170624494552612
27.096540451049805
27.23176598548889
25.85728120803833
26.5479097366333
25.960639476776123
26.463027000427246
26.071330785751343
25.973163604736328
26.32550621032715
25.971799612045288
25.832130193710327
26.154632091522217
26.766812801361084
27.40723729133606
27.311623334884644
26.015588760375977
27.35998845100403
25.88528800010681
26.768342971801758
26.650084257125854
26.045318365097046
26.844233989715576
25.825237274169922
26.065175771713257
27.106182098388672
25.985523462295532
26.633981943130493
26.038568019866943
26.10015559196472
26.558839321136475
27.260034322738647
26.946474313735962
26.86333990097046
26.310361862182617
27.178970336914062
26.437007904052734
26.078155040740967
25.83401346206665
26.338785886764526
25.746572494506836
26.23196315765381
25.979092359542847
25.921332597732544
25.918713331222534
25.809149026870728
25.661875009536743
26.12355327606201
26.87747359275818
27.28194260597229
26.517908334732056
29.795607566833496
27.28013515472412
27.336894989013672
29.79066252708435
30.339508771896362
26.415145874023438
26.597310304641724
26.073785066604614
25.892006874084473
26.11904263496399
25.908282041549683
26.481908559799194
25.786186933517456
25.80339026451111
26.685155153274536
25.995915174484253
25.976562976837158
26.728912591934204
27.09481143951416
27.051414251327515
26.879796028137207
26.13796091079712
26.284037828445435
26.715373277664185
29.834463834762573
29.808018922805786
26.398540258407593
26.473921298980713
25.811418533325195
26.48663854598999
25.791810750961304
25.98623514175415
26.921872854232788
26.264718532562256
26.00251865386963
26.84880495071411
26.17602801322937
26.846717834472656
27.48122477531433
26.411155939102173
27.043230056762695
26.763750314712524
26.060574054718018
27.161755323410034
27.59157133102417
26.2265145778656
26.004673957824707
26.159467220306396
26.638270139694214
25.89669966697693
26.111846208572388
26.114750623703003
26.435893774032593
26.46112060546875
27.261576175689697
27.47073531150818
26.36080265045166
27.480827808380127
25.8775691986084
26.71374273300171
27.06104803085327
25.81122612953186
26.047226667404175
26.168627977371216
26.515824794769287
26.0381076335907
25.988919973373413
26.4051570892334
26.15925908088684
26.54743719100952
27.012627124786377
27.21436905860901
26.308255434036255
27.16759967803955
26.367199897766113
26.006959915161133
26.095154285430908
27.438601970672607
27.545379161834717
25.999181985855103
25.874849557876587
26.00766086578369
26.575154304504395
26.269554138183594
25.96265411376953
25.916322469711304
26.075778484344482
26.875030755996704
26.80567765235901
26.348415851593018
26.60043168067932
26.899303436279297
26.27342653274536
26.533128261566162
27.031651258468628
26.03122115135193
26.516853094100952
26.173080921173096
26.52375626564026
26.58825397491455
25.616955280303955
26.49239706993103
26.252920866012573
26.008994579315186
25.927245616912842
25.684844493865967
26.088242530822754
25.762704372406006
26.018367290496826
26.503113269805908
26.793684244155884
26.844297885894775
26.317039728164673
26.680599212646484
28.102693557739258
25.76327085494995
26.234535932540894
27.36687994003296
26.61863088607788
25.992766618728638
26.046234846115112
26.368382453918457
26.143550395965576
26.570263385772705
26.073742866516113
26.185303211212158
26.408724069595337
26.267125129699707
26.557767868041992
26.594874382019043
28.185999631881714
27.141043186187744
26.469879150390625
28.673081874847412
25.951653003692627
25.927523851394653
26.36491060256958
27.849358558654785
28.865516662597656
25.885470628738403
26.300309658050537
25.90194320678711
25.994750499725342
25.56451940536499
26.219008445739746
26.029913187026978
25.774460315704346
25.782052516937256
26.081642627716064
28.20151448249817
26.829381465911865
27.13686227798462
27.172441720962524
26.87862992286682
28.043086290359497
27.941049337387085
27.342777729034424
26.33152198791504
25.793375253677368
25.804444789886475
26.189821481704712
25.95962619781494
26.532391786575317
26.284232139587402
26.777710914611816
27.551350355148315
26.824764490127563
26.56221318244934
27.095929384231567
26.459861278533936
27.052347898483276
26.317034244537354
26.494264841079712
26.08232879638672
28.04030132293701
27.71034336090088
26.092236757278442
26.45173454284668
26.046294689178467
26.335621118545532
26.028355598449707
26.21117401123047
25.885595560073853
26.0471932888031
26.167871952056885
26.85220694541931
26.880918741226196
26.960740566253662
27.482116222381592
26.50670599937439
27.097461223602295
26.42463493347168
26.47873067855835
27.173477172851562
26.50193977355957
27.36221718788147
28.048943996429443
26.14128875732422
26.06771492958069
25.845032691955566
25.656172037124634
25.665488481521606
25.83429193496704
26.379276275634766
26.115303993225098
26.048651456832886
26.017194032669067
26.56309413909912
26.951913118362427
27.084620475769043
26.186116218566895
27.27401566505432
28.252090215682983
25.918533325195312
25.961143255233765
26.49360966682434
29.76084589958191
29.827157258987427
27.901482343673706
27.866929531097412
26.240105867385864
26.286900281906128
25.495863437652588
26.593158960342407
25.884479761123657
25.931896209716797
27.20284867286682
27.167551279067993
26.000425100326538
26.077587604522705
25.820311784744263
26.220033407211304
26.216229677200317
27.07662034034729
26.66507339477539
26.331789016723633
26.111434936523438
26.327870845794678
25.738336324691772
25.68961215019226
25.720569610595703
25.977649688720703
25.916102170944214
25.640444040298462
26.630991220474243
26.511378288269043
27.252692937850952
27.219503164291382
27.239391326904297
26.600057363510132
27.497381448745728
26.97024703025818
25.742851734161377
26.062458276748657
26.21595335006714
25.60191059112549
28.27547311782837
28.54491949081421
25.957584381103516
26.397271394729614
26.11151146888733
25.999778270721436
25.864938259124756
26.04134202003479
26.085543394088745
25.75908398628235
25.687554597854614
26.841129064559937
26.25413417816162
26.9493408203125
26.926931858062744
26.42166042327881
27.370256900787354
27.657158374786377
26.809165716171265
26.29435968399048
26.243265867233276
26.15963077545166
27.165359497070312
28.15552282333374
26.620676279067993
26.66132402420044
26.09050154685974
26.371419429779053
26.282084226608276
25.8416645526886
26.23491644859314
25.85870599746704
26.148484706878662
26.435956478118896
26.664881229400635
26.153186082839966
26.617917776107788
26.78657603263855
27.165703058242798
26.474632263183594
28.659251928329468
26.136104106903076
25.958576917648315
26.92276620864868
27.016743183135986
26.932127952575684
26.62517285346985
26.27726721763611
26.00931739807129
26.45054054260254
26.19173789024353
26.214123249053955
25.762330055236816
26.134348154067993
25.68746829032898
26.610220193862915
26.20964789390564
26.597980737686157
27.037840127944946
26.829678773880005
26.619049787521362
26.68134331703186
26.056882619857788
26.10961413383484
25.98318862915039
26.248631715774536
26.220285177230835
26.317371606826782
26.39408540725708
25.88440704345703
26.042354106903076
25.74536657333374
27.7439603805542
27.763216733932495
26.088961362838745
26.57320499420166
25.81284475326538
26.078357458114624
26.444801092147827
26.16225790977478
25.942570686340332
25.99703884124756
25.845705032348633
26.366583347320557
26.639118909835815
27.202956914901733
27.624191999435425
26.35182523727417
26.237380266189575
25.920797109603882
26.415257930755615
26.54706311225891
26.202719688415527
26.16631555557251
26.29600429534912
26.145984411239624
25.8442223072052
26.341757774353027
25.94141983985901
25.898108959197998
26.17124342918396
26.239264488220215
26.10879158973694
26.56620979309082
27.444080591201782
26.2710177898407
26.50884747505188
27.141606092453003
26.85696816444397
27.26155400276184
27.23064374923706
26.62151527404785
26.3897705078125
25.732041358947754
26.526668787002563
26.318803071975708
26.359009265899658
25.874988079071045
26.11213994026184
26.029780626296997
26.44140934944153
25.995373249053955
26.28056812286377
27.127647399902344
26.71269392967224
26.485318660736084
28.334566116333008
25.994553565979004
26.899003982543945
26.40061092376709
26.09378218650818
25.622017860412598
26.19890022277832
26.041072368621826
26.113372325897217
26.080074071884155
26.058424472808838
25.971933841705322
26.18757128715515
26.382542610168457
25.868555784225464
27.409812211990356
27.023738145828247
26.860279083251953
26.901941776275635
27.40515446662903
26.13318920135498
28.057133197784424
27.669740438461304
28.006418466567993
27.187682390213013
25.752970695495605
26.0448579788208
25.7943172454834
25.717374801635742
25.897756814956665
26.176491022109985
26.93230676651001
26.113945960998535
26.72386121749878
26.83487892150879
26.828639268875122
26.57951545715332
27.509568691253662
26.896364450454712
26.040843963623047
26.54904842376709
26.3866708278656
26.377790451049805
26.127842664718628
26.568318128585815
25.853933811187744
25.847657918930054
25.97649049758911
25.62870478630066
25.959432363510132
26.275307416915894
26.774020433425903
26.83851671218872
26.183154582977295
26.52983570098877
27.73459219932556
26.616626977920532
27.71788477897644
26.957027673721313
26.24526023864746
26.699960231781006
25.782123565673828
26.187015533447266
26.17318058013916
25.818699598312378
26.509100675582886
25.784259557724
25.844386100769043
26.301228761672974
26.172123908996582
26.06379747390747
26.737316131591797
27.361742734909058
27.859562158584595
26.82954716682434
27.829490423202515
27.489152908325195
26.082574129104614
29.654502391815186
29.8165762424469
27.453980922698975
29.768141746520996
25.750013828277588
26.43263292312622
26.562678575515747
25.96707534790039
26.673309087753296
25.835780143737793
26.51344132423401
25.787097930908203
26.11523938179016
27.53487277030945
26.892810106277466
27.328649759292603
26.89328145980835
26.93409299850464
26.289339542388916
27.068159818649292
28.249614000320435
28.24442481994629
29.885228157043457
26.06980800628662
26.408668041229248
26.152928352355957
26.22731041908264
25.81688904762268
25.955331802368164
26.065994024276733
25.9864661693573
25.861936807632446
26.040480136871338
27.053680419921875
27.2979679107666
26.172219038009644
27.07568669319153
27.68868923187256
26.110523223876953
26.813565015792847
26.4490807056427
26.844018697738647
29.527493238449097
29.252734422683716
26.002085208892822
26.467738151550293
25.68007206916809
26.097068309783936
26.248074054718018
26.178521633148193
26.13679027557373
26.60254693031311
26.003286361694336
26.971057653427124
26.306743144989014
26.590224742889404
26.810880422592163
26.326156854629517
26.432088613510132
27.394189596176147
27.02199363708496
26.213446140289307
26.21140146255493
26.82431650161743
26.10711693763733
25.867396593093872
26.21019172668457
26.152117252349854
26.327897310256958
25.905516386032104
25.94093656539917
26.3482882976532
26.158190965652466
26.50699758529663
27.401229858398438
26.707958698272705
26.91203022003174
25.82911252975464
26.447776317596436
26.457555532455444
26.01349449157715
26.042259454727173
25.879992723464966
26.53812551498413
26.365293979644775
26.480034351348877
26.810369968414307
26.25652766227722
28.765316486358643
25.772974014282227
26.63837242126465
26.46247386932373
26.335276126861572
26.43295931816101
26.447370290756226
26.115652084350586
26.977730989456177
26.54099202156067
25.954564809799194
26.017157554626465
26.183884620666504
26.69396209716797
26.510159492492676
26.941851139068604
26.850709199905396
26.43778944015503
27.815749645233154
25.956631183624268
26.063156127929688
25.86805248260498
25.793971061706543
26.139935970306396
26.593751192092896
26.313870191574097
25.7910795211792
26.081710815429688
26.259865045547485
26.425700902938843
26.069218158721924
26.563494443893433
27.16558265686035
26.356690168380737
26.591009616851807
26.010838270187378
26.210693359375
26.2311532497406
25.83334994316101
25.744243383407593
25.53281331062317
25.98863911628723
25.846180200576782
25.597716331481934
26.763542652130127
26.643574714660645
26.047289609909058
27.314886808395386
28.534367084503174
26.43763041496277
25.742276191711426
26.216053009033203
25.76460289955139
25.83466911315918
25.99856734275818
25.96851110458374
27.083894968032837
26.913927793502808
26.97049069404602
26.358296632766724
27.8613703250885
26.38207769393921
26.348556756973267
26.221022605895996
26.5695960521698
26.06511878967285
26.14456343650818
25.890308380126953
25.89053964614868
26.523014783859253
26.251631498336792
26.285675287246704
26.22793197631836
27.104390382766724
27.00772476196289
26.556373596191406
28.20757007598877
26.069268941879272
26.415534019470215
26.365853309631348
26.107548236846924
26.44224524497986
26.4760320186615
26.127205848693848
25.790956258773804
26.599440813064575
26.459108591079712
26.046212673187256
26.873531341552734
26.397037506103516
26.58555293083191
26.662001848220825
26.000292778015137
25.935207843780518
26.137852668762207
25.673469066619873
25.57941174507141
26.419538974761963
26.099828243255615
25.788588285446167
26.479135990142822
25.976507663726807
26.37158989906311
26.899956464767456
26.731497049331665
26.598028421401978
26.866620302200317
26.665127992630005
27.695419549942017
25.882407188415527
26.020148992538452
26.397345542907715
25.895586252212524
26.233931303024292
26.441055059432983
25.630178928375244
25.907323360443115
25.813321828842163
26.138179302215576
26.91436767578125
26.246477603912354
26.972776412963867
26.918967962265015
27.349363327026367
26.256572008132935
27.79949402809143
26.250504732131958
26.171424865722656
26.280420541763306
26.28806185722351
25.71769118309021
26.19571614265442
26.77842617034912
25.83802032470703
26.037681102752686
26.264004945755005
25.98567795753479
26.15491247177124
26.785465002059937
26.287877321243286
26.935887575149536
26.963351011276245
26.49540901184082
28.300480127334595
25.985342741012573
25.53781819343567
25.92120385169983
26.477949380874634
25.88586115837097
26.645962953567505
26.690772771835327
26.02672052383423
25.924314975738525
26.250316619873047
25.89714002609253
26.127784252166748
27.059273958206177
26.766408443450928
26.79942226409912
26.583653926849365
28.136982679367065
26.095064401626587
26.74825930595398
26.130182027816772
25.965425491333008
25.97235918045044
26.01405119895935
26.34908390045166
26.074925661087036
25.972269535064697
25.885156393051147
26.027498245239258
26.30894184112549
26.21623945236206
26.8154513835907
27.44420289993286
26.443442344665527
26.775532722473145
26.9306800365448
26.949424982070923
27.969999313354492
27.725008726119995
25.64850950241089
26.484036207199097
26.26598048210144
26.037182807922363
26.041521072387695
25.61966061592102
26.115293264389038
26.041351079940796
25.985087394714355
26.801676988601685
26.4605131149292
27.05713176727295
27.047605752944946
26.601381063461304
28.239119291305542
26.086681127548218
26.73171830177307
25.99869155883789
26.964483499526978
25.859525442123413
26.229664087295532
25.803531408309937
26.47332453727722
26.062036991119385
26.079456090927124
26.2805917263031
26.522371768951416
26.135695934295654
26.43385338783264
26.74529767036438
26.90712285041809
26.24430751800537
26.185031175613403
27.03820490837097
25.827051401138306
26.1571204662323
25.910475730895996
27.04291558265686
25.7393901348114
26.384536266326904
26.259976625442505
25.942237615585327
25.97605848312378
26.09499192237854
26.502153635025024
25.90553641319275
26.282902717590332
27.216719388961792
27.01144528388977
26.81754994392395
26.570281505584717
26.48147702217102
28.06803059577942
25.70977520942688
27.32428216934204
26.51609516143799
28.68946385383606
29.044363021850586
26.172231912612915
25.746948719024658
26.05905294418335
26.096832990646362
26.38509488105774
26.46153426170349
26.411744832992554
26.060138463974
26.763870000839233
26.054647207260132
27.675282955169678
26.557666778564453
28.6726713180542
27.751144409179688
26.23905634880066
26.49988842010498
26.60974383354187
28.636637210845947
27.68182897567749
27.5583758354187
26.031625986099243
26.254321098327637
26.021642208099365
25.686214208602905
26.042964696884155
25.750128984451294
25.82854676246643
25.81276798248291
25.95676851272583
26.49901533126831
27.491955280303955
27.426761150360107
27.275493621826172
26.749377965927124
26.651302576065063
26.937158823013306
26.086334943771362
26.560861825942993
26.532376766204834
27.394726037979126
27.768102645874023
25.983142852783203
26.391886711120605
25.76400089263916
26.30309796333313
26.003869771957397
26.173085689544678
26.070273637771606
26.104543209075928
25.740065574645996
26.28092122077942
26.848170042037964
26.96162509918213
26.535086154937744
26.991239309310913
26.33388924598694
27.283703804016113
26.19722318649292
26.220932245254517
29.963817834854126
30.48664355278015
26.35130262374878
26.613066911697388
26.086113929748535
27.172250986099243
26.21967101097107
25.988487005233765
25.97321081161499
25.86441969871521
25.869222164154053
26.299979209899902
27.12580442428589
27.081119060516357
26.91054058074951
27.202675104141235
27.078949689865112
28.115567922592163
26.259186506271362
26.27425789833069
28.22175931930542
28.000422954559326
26.02622151374817
26.596715688705444
26.72873854637146
26.02029824256897
26.295618295669556
26.188162088394165
26.07233190536499
26.462164878845215
26.194212436676025
26.507943391799927
26.149734497070312
26.30457067489624
26.24149465560913
26.51860499382019
26.28787326812744
30.75196933746338
30.76894187927246
25.789395809173584
26.29054617881775
25.886518239974976
26.146632194519043
27.718165397644043
25.842685222625732
26.236082792282104
25.934330940246582
25.860309839248657
25.889742374420166
26.235292673110962
26.6991548538208
26.43608808517456
25.76755404472351
28.612587690353394
29.931581497192383
25.968443155288696
26.560565948486328
26.234312295913696
26.022302627563477
26.41973853111267
26.068182706832886
26.091726303100586
25.79567837715149
26.361265659332275
26.13338327407837
26.599143266677856
26.780835151672363
26.467044830322266
27.339335918426514
26.473840713500977
27.453187227249146
26.901453018188477
25.93841552734375
26.39195942878723
26.44063639640808
29.119992971420288
28.9310622215271
26.82868266105652
25.948789358139038
26.10874032974243
25.841262817382812
25.93568706512451
25.974186658859253
26.302135467529297
26.372149229049683
26.23749351501465
26.417625188827515
26.60741376876831
25.911949157714844
28.275915384292603
28.354466915130615
25.80673122406006
26.50324273109436
26.032775163650513
25.83716368675232
25.884629487991333
26.139137983322144
25.941951751708984
26.23655343055725
25.72957444190979
25.900683879852295
27.358256816864014
26.070317268371582
27.05678915977478
28.497029066085815
26.086241960525513
26.19117784500122
25.907176733016968
26.138461112976074
26.46824288368225
26.587172031402588
27.64013671875
27.595629930496216
26.05240297317505
26.520613431930542
25.68917202949524
26.21740412712097
25.994627237319946
28.32149600982666
25.677816152572632
26.13611125946045
26.194949865341187
26.251903295516968
26.78639006614685
26.85919165611267
26.878638982772827
26.37828230857849
27.33561110496521
25.72971510887146
26.568482398986816
26.110608100891113
26.37875509262085
26.08349108695984
26.46551775932312
26.141237020492554
25.694674015045166
26.07687211036682
26.3173406124115
25.701961994171143
26.077616453170776
25.86341691017151
26.06623101234436
26.164702892303467
27.358486890792847
26.83533239364624
27.596045970916748
27.844412565231323
25.937147617340088
26.174312114715576
26.02105736732483
26.23008108139038
26.379732131958008
25.9456787109375
26.101175546646118
25.980772495269775
26.06053924560547
26.23714303970337
26.251688718795776
27.32020926475525
25.90237855911255
26.863529920578003
26.358952283859253
26.82835364341736
26.051260948181152
27.155710220336914
26.823434114456177
26.47553563117981
26.08507990837097
26.216848611831665
26.068542003631592
26.085198402404785
26.21899151802063
26.392994165420532
26.06677508354187
26.081024169921875
25.75709557533264
26.197038173675537
26.860809564590454
26.31569814682007
26.927732944488525
28.768989324569702
26.07881236076355
28.0394287109375
26.22218918800354
26.202693939208984
26.845799207687378
26.726303100585938
25.866777181625366
26.13704538345337
25.85875129699707
26.198373079299927
26.585719347000122
26.229249954223633
27.89095902442932
26.551034688949585
27.493072986602783
27.28191065788269
26.238966464996338
25.93626308441162
25.95544719696045
25.83197569847107
25.97184729576111
25.642682790756226
26.013495683670044
26.002748250961304
25.79577374458313
26.02013063430786
25.802268266677856
26.63173007965088
27.044275760650635
26.19150471687317
26.773113489151
27.255508184432983
25.804012537002563
26.456169366836548
26.008806228637695
27.25526261329651
26.48457431793213
26.429587364196777
25.96698307991028
26.281084537506104
26.06275963783264
26.09381413459778
26.0459144115448
26.152581691741943
26.66391110420227
27.084795475006104
26.91031312942505
26.899474382400513
26.951247692108154
26.69586730003357
26.626627445220947
25.848142623901367
26.422297954559326
26.199778079986572
25.99816393852234
25.927271842956543
25.996017932891846
26.050813913345337
26.368677139282227
25.908167362213135
26.09940004348755
26.316958904266357
27.13823103904724
26.516815662384033
27.609878540039062
27.077265977859497
26.57636570930481
26.064881563186646
26.013997077941895
26.403457403182983
26.207523822784424
28.73557758331299
29.86398696899414
25.685475826263428
26.28970766067505
26.043182134628296
26.140611171722412
26.927649974822998
25.81826138496399
25.786669969558716
26.40625524520874
27.01610231399536
26.94782519340515
26.286831378936768
28.038063764572144
26.080549478530884
26.502145528793335
26.319976806640625
26.58900213241577
25.922995805740356
26.024072408676147
25.796496391296387
25.96492314338684
26.37986993789673
26.926559925079346
26.704920053482056
27.795835733413696
27.006555557250977
26.66153883934021
27.309500694274902
25.937920093536377
25.756190061569214
29.469921112060547
29.349927186965942
25.828311443328857
26.054131984710693
25.971911668777466
26.012044191360474
26.48588991165161
25.808944940567017
26.025301456451416
26.16495418548584
25.954577207565308
26.221513032913208
26.41150403022766
26.92891573905945
27.3974449634552
26.256094932556152
26.859442472457886
26.18077063560486
28.96523094177246
28.659987926483154
26.003331661224365
26.762383460998535
26.053446531295776
25.855660676956177
25.71563172340393
26.018542051315308
26.653842210769653
26.300000190734863
26.69813823699951
27.190794229507446
26.378915548324585
26.688578844070435
26.546255111694336
25.759398937225342
26.115205764770508
28.50504231452942
28.500446557998657
26.214754581451416
26.817857027053833
26.04146385192871
25.948419332504272
25.938054084777832
25.8928005695343
25.779422998428345
26.410254955291748
25.925976514816284
25.939486742019653
27.07953715324402
26.813817501068115
27.20528793334961
26.73505401611328
27.609729051589966
25.92759943008423
25.8441960811615
25.963685512542725
26.62908124923706
26.04668116569519
26.554800033569336
25.84627103805542
25.82092571258545
25.688976287841797
26.265332460403442
26.15324831008911
26.431543111801147
26.019127368927002
26.677107572555542
26.113466501235962
27.41239595413208
26.967823028564453
27.340385675430298
26.365897178649902
26.512834310531616
25.72725749015808
26.306241512298584
29.84259533882141
29.47371768951416
26.258779764175415
26.051000118255615
26.157219409942627
26.62911343574524
25.911023139953613
25.714235067367554
26.04068398475647
26.6396644115448
25.8446786403656
27.876473665237427
26.080280780792236
26.144623041152954
27.19061779975891
26.889055013656616
27.673991441726685
26.259286165237427
26.407264709472656
27.776780366897583
27.57207989692688
26.821789741516113
27.06371307373047
26.74072003364563
26.47505021095276
25.79657506942749
25.948467254638672
25.82021737098694
26.068635940551758
25.90316867828369
25.895912885665894
27.005563259124756
26.778192043304443
26.821237325668335
27.203478813171387
26.139928102493286
28.142881870269775
29.004247188568115
25.88153600692749
25.9281108379364
