32.9058837890625
33.3349986076355
32.951090812683105
32.671470165252686
32.83463978767395
33.641794204711914
33.39341425895691
33.01231861114502
33.18263626098633
34.407201290130615
33.002662897109985
33.50605535507202
33.43010902404785
32.77057600021362
33.87960886955261
33.24042868614197
33.45019578933716
33.593165159225464
33.34000015258789
33.77529001235962
34.69246959686279
33.461172342300415
32.472695112228394
33.50824737548828
33.10749816894531
33.151081562042236
33.36474251747131
33.172237396240234
33.419567584991455
33.32605767250061
33.49049401283264
33.33714437484741
33.75028586387634
34.13458728790283
35.13921284675598
33.35456466674805
33.455432415008545
34.00473499298096
34.93660354614258
34.51712441444397
32.771339654922485
33.59145498275757
33.39865279197693
33.441017866134644
32.685965061187744
33.332704305648804
33.76350784301758
31.6404926776886
33.871703147888184
32.99894905090332
33.76618790626526
33.41497182846069
32.93541359901428
32.97297930717468
32.333470821380615
31.994390964508057
34.05123043060303
32.668466567993164
32.107053995132446
32.30261707305908
32.46732258796692
31.52076482772827
33.25194311141968
31.817952156066895
32.05591607093811
32.047346115112305
31.791534662246704
31.849349975585938
31.865309476852417
31.963497400283813
32.721440076828
31.962397575378418
32.3120858669281
32.14102053642273
32.56279397010803
32.29297733306885
32.07659435272217
32.280842781066895
32.392001152038574
30.719685554504395
31.462905645370483
32.82662606239319
32.06476593017578
33.107914447784424
32.17799997329712
33.39518427848816
35.058868646621704
32.19740295410156
32.99204468727112
32.64935541152954
33.300617933273315
32.37253165245056
32.29531145095825
33.132912397384644
32.36982583999634
32.15961217880249
32.179105281829834
31.757795572280884
32.42012023925781
31.732537508010864
32.01037669181824
32.16118288040161
31.942051887512207
32.07306480407715
32.99978065490723
32.314640045166016
32.32986521720886
32.331684827804565
32.78713035583496
31.622175931930542
32.567259311676025
34.07432413101196
32.564067125320435
31.661614179611206
32.70985651016235
32.26872944831848
31.746582746505737
32.47542881965637
32.60159683227539
32.01903438568115
32.351160287857056
31.895445823669434
31.864240884780884
32.82731866836548
31.902374267578125
32.39291858673096
32.43722152709961
32.63650727272034
32.17802906036377
32.59436845779419
32.854536056518555
32.62283945083618
33.10342025756836
30.44429588317871
33.351465463638306
33.73862051963806
32.20397424697876
34.41459083557129
33.28739595413208
32.59378147125244
32.89805746078491
32.70361924171448
33.097198486328125
32.04888367652893
32.0866014957428
31.860507249832153
31.47077441215515
32.04191994667053
32.3920521736145
32.19507646560669
31.464401483535767
32.78668451309204
32.67638111114502
31.878041982650757
32.16285061836243
32.36099100112915
32.08118176460266
32.21174144744873
31.882340669631958
32.152766942977905
32.140766859054565
32.53777813911438
31.995898962020874
32.25536870956421
32.529974699020386
32.532965421676636
32.00716996192932
32.1751651763916
32.34374237060547
31.53729486465454
32.851930141448975
32.583575963974
32.77794694900513
32.17076826095581
32.35705280303955
32.13051724433899
32.133317947387695
32.306702613830566
32.95126986503601
32.634968757629395
32.353792905807495
31.285284757614136
32.74986243247986
32.32691788673401
32.44873023033142
33.18036079406738
32.219385862350464
32.25579786300659
33.195183753967285
33.402244567871094
32.50354528427124
32.663753509521484
32.15157771110535
32.33181381225586
31.97594714164734
32.125731229782104
32.170512199401855
32.679070711135864
32.2350971698761
32.41895508766174
32.08910274505615
32.20701599121094
32.64856696128845
33.19241952896118
32.204662799835205
31.978260278701782
32.27263689041138
32.87918496131897
32.21597719192505
32.06411147117615
32.731539726257324
31.394794464111328
32.89071464538574
31.53743815422058
32.94222164154053
31.808157205581665
33.38602018356323
31.606094360351562
32.90882134437561
31.982052326202393
32.32770752906799
32.928462982177734
32.2366509437561
32.379838705062866
31.792349338531494
32.068697452545166
32.64916706085205
32.20229649543762
32.87792611122131
31.79064440727234
32.10303711891174
32.49944806098938
32.41944098472595
32.06543278694153
32.66709542274475
32.1894109249115
32.205448389053345
32.07404327392578
32.465258836746216
32.938400745391846
31.77757692337036
32.26994872093201
32.459065675735474
32.72047805786133
32.60488557815552
33.374733448028564
32.89072561264038
33.05300307273865
31.818823099136353
32.88456106185913
32.14001727104187
32.38960838317871
33.07974815368652
32.784148931503296
32.50112056732178
32.91526746749878
31.343934059143066
32.619304180145264
32.50614309310913
31.826635599136353
32.099714040756226
32.85193586349487
32.25860571861267
32.218433141708374
32.591875076293945
31.989296436309814
32.10180306434631
32.395028829574585
32.3162055015564
31.997783422470093
32.46609044075012
32.72410178184509
32.9339759349823
32.27744793891907
33.22181749343872
32.95090389251709
33.30448865890503
34.48259782791138
34.01564621925354
31.993764638900757
32.826281785964966
33.66689586639404
32.64117503166199
32.002118825912476
33.35002660751343
32.00288248062134
32.560267210006714
32.275859117507935
33.43122959136963
32.88996958732605
32.4171462059021
32.00145936012268
32.57356905937195
32.34893250465393
32.013288497924805
32.47142052650452
32.03192758560181
32.31815266609192
32.87974834442139
33.8115177154541
33.08582282066345
32.838799476623535
32.31156659126282
32.42569398880005
32.29011535644531
32.179908752441406
32.20280957221985
32.791499376297
32.23776173591614
32.77958345413208
32.954978704452515
32.69126915931702
32.383312702178955
33.116050004959106
32.33213973045349
32.67587375640869
32.321800231933594
33.32300543785095
32.54816031455994
31.534815073013306
32.35908102989197
32.1284716129303
32.380656719207764
32.09906029701233
32.32194948196411
31.8270263671875
32.34284234046936
31.985023736953735
31.426485061645508
31.76196312904358
31.822033166885376
31.931561946868896
32.41143608093262
32.37125873565674
31.543071508407593
32.92727971076965
32.18026304244995
31.375423669815063
31.503575801849365
32.41710901260376
32.741387605667114
32.21318078041077
32.24232888221741
32.93089413642883
33.45698094367981
32.16676616668701
32.239814043045044
33.86401414871216
33.96045112609863
31.99557089805603
32.07640743255615
32.33967089653015
31.949588298797607
31.908586740493774
32.209956407547
32.91131520271301
31.98548936843872
32.25080466270447
32.0915961265564
31.994170904159546
32.66492486000061
31.8671932220459
32.090008020401
31.58664894104004
32.943750858306885
32.80179953575134
32.80393028259277
32.113208532333374
31.797287464141846
32.139094829559326
32.64523768424988
32.8562126159668
32.4295916557312
32.24654150009155
31.763683795928955
32.86645698547363
32.17289662361145
31.617054224014282
31.995057106018066
32.27155613899231
32.738834619522095
31.801389932632446
32.91455960273743
33.147502183914185
31.39053964614868
32.56232023239136
31.670892000198364
32.76704716682434
32.295732498168945
32.08846426010132
32.880369424819946
31.841347694396973
32.1806914806366
32.835718631744385
32.29529094696045
31.47461175918579
32.33250069618225
31.820985555648804
32.23592495918274
32.73192310333252
32.92903137207031
32.17186379432678
31.90210509300232
33.451141357421875
32.2914776802063
32.52129769325256
32.093111515045166
31.875882863998413
32.06376910209656
31.465208053588867
31.984196662902832
32.04928469657898
32.54802846908569
32.685723304748535
32.298354387283325
31.889315605163574
32.35009574890137
32.635435342788696
32.315096616744995
32.8905611038208
31.740856409072876
32.12600088119507
33.02693152427673
32.10339879989624
31.946085214614868
31.899577379226685
32.733901500701904
34.102572441101074
31.827728033065796
32.71178936958313
32.44178605079651
32.02427005767822
32.49424409866333
32.322291135787964
32.83620071411133
33.421552896499634
32.4127721786499
32.07412910461426
32.167314767837524
32.303723096847534
32.08246159553528
32.440077781677246
31.970518350601196
33.055460691452026
32.04579544067383
32.03628468513489
31.92167377471924
32.49002718925476
31.924480676651
32.72756290435791
32.25105571746826
32.065125942230225
32.27916121482849
33.058650970458984
32.787020206451416
32.476646423339844
32.81327295303345
31.897698640823364
32.14535617828369
32.22996783256531
32.80825448036194
31.677363395690918
32.069013595581055
32.183547496795654
33.14145016670227
31.45846962928772
31.50790524482727
31.843803882598877
32.303653955459595
31.651339054107666
32.21315956115723
31.53691291809082
32.616974115371704
32.84795308113098
31.901732683181763
32.16511631011963
33.05287218093872
32.10121941566467
31.668461084365845
32.281927824020386
31.60785722732544
32.36222577095032
31.699079990386963
32.105539083480835
32.397080421447754
32.14987134933472
31.99391794204712
31.945775508880615
31.47516918182373
32.072023153305054
31.997171640396118
31.801624298095703
31.722108602523804
32.48776197433472
31.823575258255005
31.736894845962524
32.888827323913574
31.542840719223022
32.48613381385803
32.85501742362976
31.811229705810547
31.943975925445557
31.80020833015442
32.4608850479126
31.570028066635132
31.72993302345276
31.97659921646118
33.12764024734497
32.262123346328735
31.90378975868225
31.887207984924316
32.31265330314636
31.69202709197998
31.87002682685852
31.44161105155945
32.73091793060303
31.832457780838013
32.58920359611511
31.695167064666748
32.115846395492554
32.13901710510254
31.475332736968994
32.41795635223389
31.872340440750122
32.22869396209717
32.401432037353516
31.914790391921997
31.65868306159973
33.25454139709473
33.23434329032898
32.67788624763489
32.42407155036926
32.407830476760864
32.65058422088623
31.699370861053467
31.789008617401123
32.32606077194214
33.379868030548096
31.715177297592163
32.211520195007324
32.26819086074829
32.79008865356445
33.77591156959534
33.35926175117493
31.829153060913086
32.116496562957764
32.18053650856018
31.642724752426147
31.868785619735718
31.47981071472168
31.868565320968628
32.06967759132385
31.871721982955933
33.75504279136658
32.06951642036438
31.80571675300598
32.025829553604126
31.854968309402466
32.32459330558777
31.66789174079895
31.856394052505493
32.3821005821228
31.968945503234863
31.61874270439148
32.052024126052856
32.668678998947144
32.300854206085205
32.507299184799194
33.207897424697876
32.18620276451111
32.35468149185181
32.4037721157074
32.0509889125824
31.922783613204956
31.635957956314087
32.42822527885437
32.29420614242554
32.46318006515503
32.69867467880249
32.17602252960205
32.17231345176697
31.696955680847168
32.005943775177
32.30510115623474
31.784525632858276
32.15760779380798
32.02384638786316
31.808287858963013
32.31937861442566
32.292309045791626
32.42663502693176
31.793143272399902
33.08865022659302
31.846586227416992
32.52670979499817
32.4459707736969
32.086071729660034
32.422298431396484
32.1637327671051
32.86486768722534
32.738632917404175
32.837777853012085
33.315683364868164
33.15341114997864
33.05416560173035
31.774113655090332
32.1245596408844
31.756941318511963
32.210904598236084
32.331666469573975
31.986232042312622
32.726418256759644
31.7281813621521
32.325671434402466
31.816601037979126
32.05034351348877
32.611003160476685
31.771669387817383
32.33022117614746
31.68544626235962
32.29654121398926
31.52956485748291
32.601431131362915
31.867173433303833
31.777286767959595
31.959160566329956
32.762232065200806
32.400413036346436
32.67108678817749
31.73027992248535
31.625553846359253
32.34204626083374
31.75513529777527
33.39599657058716
31.925904750823975
32.07162070274353
31.99899935722351
31.725504875183105
31.695281505584717
31.65653371810913
32.2931010723114
32.620463132858276
32.63329863548279
32.54367661476135
31.915401697158813
31.87673020362854
32.73872494697571
32.207884073257446
31.62468409538269
31.182932376861572
32.27056932449341
32.22751331329346
31.55007815361023
32.17784380912781
32.194415807724
32.04347491264343
32.02086520195007
32.05608797073364
31.83681845664978
32.751320600509644
31.577769994735718
31.6728937625885
31.192282676696777
31.830471992492676
32.13890719413757
32.74998426437378
32.19342398643494
32.168498039245605
34.66457676887512
31.92732572555542
32.30739998817444
32.270424604415894
32.113192081451416
32.80202794075012
31.70967197418213
32.382365226745605
31.66051745414734
31.977943658828735
31.738874435424805
31.868993282318115
31.287659168243408
32.21559810638428
32.81623911857605
32.35764837265015
32.116312980651855
31.962417602539062
31.97141122817993
32.978463888168335
32.07192134857178
31.966756105422974
31.766489028930664
32.04673171043396
32.03735589981079
31.98293685913086
32.56073999404907
31.986252784729004
31.8515362739563
32.325199842453
32.29215478897095
32.152244329452515
31.804359912872314
31.762259244918823
32.28420639038086
31.671759128570557
31.539363384246826
31.29216694831848
33.279292583465576
31.071961402893066
31.57753300666809
31.932753801345825
31.250812768936157
34.28351855278015
31.02671194076538
31.73157048225403
31.755959272384644
31.363254070281982
32.14670729637146
31.211834192276
31.953139781951904
31.34958553314209
31.097359895706177
32.01791286468506
32.31708598136902
31.603506088256836
31.153785228729248
31.740586757659912
31.68691086769104
31.22709321975708
31.69944715499878
31.29041814804077
31.400397300720215
31.73848867416382
31.58640956878662
31.085659742355347
31.19475269317627
31.99314260482788
29.808974742889404
32.174421548843384
31.126793384552002
32.29524350166321
30.74300789833069
31.91824173927307
31.06239128112793
31.25692868232727
33.73365259170532
31.48348569869995
33.128750801086426
31.720267057418823
31.150903701782227
31.329443216323853
31.801299333572388
31.19982647895813
31.637415647506714
31.698770999908447
31.84854245185852
31.068918704986572
31.53768825531006
31.214208364486694
30.989826202392578
31.61217427253723
31.29507327079773
31.33149003982544
31.240150690078735
31.078291177749634
31.572080373764038
30.94823980331421
31.08017611503601
31.86064076423645
30.72822642326355
31.97441291809082
31.974148273468018
32.15756058692932
32.91694092750549
31.663207054138184
31.99099898338318
31.37418007850647
31.32146453857422
31.27315044403076
32.00632357597351
31.010485410690308
31.436142444610596
31.328988790512085
31.268526554107666
31.360716104507446
32.89181876182556
30.970030069351196
31.57208514213562
31.5654616355896
31.356009006500244
31.139527797698975
31.072067737579346
31.523244380950928
31.656275987625122
31.37627077102661
31.251070976257324
31.746859073638916
33.11784553527832
32.133936166763306
31.24722146987915
31.49478507041931
31.376814126968384
32.955360651016235
31.306071996688843
31.359299659729004
31.235661029815674
31.727015495300293
31.223596334457397
31.749913454055786
31.158485651016235
31.60530972480774
30.88213086128235
31.21605896949768
31.11456322669983
31.125710248947144
31.286093711853027
31.84739375114441
31.24683403968811
31.396076202392578
30.918498516082764
32.52105188369751
31.752639293670654
31.39126968383789
32.00315499305725
31.175294637680054
31.872939586639404
31.43967843055725
31.12564969062805
31.01066493988037
31.514654397964478
31.67871117591858
31.365224361419678
31.37775468826294
30.784969329833984
31.750080585479736
31.655977249145508
31.76993703842163
30.825133085250854
31.646970510482788
31.02171540260315
32.08450150489807
31.094306468963623
31.406142234802246
31.88623309135437
31.804375171661377
31.925660610198975
31.152498722076416
31.335097551345825
30.932175874710083
30.8704514503479
31.216049194335938
31.288769721984863
31.3074471950531
30.72925090789795
31.64160418510437
30.92698860168457
31.03294610977173
30.932775735855103
31.725278854370117
31.13642406463623
31.576053380966187
31.404606103897095
31.392543077468872
31.436312198638916
31.74307155609131
32.127999782562256
32.21305537223816
31.357877016067505
31.326939582824707
31.16252112388611
31.087505340576172
30.850294828414917
31.57657814025879
31.29192280769348
31.247716665267944
32.08821415901184
31.229238748550415
30.890050172805786
31.142643928527832
31.614182233810425
30.911421537399292
30.975114583969116
30.923685550689697
30.543314456939697
31.668609857559204
30.748091459274292
30.23415207862854
30.77105188369751
33.21569538116455
30.595597743988037
30.455424785614014
30.5303635597229
30.376411199569702
30.373865604400635
30.623157501220703
30.584917545318604
32.482749938964844
30.687512636184692
34.527214765548706
29.75470805168152
30.365164041519165
31.116575002670288
30.67262315750122
30.227901697158813
30.047230005264282
30.016822814941406
30.425800561904907
30.60560917854309
31.720776319503784
30.537312746047974
31.385631561279297
30.672045469284058
30.434391736984253
30.680888652801514
30.68931269645691
30.32924246788025
30.68315577507019
32.06646466255188
32.86006784439087
31.552072525024414
30.615051984786987
30.572965621948242
30.965988159179688
30.845995903015137
30.434112310409546
31.031174421310425
30.21704864501953
30.14360785484314
30.688974142074585
30.87673568725586
30.7198543548584
30.02785611152649
30.680113792419434
30.77687668800354
30.539577960968018
31.073211908340454
30.46145510673523
31.230668306350708
30.588550329208374
33.022494316101074
30.110188722610474
30.85582733154297
30.375170469284058
30.960429430007935
30.461989641189575
30.97182273864746
31.055180311203003
30.35268759727478
30.530215978622437
30.745327472686768
30.398540019989014
30.341827869415283
30.19386053085327
31.292195081710815
30.75317144393921
30.456364154815674
30.459611892700195
30.267646312713623
30.576403617858887
30.663604259490967
30.85441756248474
31.523029327392578
31.49761152267456
30.80615234375
31.795278787612915
30.849947929382324
31.06282377243042
31.268059015274048
31.335675954818726
31.346102476119995
30.63894295692444
30.537919282913208
31.063316345214844
30.748676538467407
32.29674577713013
30.754743337631226
32.52113175392151
31.074912548065186
30.29206871986389
30.64192295074463
31.16300344467163
30.458789825439453
30.409390211105347
30.407511949539185
30.97394633293152
29.93626308441162
30.721058130264282
30.357678174972534
30.556386709213257
31.249197959899902
30.63829469680786
31.271862268447876
30.372817754745483
30.374246835708618
31.04969096183777
32.025304079055786
32.49275279045105
31.398653268814087
30.16723895072937
31.135777950286865
30.490649938583374
30.413682460784912
30.980980157852173
31.405260801315308
32.19477653503418
32.34972858428955
32.520888328552246
30.37948250770569
30.37846827507019
30.39816403388977
30.39207649230957
31.65430235862732
33.08212113380432
30.98530101776123
30.805206537246704
30.838902711868286
31.224497079849243
30.406538724899292
30.6175434589386
30.50001621246338
31.128902435302734
30.70354175567627
30.88852286338806
30.24165987968445
30.268019676208496
31.072951078414917
30.525190830230713
30.456942796707153
30.211466312408447
33.36071991920471
30.265162467956543
30.467799425125122
31.26370406150818
31.047467947006226
30.403768062591553
31.02768111228943
30.557996034622192
31.628061532974243
31.060234546661377
30.892797231674194
31.49704384803772
29.874804973602295
30.738402128219604
30.25564956665039
31.8276629447937
30.87145209312439
30.827228784561157
30.480895280838013
30.582287549972534
30.56432795524597
31.42770481109619
30.96857476234436
30.73635768890381
30.754056930541992
30.47832679748535
33.25685977935791
30.88308811187744
30.468825578689575
30.560547828674316
31.241029500961304
30.707935571670532
30.258665800094604
30.32864284515381
31.225342750549316
30.288804531097412
30.386889696121216
31.36313271522522
30.327341318130493
29.944057941436768
30.157538890838623
30.610129356384277
30.88232111930847
31.65079641342163
32.16548490524292
30.467679977416992
30.745792388916016
30.951895236968994
30.486422777175903
30.87897825241089
31.15420961380005
32.31139802932739
32.5989990234375
31.37208366394043
35.38260340690613
34.388835191726685
30.219218492507935
31.21019172668457
30.75574493408203
31.444701433181763
30.65028977394104
30.38938879966736
30.61141014099121
30.508672952651978
30.972963571548462
30.138549089431763
30.953808546066284
32.562504053115845
30.651018857955933
31.037198305130005
30.39078140258789
31.375321626663208
30.8338840007782
30.731087923049927
30.51233196258545
30.343538761138916
30.919289112091064
31.150609731674194
30.312682151794434
31.02677607536316
30.59533977508545
31.501899003982544
30.613287925720215
30.16244077682495
32.08276343345642
32.09148192405701
29.715230703353882
30.656907558441162
30.08782434463501
30.831833362579346
30.549192190170288
30.421581983566284
30.393646240234375
32.4487419128418
30.996554851531982
29.684970140457153
31.18528699874878
31.16362690925598
31.80552887916565
29.99897074699402
30.422362804412842
30.588845014572144
30.54391622543335
30.45182967185974
30.530980825424194
33.15284466743469
31.124674558639526
30.239418983459473
30.567389249801636
30.816962003707886
30.589870929718018
30.263659477233887
30.256105184555054
30.419878721237183
30.42540216445923
32.47635340690613
30.946351289749146
30.342954874038696
31.433266639709473
30.16912269592285
30.5167133808136
31.01375722885132
31.288928031921387
31.10953688621521
31.478057622909546
30.802496433258057
30.747384786605835
30.300267696380615
30.532261610031128
31.06011152267456
30.5461642742157
32.10376572608948
30.295012950897217
30.669221878051758
32.61589217185974
32.096328020095825
30.866755485534668
30.536185026168823
31.144747018814087
30.286829710006714
31.231164693832397
30.745124101638794
30.71318793296814
30.64728593826294
30.345609188079834
30.400938749313354
30.513691663742065
30.264167308807373
30.841958045959473
30.685770750045776
29.945216178894043
33.62964987754822
31.77064609527588
30.589362859725952
31.451614141464233
30.51444101333618
30.975373029708862
30.69321060180664
30.511367321014404
31.084765195846558
30.788309574127197
30.770374059677124
31.780894994735718
30.72119951248169
31.052515029907227
30.53770875930786
30.383209943771362
30.816073417663574
30.679036378860474
30.44425630569458
31.053919315338135
30.705488443374634
32.61479306221008
30.612823486328125
30.6866192817688
30.522517204284668
31.028154134750366
30.7015643119812
30.64790654182434
31.20824909210205
30.178187131881714
31.028098344802856
32.58713507652283
30.753670930862427
30.77792978286743
30.61078381538391
30.524418592453003
30.3647518157959
30.559117794036865
30.88760280609131
30.391620874404907
30.44315505027771
30.845656156539917
30.935608863830566
30.36875891685486
31.273931741714478
31.028175115585327
30.863476753234863
30.565263986587524
31.131197929382324
30.897682666778564
31.401196241378784
29.79392695426941
33.50056529045105
30.536319494247437
30.52930188179016
30.40751338005066
29.982697010040283
31.049039602279663
32.201176404953
30.59893250465393
30.875678300857544
31.75660538673401
30.22180438041687
32.669089794158936
30.578306436538696
30.149149179458618
30.503580570220947
30.671425104141235
30.811800479888916
31.278657913208008
30.812474012374878
30.47327733039856
30.261688709259033
30.668768882751465
30.60965633392334
32.75320601463318
30.384466409683228
30.337137937545776
30.298085927963257
30.461995363235474
30.367149114608765
31.372613668441772
31.129982233047485
30.733684301376343
31.47774577140808
30.373286247253418
30.394156217575073
30.73369073867798
31.389503479003906
30.461811065673828
30.692166328430176
30.390061855316162
30.988279819488525
30.61783719062805
30.364611625671387
30.671879768371582
29.635751008987427
29.918074131011963
33.31509065628052
30.564685344696045
30.72804880142212
30.657275915145874
30.388766527175903
32.40575385093689
32.597087144851685
30.506697177886963
30.69691300392151
30.249012231826782
30.92720079421997
30.930057048797607
32.19970202445984
30.859610557556152
31.55195903778076
30.56418204307556
30.45867896080017
32.73525547981262
31.066237688064575
29.867523193359375
30.55024003982544
30.57174277305603
30.309106826782227
31.2514705657959
30.605342864990234
30.719149827957153
30.306160926818848
30.80288290977478
30.73631715774536
32.35666751861572
30.522789239883423
30.449294567108154
30.652528524398804
30.832860231399536
30.848864793777466
30.840271711349487
30.781096696853638
30.388163805007935
30.47332239151001
32.633495569229126
31.484386444091797
30.410072326660156
33.23964238166809
30.918241024017334
31.037681579589844
30.729104042053223
30.946210145950317
30.77875852584839
30.41878843307495
30.190066814422607
31.0841224193573
30.24720788002014
30.28137755393982
30.3919415473938
30.85446333885193
30.29607367515564
30.48076558113098
31.363215684890747
31.293883800506592
30.268999099731445
30.471565008163452
31.559060096740723
31.23811960220337
31.8818781375885
30.77505588531494
30.99979591369629
32.682236194610596
30.04022455215454
30.19094181060791
31.405465841293335
32.66135907173157
30.666146755218506
31.00903558731079
30.830776691436768
31.167262315750122
30.554674863815308
30.11410927772522
30.222859144210815
30.30440640449524
30.577218294143677
33.161948680877686
30.732484579086304
30.232550144195557
30.919469356536865
30.292399883270264
33.16556668281555
30.371142148971558
30.7352614402771
30.99219036102295
30.05674910545349
30.617889404296875
30.426265001296997
30.781891584396362
30.905803203582764
32.662168979644775
31.443987369537354
30.880013704299927
30.747944831848145
30.696582078933716
30.46632957458496
32.94966435432434
30.692270278930664
30.502643585205078
30.462164163589478
30.503713846206665
31.60918354988098
30.13630747795105
31.26514434814453
30.37510848045349
30.456955432891846
30.71562886238098
30.5286602973938
32.717044830322266
30.495598077774048
30.34573483467102
30.485153675079346
31.18832302093506
30.57231378555298
30.481334686279297
30.395479440689087
29.982563257217407
30.65076470375061
30.218912363052368
30.891770839691162
30.967613458633423
30.44629192352295
30.3008975982666
30.867257118225098
30.388787746429443
31.067858457565308
30.625540494918823
30.569770336151123
30.68093204498291
30.855494022369385
31.385533094406128
30.983038902282715
30.62721848487854
30.37682819366455
31.668726444244385
29.32137155532837
31.4609215259552
29.906641721725464
31.976178884506226
30.56932234764099
31.54947257041931
29.942609786987305
30.469123601913452
30.563152074813843
32.79020810127258
30.636812925338745
30.721819162368774
30.49899196624756
31.085325479507446
30.3870210647583
30.574679851531982
30.98360562324524
30.9447078704834
31.37685799598694
30.249677181243896
30.552257537841797
30.6604425907135
30.768796682357788
30.362516164779663
30.321820974349976
30.754594564437866
30.857616662979126
31.40659213066101
30.55333924293518
30.291783809661865
31.43904995918274
30.33423376083374
30.799408197402954
31.440575122833252
30.91742992401123
31.46013116836548
31.29882502555847
31.591209888458252
33.05887508392334
30.34976553916931
30.941981315612793
30.655481815338135
30.550922632217407
30.39358901977539
31.372215509414673
30.667336225509644
30.055476903915405
30.66155171394348
30.67461919784546
30.338146686553955
31.00304675102234
31.505441904067993
31.661818265914917
31.09463095664978
31.371402263641357
30.224767923355103
32.8331823348999
30.306893825531006
30.67088794708252
30.180361032485962
30.593589782714844
30.762199878692627
32.41357970237732
30.361772775650024
30.683955192565918
30.685928344726562
30.595441341400146
30.189717292785645
30.261770009994507
31.50612449645996
30.63866662979126
30.48251700401306
30.42598843574524
31.134562253952026
30.406527042388916
30.74562168121338
30.58115315437317
30.587467193603516
31.181341886520386
30.643932819366455
30.266143321990967
30.337135314941406
30.42456078529358
30.680866956710815
30.23518180847168
30.322397232055664
30.40559148788452
30.44543170928955
30.143141746520996
30.71202325820923
31.033868312835693
31.147249937057495
33.694138526916504
31.283581972122192
30.429713487625122
31.011585235595703
30.37446641921997
30.430222988128662
30.230795860290527
30.631222248077393
30.313544988632202
30.315431594848633
30.436482906341553
30.440542459487915
30.36982822418213
30.228089094161987
30.525704383850098
30.37827706336975
30.285972356796265
30.45286989212036
30.486387014389038
31.263477087020874
31.53344750404358
30.367194414138794
30.643458604812622
31.089860916137695
31.230496168136597
30.469682455062866
31.519941091537476
30.3135404586792
31.513362169265747
30.238511562347412
30.28271770477295
32.12855243682861
32.52496004104614
30.60889768600464
29.83787488937378
31.957515954971313
30.77177357673645
30.54456067085266
30.518094301223755
30.97045397758484
30.668992042541504
31.085930585861206
31.21674418449402
30.878735542297363
30.447180032730103
30.45114779472351
32.676939964294434
30.734704971313477
30.381285429000854
30.37237238883972
30.770956993103027
30.783157110214233
28.844769716262817
30.239193201065063
31.166492462158203
30.598042726516724
30.492061614990234
30.947288990020752
30.894370317459106
30.977710962295532
30.515944480895996
30.46115016937256
31.056700944900513
30.697500467300415
31.061767101287842
30.79399847984314
30.503669261932373
30.687124252319336
30.44052791595459
30.94077730178833
31.371528148651123
32.50088024139404
31.112771034240723
29.868669748306274
33.26692271232605
30.377010345458984
30.038167238235474
30.88894557952881
30.17910408973694
30.358680248260498
30.418975353240967
32.65131115913391
30.57045006752014
30.255953073501587
30.479105949401855
30.29837465286255
30.520408153533936
31.328415393829346
30.70548987388611
30.629388332366943
30.481971263885498
30.15388059616089
30.466337203979492
30.520057439804077
30.343473196029663
30.235340118408203
31.12058997154236
30.137369394302368
31.215227603912354
30.467154502868652
30.923768997192383
30.828157663345337
32.515586853027344
31.822992086410522
33.752644062042236
30.51336693763733
30.341394186019897
31.03617286682129
30.793971061706543
30.32804775238037
30.88798952102661
30.269585609436035
31.207728624343872
30.724918603897095
31.313525438308716
30.821589469909668
30.692084550857544
30.265782594680786
30.398192167282104
29.665295362472534
30.751514196395874
30.111805200576782
31.951253414154053
30.345251321792603
30.842936754226685
30.37680172920227
30.57721447944641
30.568222999572754
30.82974147796631
31.20305848121643
33.86831450462341
30.536145448684692
30.27699375152588
30.394423246383667
30.20265245437622
30.315582752227783
30.906583547592163
30.95576310157776
30.393192768096924
30.559068202972412
30.38170075416565
30.74111819267273
31.143710136413574
33.30454111099243
30.281945943832397
30.891788482666016
30.505959510803223
30.123217582702637
30.721810340881348
30.41995859146118
30.68485927581787
30.27938938140869
29.714285850524902
30.431727409362793
30.78264594078064
29.991100072860718
30.35561180114746
30.39836287498474
30.750948190689087
32.955037117004395
29.7692768573761
30.801929235458374
30.14393377304077
30.450193166732788
30.49584460258484
31.04574942588806
30.49049949645996
30.223943948745728
30.74377989768982
30.978943347930908
30.140923500061035
31.418797969818115
31.865973949432373
30.266222953796387
31.227416038513184
30.640021800994873
30.040483713150024
33.90793204307556
31.819671630859375
30.188227891921997
30.92028307914734
30.542445182800293
30.29260754585266
30.198026657104492
30.104280948638916
30.142432689666748
30.28002905845642
31.126877784729004
30.29824948310852
30.509644269943237
30.468058347702026
30.74827551841736
30.382248163223267
32.92706060409546
30.775164127349854
30.0909423828125
30.58794140815735
30.52815318107605
30.18822407722473
30.264583826065063
30.15637516975403
30.383850574493408
30.53268337249756
30.659781455993652
30.642895460128784
30.724152088165283
30.572450876235962
30.887171268463135
31.482611417770386
30.722453355789185
30.524523735046387
31.590524673461914
30.90945529937744
30.351004123687744
30.712313652038574
30.232128858566284
30.75586986541748
30.96313738822937
30.579052686691284
30.530498504638672
30.37661361694336
29.948797941207886
30.531675338745117
30.517993211746216
30.70465111732483
30.63509964942932
31.704103231430054
31.310635805130005
30.499714136123657
30.57286238670349
30.601430892944336
30.56041145324707
34.31801199913025
30.368090629577637
30.560213565826416
30.53494906425476
30.373690366744995
30.41040015220642
30.74186897277832
30.821656465530396
30.962269067764282
31.042686939239502
30.91217041015625
32.464701414108276
32.15677452087402
30.063282012939453
30.83156943321228
30.56544804573059
30.41649842262268
33.09824872016907
30.921595096588135
30.750690698623657
30.891459465026855
30.75690722465515
30.848999977111816
30.808741569519043
30.641645193099976
31.001898288726807
30.584672451019287
31.0785915851593
31.365370273590088
30.090754985809326
31.099529504776
31.067567825317383
29.86050319671631
30.518919706344604
30.286035537719727
30.490464687347412
29.9797203540802
31.08805274963379
30.637758255004883
30.438843965530396
31.042078733444214
31.092085123062134
31.14756488800049
31.646814823150635
32.05763244628906
31.12497901916504
30.329139471054077
30.27592372894287
30.685680627822876
30.117947816848755
30.4202618598938
30.1258761882782
30.37086033821106
30.354533672332764
30.37620258331299
30.731274843215942
30.261353969573975
31.133286714553833
30.04426908493042
30.31680703163147
30.468507528305054
30.274800539016724
30.102724075317383
30.44874119758606
30.209064722061157
30.40736413002014
30.44315528869629
30.424129247665405
30.209691047668457
30.342755794525146
30.33759117126465
30.55199694633484
30.327951431274414
30.584718465805054
30.862244367599487
30.960146188735962
29.7831130027771
31.363805294036865
30.39424967765808
30.37736701965332
31.475672006607056
31.814292669296265
30.819229125976562
30.70669174194336
30.00575852394104
34.74083757400513
30.389262914657593
30.546714544296265
30.26044797897339
29.858771800994873
30.82543134689331
30.473432064056396
30.12440514564514
31.097264766693115
30.62150526046753
30.276331424713135
30.163196325302124
30.412492752075195
30.062936782836914
30.31139588356018
30.934260606765747
30.69698143005371
32.87345099449158
29.497070789337158
29.4780695438385
31.66499948501587
30.78974223136902
31.58185648918152
30.561747789382935
30.749915599822998
30.558485746383667
30.63701558113098
31.17590093612671
31.0062415599823
30.830042123794556
32.761035203933716
31.85753870010376
30.26448917388916
30.334960460662842
30.107324838638306
29.942224502563477
30.7615704536438
30.33155870437622
30.194584369659424
30.60939073562622
30.319928407669067
30.479915380477905
30.728817224502563
31.439547300338745
30.781537294387817
30.731616735458374
30.763562202453613
30.584005117416382
30.324650287628174
30.002713203430176
30.748557090759277
31.152843236923218
30.57645893096924
30.18077802658081
30.312090635299683
30.86173391342163
30.70053458213806
31.00571322441101
30.353695154190063
29.855396270751953
33.15646481513977
32.037909746170044
29.093982458114624
30.564228773117065
30.881967067718506
30.513845920562744
31.900389909744263
30.585658073425293
31.483014345169067
30.475383043289185
30.975722551345825
30.471187591552734
30.447909116744995
30.282854557037354
33.686765909194946
30.51243805885315
30.358604192733765
30.61617660522461
30.808024168014526
30.683634519577026
31.351906299591064
30.226370573043823
30.801406145095825
30.57097554206848
30.56693196296692
30.02568006515503
30.603445053100586
30.71417474746704
30.578755378723145
30.46134901046753
29.831756830215454
30.59303331375122
30.99447250366211
30.153624057769775
30.353721618652344
30.686394691467285
31.00847601890564
30.29150390625
30.868791103363037
30.234696626663208
30.34452247619629
30.260791063308716
30.330573081970215
31.052969455718994
30.136998176574707
30.19182276725769
30.96880078315735
30.68962597846985
30.268683433532715
30.596880197525024
30.3512065410614
30.689953088760376
34.09801912307739
30.51891589164734
32.08290767669678
30.684519290924072
30.75689172744751
30.121294260025024
30.3843355178833
30.91793155670166
29.67982530593872
30.829962491989136
30.775972366333008
32.167216539382935
30.434325218200684
30.49885106086731
30.609395503997803
30.67291808128357
30.000712156295776
30.679603815078735
30.499541521072388
30.13168478012085
30.162205457687378
30.392747163772583
30.76688814163208
30.408814191818237
30.249529361724854
30.488537073135376
30.636746644973755
30.456024885177612
30.063234090805054
30.53636646270752
30.64801812171936
30.10756754875183
31.04425597190857
30.57939076423645
32.64539170265198
30.650403261184692
30.458480834960938
30.6653413772583
30.58758521080017
30.39458203315735
30.51830244064331
31.073490142822266
29.90422034263611
31.163411378860474
30.510099411010742
30.68767213821411
30.178271293640137
30.186882257461548
30.19012188911438
30.61506223678589
30.62625503540039
31.45010280609131
30.25166893005371
31.012155532836914
30.396538734436035
29.345022678375244
30.64986824989319
30.40391516685486
30.447247982025146
30.27812647819519
31.72857403755188
30.291317462921143
30.85575270652771
33.58624505996704
30.246147632598877
30.992925882339478
30.912163019180298
31.13266086578369
31.021602869033813
30.565155506134033
30.458842754364014
30.50756311416626
30.277100563049316
30.49661684036255
30.857500791549683
30.382029056549072
30.254181146621704
31.155962705612183
30.573830604553223
30.712658882141113
30.832658290863037
29.934661865234375
30.36539912223816
30.617029666900635
30.304487228393555
30.02086353302002
30.358126878738403
30.45987606048584
30.20306897163391
30.202932119369507
30.05638551712036
30.917479276657104
30.639467477798462
30.602983951568604
29.883453607559204
30.322674036026
30.399271726608276
30.853038787841797
31.548420906066895
30.810699462890625
33.518261671066284
31.362816095352173
29.89224648475647
30.5684654712677
30.298022508621216
31.877731800079346
33.37501621246338
30.301360845565796
30.192813873291016
30.592508792877197
30.47755765914917
30.300081491470337
30.784353494644165
31.91000771522522
29.964005708694458
30.088770151138306
30.786091089248657
30.336384296417236
30.324192762374878
30.523131132125854
31.031193733215332
30.60672903060913
30.12233066558838
30.12142777442932
30.273582220077515
30.525888919830322
30.284103393554688
30.33061146736145
30.22585153579712
31.41240406036377
30.326261520385742
32.37045621871948
30.62586212158203
30.418398141860962
31.02427077293396
31.16132688522339
30.369351387023926
30.62814450263977
30.460705757141113
30.732689142227173
30.73974919319153
30.233580350875854
30.23703932762146
30.315727710723877
30.22554636001587
30.41174054145813
30.411725759506226
30.402281045913696
30.626777410507202
30.91192388534546
30.147027492523193
30.40943455696106
30.650400400161743
30.39354968070984
30.46575093269348
30.48219609260559
31.094778776168823
30.404950380325317
30.541526556015015
30.272600889205933
30.76334309577942
30.01991081237793
30.24405074119568
30.55968928337097
30.687183380126953
30.331507921218872
29.900570154190063
30.454423666000366
30.844080209732056
30.36007809638977
30.830984115600586
30.155816316604614
30.891102075576782
30.41041374206543
30.37239670753479
30.525261163711548
30.50617289543152
30.77336573600769
30.252522230148315
31.057652473449707
30.270938873291016
30.696757555007935
31.32757806777954
31.034744024276733
30.855427026748657
30.738229513168335
30.682409048080444
30.26278066635132
30.33639883995056
31.601922035217285
30.637608528137207
30.64679193496704
30.135956048965454
30.61311388015747
30.46107769012451
31.12062406539917
33.65411996841431
30.879013299942017
30.68424892425537
31.19640064239502
31.48998999595642
30.948960781097412
30.744872331619263
31.65224599838257
30.95863389968872
30.599367141723633
30.32517910003662
30.382498502731323
30.727017164230347
30.58741593360901
32.11344599723816
30.429160594940186
30.32250452041626
30.38717484474182
30.696451902389526
30.5095431804657
30.123881101608276
30.698713302612305
30.22051763534546
30.787652730941772
31.055731296539307
30.53798770904541
30.346705436706543
30.38868808746338
30.642226934432983
30.548184871673584
33.73480796813965
31.709124326705933
30.596248626708984
30.5317165851593
30.66157054901123
29.25680375099182
31.50168490409851
30.536354541778564
30.795963525772095
31.13775324821472
30.917459964752197
30.446624994277954
31.060808420181274
31.338629007339478
31.3783962726593
31.051913499832153
30.572537660598755
31.232020378112793
30.78709864616394
30.546279191970825
30.050992250442505
30.74902105331421
30.812521934509277
30.500991344451904
30.991459846496582
30.26631999015808
30.17733597755432
30.97689914703369
30.667519330978394
30.83597445487976
30.619771003723145
30.224340438842773
30.5829119682312
30.189777612686157
30.27419424057007
29.848429441452026
30.30245542526245
31.18359613418579
30.38220500946045
30.412999153137207
30.259908199310303
30.2451171875
31.045288562774658
30.886236906051636
30.331671953201294
30.43894362449646
30.296461582183838
30.678755044937134
30.80969762802124
30.097709894180298
29.681467533111572
30.574265241622925
30.19661283493042
31.143617868423462
30.70840096473694
30.37847328186035
30.696778297424316
31.387134075164795
33.983134746551514
30.341618061065674
30.566324949264526
30.50493025779724
30.637958526611328
30.56446647644043
30.735532522201538
30.7961642742157
30.290004014968872
30.375268936157227
31.084784030914307
30.91955852508545
30.704045057296753
30.48984932899475
30.161293506622314
31.07521629333496
30.1677885055542
30.468318462371826
30.0079824924469
30.79472041130066
31.987664699554443
30.80161452293396
31.308128118515015
29.824052333831787
30.125977277755737
30.318399667739868
30.489953994750977
30.93287420272827
31.010390043258667
32.06704092025757
32.72886610031128
30.91560173034668
31.232596397399902
30.69204878807068
30.12049674987793
30.719172716140747
30.872212886810303
30.3941433429718
30.33168125152588
30.57016897201538
31.395439863204956
30.452611207962036
30.22727632522583
30.111963033676147
30.74235725402832
31.240113496780396
30.100255489349365
30.482159852981567
30.16206383705139
30.32971501350403
30.543135404586792
31.181998014450073
30.468624114990234
30.422065258026123
30.46373152732849
30.579649448394775
30.40725612640381
29.932855129241943
30.196458101272583
30.144776105880737
30.571418046951294
31.39205050468445
30.479132890701294
29.89492917060852
30.36063027381897
30.31550168991089
30.84331703186035
30.341713190078735
29.821269273757935
30.608703136444092
30.57826328277588
30.554360151290894
30.751553773880005
31.189658403396606
30.4632306098938
30.89531660079956
34.2563214302063
31.39820146560669
30.899540185928345
30.540615797042847
31.056967973709106
30.63801097869873
30.899702310562134
31.31698751449585
30.28680396080017
30.470378637313843
30.88811206817627
30.670934915542603
31.26803493499756
30.79235291481018
31.55708146095276
30.309793710708618
30.29557180404663
30.36753821372986
30.40787410736084
30.83101487159729
30.446874380111694
29.933178186416626
30.85000228881836
30.295876026153564
30.789363861083984
30.293594360351562
31.10427498817444
30.81625270843506
29.979328155517578
31.033114194869995
30.907079219818115
33.846473693847656
30.22417712211609
32.134904623031616
29.179244995117188
29.83751654624939
30.576045274734497
30.07069683074951
31.017749786376953
30.08456015586853
31.08924889564514
31.018123388290405
32.23369789123535
31.107261657714844
30.718796491622925
30.46172785758972
30.793338775634766
30.215584993362427
30.341830730438232
30.92323923110962
30.29513454437256
30.594326734542847
30.643672704696655
30.841593027114868
30.932629585266113
30.91374182701111
30.61865997314453
30.860473155975342
30.511361837387085
30.46529984474182
30.65928816795349
31.317373037338257
30.488617420196533
29.978272676467896
29.87935495376587
30.255053520202637
30.378304719924927
30.98065733909607
30.91862201690674
30.45341992378235
29.959078311920166
30.82229495048523
30.0861394405365
30.269984006881714
30.219032526016235
30.924106121063232
30.94657850265503
31.020817041397095
30.530003786087036
30.461790561676025
33.25197505950928
30.34400200843811
30.696038722991943
31.21955966949463
30.690502405166626
29.468479871749878
30.12128257751465
30.603639841079712
30.25562286376953
30.669548273086548
30.343059062957764
30.944783926010132
30.537648677825928
32.34414052963257
31.40727472305298
30.359964847564697
31.145421028137207
30.630220413208008
30.902281999588013
30.499452114105225
30.436609029769897
30.18181586265564
30.819376230239868
31.022852897644043
30.466383695602417
30.93870782852173
30.60916519165039
30.44958519935608
30.272950410842896
30.827362298965454
29.909263372421265
30.63901948928833
31.20767045021057
30.606341123580933
29.83606243133545
31.403128385543823
30.37368083000183
32.588741302490234
30.367640018463135
31.026559114456177
30.31126642227173
30.980649948120117
29.80253267288208
30.621473789215088
33.30057144165039
31.40110945701599
31.49654531478882
30.278533458709717
30.872175693511963
30.474615573883057
30.136428356170654
30.970823287963867
30.692766189575195
31.28021740913391
30.6633141040802
31.012685298919678
30.58326768875122
30.4650981426239
30.242923259735107
31.10293173789978
30.417363166809082
30.15563678741455
30.438690900802612
30.606406927108765
30.359851598739624
30.733434677124023
30.481750965118408
30.51448655128479
30.96557641029358
30.691377878189087
29.725568532943726
30.58990478515625
30.474045991897583
30.52007269859314
30.56657338142395
30.298368453979492
30.76319193840027
30.763696908950806
30.255846977233887
30.541167497634888
30.336920738220215
30.829161882400513
30.440189123153687
33.18752861022949
30.60887885093689
30.380146980285645
29.778726816177368
31.503830194473267
29.51313018798828
30.41381859779358
30.522321701049805
30.698234796524048
30.84680962562561
30.062736749649048
31.111854314804077
32.375593185424805
31.37582540512085
31.599016666412354
30.440475463867188
30.54228663444519
30.31917929649353
30.360233068466187
30.639071941375732
30.23491668701172
30.836949825286865
30.270909309387207
30.26119828224182
30.326096534729004
30.221234798431396
30.23297429084778
30.83500337600708
30.254674196243286
30.15496301651001
30.463672876358032
30.3521625995636
30.22314167022705
30.244290351867676
30.907095193862915
30.242969751358032
30.364366054534912
30.141746282577515
30.21375608444214
30.384377479553223
30.516170501708984
30.935529947280884
30.49614691734314
30.625375270843506
30.903244018554688
30.023437023162842
30.569151639938354
30.070678234100342
30.377195596694946
30.68554401397705
30.428670406341553
30.125938415527344
31.001224756240845
30.269594430923462
30.39348077774048
30.24028706550598
30.317707300186157
30.372583866119385
30.196534395217896
30.311826467514038
30.185837268829346
30.589163303375244
30.423054933547974
30.17303729057312
31.206836462020874
30.319563150405884
30.97148108482361
30.801356554031372
30.818089962005615
30.3985857963562
30.238759994506836
30.3076012134552
30.313648462295532
30.280303955078125
30.775869607925415
30.344213008880615
29.81195902824402
30.85594367980957
30.865726232528687
30.71189308166504
31.41246747970581
30.7087185382843
30.295894384384155
29.590438842773438
34.88021922111511
30.438902378082275
30.402270555496216
30.39048194885254
30.720576286315918
30.8717360496521
30.154987573623657
30.76094698905945
30.960049629211426
30.869258880615234
29.93912124633789
30.602354049682617
31.3331937789917
30.217247009277344
30.345757484436035
30.180967330932617
30.99440908432007
30.140156269073486
30.081759214401245
30.25432515144348
30.102911233901978
30.65962791442871
30.357085943222046
30.68286681175232
30.888837575912476
31.063724040985107
31.107602834701538
29.577852964401245
30.17807412147522
34.41659140586853
30.97909426689148
30.441529512405396
30.14590549468994
31.840034246444702
30.30217695236206
30.399391889572144
30.09970450401306
30.618126392364502
30.40454411506653
30.381970167160034
31.15089511871338
30.558047771453857
31.101611137390137
30.5828857421875
30.353405475616455
30.32369089126587
30.37362504005432
30.63974356651306
30.415157079696655
30.401183128356934
30.250056266784668
30.431687831878662
30.971027374267578
30.53339433670044
29.995115756988525
30.915486097335815
30.78296661376953
30.498753309249878
31.33950400352478
30.241569757461548
30.6039297580719
30.373122453689575
30.547805786132812
30.38810896873474
30.419336318969727
30.33933138847351
30.35899519920349
31.224785566329956
29.526473999023438
29.457770586013794
29.7059965133667
30.651474475860596
30.771485805511475
30.43262004852295
30.58023190498352
31.396341800689697
33.108301639556885
30.334580898284912
30.23382592201233
31.197946786880493
30.170936822891235
30.705347776412964
30.197386741638184
30.058087825775146
30.068870782852173
30.13563084602356
30.27470374107361
30.760743618011475
30.55031967163086
30.66655659675598
30.828693389892578
30.400705099105835
30.816279411315918
30.341927528381348
30.51011610031128
30.229321002960205
30.25386357307434
30.459790468215942
30.38122868537903
31.177486419677734
31.241379022598267
31.150604009628296
30.255995273590088
31.106513023376465
29.814883947372437
29.900636911392212
32.53584384918213
29.893800973892212
32.912235736846924
30.4285306930542
30.974379777908325
30.180511713027954
33.194761514663696
30.323544025421143
30.609522342681885
30.184669256210327
30.727268934249878
30.600331783294678
30.737690687179565
30.349525451660156
30.28831434249878
30.1263689994812
30.45826292037964
31.303945779800415
30.5474591255188
30.535569190979004
30.693625450134277
30.402747869491577
30.803168773651123
30.645655155181885
30.49053645133972
30.958226680755615
30.810667991638184
30.658630847930908
30.54318904876709
30.705098152160645
30.536871194839478
30.604029417037964
30.583953380584717
30.719084978103638
30.87724471092224
30.302550792694092
31.017850875854492
30.456523895263672
30.489126205444336
29.750718116760254
30.777109384536743
29.583112478256226
30.74359703063965
30.428712129592896
29.964383602142334
30.90705132484436
30.50357985496521
30.198214292526245
30.418760061264038
30.719348192214966
30.831934213638306
30.477030515670776
33.274062633514404
32.80035400390625
30.175992965698242
30.171958208084106
30.43307638168335
31.132308959960938
30.179581880569458
30.171516180038452
30.492007970809937
30.82493829727173
30.92413306236267
30.12703013420105
30.283584117889404
30.710509538650513
30.10650944709778
30.352675437927246
30.73818826675415
30.027587890625
30.476555824279785
31.055842876434326
30.368592262268066
30.657495260238647
30.286046504974365
30.570355653762817
31.067090034484863
30.38966464996338
30.218536853790283
31.128604888916016
30.73648190498352
30.579257249832153
30.48861527442932
30.597026824951172
31.381991147994995
31.033010721206665
30.572428941726685
30.630806922912598
31.915246963500977
30.830854177474976
30.58827519416809
30.444979190826416
29.889517784118652
31.09702730178833
30.20684027671814
30.923635721206665
33.42345333099365
30.70247173309326
30.357987642288208
30.406083583831787
30.945991039276123
30.091387271881104
30.775678396224976
30.24157428741455
30.18229603767395
30.81931471824646
30.803014039993286
30.8110568523407
30.523921251296997
30.41852068901062
30.330007553100586
30.42348027229309
30.336266040802002
30.631564140319824
30.923837184906006
30.2929904460907
31.09491229057312
30.35602617263794
30.073672771453857
30.32763361930847
30.637229204177856
31.115146160125732
30.74005699157715
30.270497798919678
31.62424063682556
29.430551767349243
32.55471658706665
30.475640773773193
30.81713843345642
32.204529762268066
30.201112031936646
31.050044536590576
29.725566148757935
31.34065818786621
30.417893409729004
30.398829460144043
31.1552996635437
33.17303705215454
30.13956928253174
30.46580195426941
30.156906366348267
30.538187742233276
31.049257278442383
30.934969902038574
30.950071334838867
30.91308307647705
30.275734663009644
30.658872365951538
30.443108320236206
31.03783917427063
30.112504482269287
31.17033314704895
30.155683517456055
30.914480686187744
30.70488691329956
29.941930770874023
30.019238233566284
30.77256727218628
30.6486394405365
29.903820514678955
30.039124727249146
30.55364465713501
31.463231563568115
31.823611974716187
30.99270534515381
30.8561007976532
31.551097631454468
30.77245044708252
30.27689480781555
32.54417967796326
30.183066606521606
32.424317359924316
30.736624002456665
30.689743995666504
30.296483039855957
31.098374843597412
30.237191438674927
30.599562168121338
30.312517404556274
30.57673168182373
31.32416009902954
30.409301042556763
30.506277084350586
30.311792135238647
30.467942476272583
30.30857276916504
29.97822070121765
30.262081384658813
30.78140950202942
30.22468852996826
31.14037275314331
30.49142861366272
30.803983688354492
30.61194610595703
30.40924644470215
30.40975522994995
30.793792009353638
30.16573739051819
31.037816762924194
31.063919067382812
31.471837759017944
30.640454292297363
29.34345841407776
30.204429149627686
31.143980264663696
31.170955657958984
31.408081769943237
30.222314834594727
33.85881471633911
31.649104118347168
30.366429805755615
30.34777522087097
30.878997087478638
30.16361355781555
30.18263077735901
30.447984218597412
30.486297369003296
30.503682613372803
30.11627697944641
30.459784507751465
30.42315101623535
30.482410430908203
30.561943769454956
30.44685673713684
30.3430233001709
30.157485723495483
30.40505337715149
30.721993684768677
30.742180585861206
30.290759086608887
30.233015537261963
29.758578300476074
30.116301774978638
32.14075970649719
30.193607091903687
30.701675176620483
29.613306999206543
30.21107316017151
31.980801105499268
30.66026544570923
33.440634965896606
31.229809522628784
31.188798189163208
30.57401752471924
30.66352915763855
31.628658771514893
31.06055998802185
30.498462677001953
30.557044506072998
32.901106119155884
30.870646715164185
31.441584825515747
30.550425052642822
30.033896923065186
29.476012706756592
30.586062908172607
30.65263795852661
29.535832166671753
30.56569480895996
30.58849287033081
31.11604118347168
30.270341873168945
30.82558012008667
30.35533356666565
30.750064611434937
30.331820011138916
30.27716064453125
30.043322801589966
30.16101336479187
31.683818578720093
30.311847925186157
31.291194915771484
30.388151168823242
30.451972484588623
32.435136795043945
30.790868997573853
30.454758644104004
30.271361589431763
30.578405380249023
30.235485553741455
29.563379049301147
31.228012084960938
30.239931344985962
30.31422185897827
30.30723214149475
32.30353307723999
30.771469593048096
30.445706129074097
30.204364776611328
31.01596164703369
30.84445595741272
30.223076343536377
30.453258991241455
30.71493649482727
30.44038224220276
30.4186909198761
30.62704038619995
30.851433038711548
30.323566675186157
30.570632696151733
30.202994108200073
32.74147963523865
31.360455989837646
30.215392589569092
30.27158808708191
30.507237434387207
30.545623064041138
30.922871828079224
30.416197061538696
30.78916358947754
30.02299213409424
30.67033100128174
30.87911820411682
30.242047786712646
30.653300285339355
30.282328128814697
30.706857204437256
30.653016567230225
30.89649987220764
31.144636869430542
31.31680202484131
30.841749906539917
30.689464569091797
30.141979932785034
31.023468732833862
30.313000440597534
30.685710430145264
30.8942711353302
30.363528966903687
30.612524271011353
30.06668496131897
30.265603065490723
30.309935569763184
31.58802604675293
30.34037756919861
30.556407690048218
30.735280752182007
29.63539409637451
30.583223581314087
31.71247100830078
30.729082345962524
30.67941117286682
30.951490879058838
32.66348314285278
31.822495460510254
31.07054901123047
31.23278570175171
30.515535593032837
30.256461143493652
30.70637011528015
31.066972017288208
30.297799348831177
30.304597854614258
30.52233624458313
30.68877077102661
31.145097017288208
30.38434648513794
30.569095611572266
30.303227186203003
30.935811519622803
30.39140796661377
30.900630950927734
32.223968505859375
31.53097891807556
30.865333557128906
30.63707137107849
31.411743879318237
30.953108310699463
30.738863945007324
30.35613703727722
30.765328645706177
30.674343824386597
30.56637406349182
30.184789657592773
30.808931827545166
30.26554250717163
32.94357371330261
30.52477741241455
30.521044969558716
30.46517014503479
31.415374040603638
30.612845182418823
30.81525158882141
33.28770923614502
31.000187397003174
30.320146322250366
30.99294948577881
30.279316902160645
30.537840604782104
31.050326824188232
30.44968295097351
30.889938592910767
30.551361322402954
30.89841890335083
31.225698947906494
30.186726331710815
30.6115505695343
30.49933171272278
30.298076629638672
30.572550773620605
30.277961492538452
30.084057569503784
30.768418788909912
30.102659702301025
30.28909707069397
31.117679595947266
30.26427125930786
31.71548891067505
30.37249207496643
30.200291872024536
30.130335092544556
31.09758758544922
30.26832151412964
30.475605010986328
30.370561361312866
30.273369312286377
30.21771264076233
30.725237369537354
30.36466932296753
31.419772624969482
30.253242015838623
30.166985988616943
31.13638472557068
30.477521181106567
30.618977308273315
30.31949472427368
30.27863597869873
30.890997648239136
30.3449547290802
30.506633043289185
30.9731924533844
31.084970951080322
30.443054914474487
30.632578134536743
30.241640090942383
30.775924921035767
30.968328714370728
31.10847520828247
30.351344108581543
30.539507627487183
30.1991069316864
30.919716835021973
30.38017201423645
30.745201349258423
31.025594472885132
31.1114399433136
30.548948764801025
31.361877918243408
30.3320791721344
31.832518100738525
30.319440841674805
31.710349798202515
30.02546715736389
32.27132248878479
32.319411516189575
30.301162242889404
30.35731863975525
30.440237760543823
30.205295085906982
30.44946002960205
30.659203052520752
30.58363175392151
30.41472291946411
30.909922122955322
30.525476932525635
30.595762729644775
30.3576877117157
30.24974513053894
30.45227289199829
30.845677375793457
30.420379161834717
30.49260973930359
30.308443546295166
31.122533559799194
30.707070350646973
30.60113787651062
30.80839228630066
30.499413013458252
30.25660014152527
31.08338952064514
30.305849075317383
30.47169327735901
30.270732879638672
30.447724103927612
30.299283742904663
31.188866138458252
30.397296905517578
31.158311128616333
30.124629497528076
32.20565724372864
31.23313879966736
31.769126176834106
30.4063720703125
32.691298484802246
31.160968542099
30.34869933128357
30.56002926826477
30.222894430160522
30.634746074676514
30.235051155090332
30.300572872161865
30.507643699645996
30.102914810180664
31.051783800125122
30.297847270965576
31.389715909957886
31.02183747291565
30.443543195724487
30.144901990890503
30.613743782043457
31.21130108833313
31.332465410232544
30.49396777153015
30.40025520324707
29.969494581222534
31.29828453063965
30.38242816925049
30.833393335342407
30.34668517112732
30.396974563598633
30.22225022315979
30.56628656387329
30.748649835586548
30.386046886444092
30.297096252441406
30.668994426727295
30.634674549102783
30.793001174926758
30.76733684539795
30.459243774414062
30.821677923202515
30.458505392074585
31.195329427719116
30.527673482894897
31.591961145401
29.98448896408081
31.060625076293945
30.229114294052124
30.65265655517578
30.415346145629883
30.95566463470459
30.57369589805603
31.61825466156006
30.232456922531128
32.38007926940918
30.2205753326416
31.3678719997406
30.047290325164795
32.147762298583984
32.50719475746155
30.73594307899475
30.047982215881348
30.29556703567505
31.085527658462524
30.629245281219482
29.98024559020996
31.487645149230957
30.931825399398804
30.416271924972534
30.674260139465332
30.338002681732178
30.175219535827637
31.088587760925293
30.522912979125977
30.85547685623169
30.418127059936523
30.683762550354004
30.987998962402344
30.64035654067993
30.354421854019165
31.63471817970276
30.47657537460327
31.161469221115112
30.397790670394897
31.133320331573486
30.409026861190796
30.123573780059814
31.183791875839233
30.898456811904907
33.2201714515686
30.599786520004272
30.584758043289185
31.098461389541626
30.17005729675293
30.865400791168213
30.411198377609253
31.068257570266724
31.464028120040894
30.598336935043335
29.822649240493774
30.346118450164795
30.641956567764282
31.37084937095642
30.25080418586731
30.616081953048706
30.81021499633789
30.599188327789307
31.043505907058716
30.28510880470276
30.448650598526
31.332587718963623
31.45414400100708
30.508185148239136
31.614800930023193
30.4438214302063
31.566179275512695
30.52588438987732
31.43895125389099
30.863178968429565
33.63928437232971
30.467435836791992
32.000142097473145
30.47773313522339
29.93464183807373
30.393919229507446
30.43994379043579
30.687795400619507
30.492595434188843
30.673214197158813
30.354706287384033
30.69769048690796
30.31723117828369
30.4812171459198
30.605109691619873
31.324108123779297
30.631335020065308
30.504133224487305
30.49218225479126
30.27391290664673
30.0834698677063
30.429353713989258
30.484894514083862
31.656683206558228
30.48460555076599
31.3556489944458
30.050543308258057
31.88200283050537
30.672518014907837
31.913726091384888
30.193355321884155
32.58238697052002
32.447386741638184
30.73949098587036
30.378128051757812
30.629398822784424
30.476380586624146
30.399205207824707
31.08370327949524
30.320467472076416
30.554137706756592
30.415231704711914
31.337170600891113
30.65115761756897
30.806318998336792
30.429301500320435
30.7848482131958
30.27642798423767
30.71135687828064
30.349794149398804
30.79414963722229
30.989925622940063
30.585586071014404
30.96082353591919
31.16686511039734
30.511296272277832
31.174208402633667
30.732981204986572
31.499067783355713
30.84865140914917
31.574968338012695
30.09652543067932
33.046618700027466
30.399938583374023
31.110660552978516
30.238433599472046
30.83539366722107
30.480701684951782
30.225041151046753
30.341590881347656
30.923458576202393
31.030611038208008
30.56398296356201
31.008399963378906
30.962988138198853
30.884671688079834
30.60620403289795
30.588834762573242
30.289778470993042
30.600522994995117
30.98127293586731
30.21408438682556
30.232582330703735
30.829290866851807
30.59928584098816
30.39572262763977
30.768637657165527
30.447051763534546
30.141092538833618
30.437337398529053
30.380704641342163
30.63792848587036
30.19944930076599
30.848381996154785
31.302704572677612
30.59709095954895
30.78933095932007
31.10745143890381
30.18004560470581
30.84203290939331
30.750422477722168
31.12993597984314
30.291566610336304
31.73432183265686
30.250695943832397
33.325005292892456
32.90263819694519
30.33763289451599
30.918022394180298
30.29211711883545
30.246129512786865
30.440014600753784
30.44477677345276
30.998656034469604
30.635130643844604
31.245609045028687
30.599667072296143
31.030529022216797
30.469154596328735
30.68349814414978
30.403870105743408
30.31055235862732
30.6984920501709
30.130579710006714
30.528563976287842
31.092732667922974
30.331865072250366
30.311664581298828
30.904244422912598
29.998183727264404
31.408385753631592
30.987544536590576
31.704676151275635
30.46190571784973
31.325167894363403
30.32128882408142
31.517563819885254
33.23363709449768
30.968180894851685
31.328315258026123
30.69200873374939
31.052231311798096
30.778043031692505
30.827440977096558
30.282056093215942
30.345642805099487
30.762995958328247
30.316916465759277
30.948908805847168
30.311049222946167
30.485010385513306
30.35335946083069
30.801507711410522
30.798567533493042
30.57988429069519
31.60081434249878
31.056730270385742
30.339293956756592
30.37727689743042
30.332000017166138
30.85033369064331
30.063676595687866
31.23773455619812
30.435828924179077
31.492217779159546
30.269249200820923
31.728711366653442
30.807177305221558
32.943323373794556
32.31167221069336
