30.59313464164734
30.25519871711731
28.755191802978516
30.63349723815918
30.24535822868347
30.20488667488098
30.598923206329346
30.45318913459778
30.658151149749756
30.219835996627808
30.708068370819092
28.116859912872314
30.947191953659058
28.955719470977783
30.359192609786987
30.49168872833252
31.225232362747192
30.3932363986969
30.803979873657227
29.9354887008667
30.23280382156372
30.41047501564026
30.50694489479065
30.806243181228638
30.622869968414307
30.988483667373657
30.70006012916565
30.29028296470642
30.243743419647217
30.445679426193237
29.896058320999146
29.73705530166626
30.627930641174316
30.580665826797485
29.116265535354614
30.73164963722229
30.497907638549805
30.630282402038574
30.310489416122437
28.947726726531982
30.470415592193604
29.367850065231323
30.841636657714844
30.61919856071472
30.944664239883423
30.203776836395264
30.4487407207489
30.22230339050293
30.759477853775024
28.30515956878662
30.684609413146973
29.65838098526001
30.44361400604248
30.28837776184082
31.350709199905396
30.387983083724976
30.681799173355103
30.25513792037964
30.838427305221558
30.48873734474182
30.693742752075195
30.333089113235474
30.21187448501587
30.62908625602722
30.746496438980103
30.410358428955078
30.423622846603394
30.441787481307983
29.437844276428223
28.84944748878479
26.50993514060974
29.22432851791382
29.90870475769043
29.51486873626709
30.792717456817627
30.877109050750732
30.33313250541687
30.162362337112427
30.68394136428833
30.34156107902527
29.466094732284546
30.788251399993896
29.11956477165222
33.20278787612915
29.772839784622192
31.63069748878479
30.24107837677002
31.1809184551239
29.50753426551819
30.565648078918457
29.85336422920227
30.842668056488037
29.70183229446411
30.962711572647095
30.27064538002014
30.93537402153015
30.878334760665894
30.4555025100708
30.930171489715576
30.61311411857605
29.03393244743347
31.309231996536255
29.543001890182495
30.825438499450684
30.034482955932617
30.177200078964233
30.430105209350586
30.38752818107605
30.470874071121216
30.41248846054077
30.329487323760986
30.5149667263031
30.976064443588257
29.947755336761475
30.512165546417236
29.869064807891846
30.15782928466797
31.15987205505371
30.886589288711548
30.113478899002075
29.921997785568237
30.49973440170288
31.068315267562866
31.169039964675903
30.686996459960938
30.345252990722656
30.08371353149414
30.568045377731323
30.45833706855774
30.74404740333557
29.527119636535645
31.592212200164795
29.76335334777832
30.96281385421753
30.322760581970215
30.15354895591736
30.75296902656555
30.38721799850464
30.38353133201599
31.00850534439087
30.466463327407837
30.398924589157104
30.48966407775879
30.015353679656982
30.58639097213745
30.13593602180481
30.369372606277466
30.406389951705933
30.789745330810547
30.78343391418457
30.95072627067566
30.300472021102905
30.39284896850586
29.977646112442017
30.705846309661865
30.632417678833008
30.96681809425354
30.600524425506592
30.200385332107544
30.270210027694702
30.613173246383667
30.017245054244995
32.25238251686096
29.605005741119385
30.521711349487305
30.007885456085205
30.66426134109497
30.235151290893555
30.159745931625366
30.453046560287476
30.160635709762573
30.492671728134155
30.57687520980835
30.746490955352783
30.11811137199402
31.421342611312866
30.143398761749268
30.7252676486969
30.85767960548401
31.16817593574524
30.367219924926758
30.779375314712524
30.118470430374146
30.623018264770508
30.295185804367065
30.30885887145996
30.507367849349976
30.440085411071777
30.474002599716187
30.82256555557251
30.688957929611206
30.550493240356445
29.94324517250061
31.696044445037842
29.957721948623657
30.736515998840332
30.889392375946045
30.748059272766113
30.385077476501465
30.29994010925293
30.767370462417603
30.440105438232422
31.104334592819214
30.236984968185425
31.365720510482788
30.58837103843689
30.990718841552734
30.419391870498657
30.919917583465576
30.097054481506348
30.852118968963623
30.472299098968506
30.735926151275635
30.288698196411133
30.729149103164673
30.105605363845825
30.857972621917725
30.086844444274902
31.063907384872437
30.18238091468811
30.770368576049805
30.484321355819702
30.640363216400146
29.434184074401855
29.27256464958191
29.949704885482788
30.459514141082764
29.988983631134033
30.512701272964478
30.535030603408813
30.543707609176636
30.36799907684326
30.780221939086914
30.95144295692444
30.30016303062439
30.555928945541382
30.116934061050415
30.525476932525635
30.26201343536377
30.4002046585083
30.56561017036438
31.075933933258057
30.83976411819458
30.96353578567505
30.66667366027832
30.73065209388733
30.83566403388977
30.940184354782104
30.21169400215149
30.72227931022644
30.59694814682007
30.795936584472656
30.474605798721313
30.644068002700806
29.462225914001465
29.722636699676514
29.980223417282104
30.252476692199707
30.37019944190979
30.35570240020752
30.139636754989624
31.256802797317505
30.248612642288208
30.542491912841797
30.670161485671997
30.66167402267456
30.54720449447632
30.717724084854126
30.83717179298401
30.165684461593628
30.494606971740723
30.179503917694092
31.089996337890625
30.57848596572876
30.76973581314087
30.521549224853516
30.67213201522827
30.349191665649414
31.691863775253296
30.147281408309937
30.89510440826416
30.60857129096985
30.12503147125244
30.709762573242188
30.575002670288086
29.951027154922485
31.476345777511597
30.61418104171753
30.218984127044678
30.186904907226562
30.55868649482727
30.963681936264038
30.469342470169067
30.486188650131226
30.698081016540527
30.436459064483643
30.564684867858887
30.387460231781006
30.193740606307983
30.48486590385437
30.931835174560547
30.562885522842407
30.618077754974365
30.908998250961304
30.132668495178223
30.942311763763428
29.94213318824768
31.51149868965149
30.533392190933228
30.56900691986084
30.87738037109375
30.443256855010986
31.198864698410034
30.092733144760132
31.083295583724976
30.663554191589355
30.37034559249878
30.520456790924072
30.53683876991272
30.677470445632935
30.516762495040894
30.20665454864502
30.466487884521484
30.40003490447998
30.303460836410522
30.71345329284668
30.533761501312256
30.558413982391357
30.64289927482605
30.518850088119507
30.173920392990112
30.646573305130005
30.431026935577393
30.623291015625
30.714359283447266
30.62901020050049
30.836485147476196
30.507090091705322
30.578498601913452
30.42860507965088
31.204965353012085
30.881763458251953
31.084762811660767
30.19825768470764
30.35637903213501
30.35258674621582
30.497698068618774
30.094043731689453
30.89052963256836
30.368431329727173
31.19074773788452
30.525123357772827
30.62900733947754
30.32838249206543
30.484527349472046
31.387274026870728
29.92823338508606
30.944276094436646
30.25770926475525
29.881288528442383
31.03669261932373
30.446577072143555
30.31914472579956
30.28307271003723
30.631590843200684
30.306690454483032
30.383272409439087
30.48690700531006
30.13144588470459
30.459837436676025
30.43937397003174
30.642313957214355
30.527853965759277
30.624611139297485
30.135401725769043
30.47605800628662
30.38190197944641
30.36277675628662
30.92274260520935
30.347546100616455
30.570160388946533
30.163604497909546
30.87865114212036
30.922558069229126
31.314985513687134
30.67686915397644
30.395947217941284
30.821263313293457
30.126717567443848
30.881239891052246
30.46614909172058
30.37419033050537
30.685457229614258
30.720285177230835
30.584999322891235
30.62349772453308
30.95256280899048
30.286779165267944
30.902983903884888
30.484232187271118
30.36677575111389
29.995591640472412
30.971227645874023
30.873090505599976
30.482030153274536
30.11982035636902
30.73228168487549
30.433701992034912
30.536948919296265
30.465592622756958
30.59696626663208
30.318107843399048
30.73647689819336
30.54515552520752
30.402891397476196
30.111104011535645
30.886959314346313
30.53072166442871
30.17607545852661
31.042706727981567
31.44504475593567
30.696383953094482
30.46422529220581
30.546004056930542
30.203078031539917
30.46797823905945
30.722861289978027
30.571125984191895
30.46336317062378
30.615006923675537
30.9190936088562
30.646196365356445
30.595535039901733
30.469693899154663
30.589656829833984
29.954303979873657
31.18425941467285
30.65605401992798
30.421592235565186
30.152864456176758
30.429707765579224
30.098243236541748
30.51643180847168
30.436482667922974
30.476698875427246
30.652152061462402
30.962411642074585
30.289292573928833
30.886959552764893
31.459622859954834
31.189095973968506
30.69032621383667
30.30164861679077
30.522943019866943
30.553239583969116
30.431019067764282
30.27395725250244
30.810929775238037
30.68575644493103
30.501616716384888
30.56558918952942
30.635282516479492
30.659661054611206
30.706881999969482
30.583025455474854
30.72877311706543
31.18853998184204
30.383141040802002
30.974266529083252
30.703786611557007
30.319031715393066
30.505921125411987
30.86232590675354
30.12623691558838
31.22368550300598
30.462536334991455
30.415077209472656
30.543030977249146
30.363272190093994
31.78326654434204
30.84660243988037
30.776793479919434
30.632731676101685
30.612365245819092
30.30950093269348
30.370320320129395
30.83269214630127
30.601422786712646
30.64453959465027
30.070237159729004
31.118361949920654
30.687347888946533
30.436289072036743
30.29670739173889
30.616764545440674
30.447904586791992
30.725353002548218
30.287062168121338
30.29695415496826
30.604360818862915
30.704936027526855
30.133968830108643
30.783560752868652
30.175780057907104
30.538687705993652
30.40085792541504
30.59862995147705
30.388127326965332
30.13357901573181
30.62701439857483
31.002686262130737
30.473697900772095
31.08205246925354
30.96216368675232
30.521641969680786
30.135565996170044
30.968371152877808
30.71596908569336
30.93838667869568
30.585424661636353
30.504825353622437
30.233171224594116
30.69492506980896
30.75419783592224
30.955817937850952
30.28784489631653
30.921507358551025
30.518046855926514
30.669825077056885
30.274338960647583
30.210267543792725
30.328734397888184
31.077504634857178
30.23183536529541
30.323207139968872
30.598134994506836
30.624006271362305
30.79012894630432
30.52149248123169
30.731399297714233
30.46834969520569
30.981759309768677
30.133893251419067
30.069738149642944
30.481791496276855
30.29763388633728
30.70635747909546
30.473049879074097
30.448399543762207
30.547870635986328
30.332295894622803
30.496137857437134
30.64893627166748
30.476208686828613
30.454322576522827
30.713720083236694
30.54445743560791
30.91139006614685
30.49738621711731
30.86605191230774
30.397037029266357
30.5624098777771
29.994544744491577
30.957752466201782
30.44610595703125
30.57965064048767
30.691298723220825
30.195899724960327
30.148151397705078
31.20270872116089
31.131688833236694
30.577889919281006
30.78510284423828
30.55904483795166
30.758840799331665
30.39203929901123
30.102888822555542
30.470808744430542
30.38279390335083
30.383562803268433
30.747280597686768
30.727840185165405
30.476757526397705
30.483026266098022
30.54628872871399
30.56295418739319
31.375886917114258
30.947067975997925
30.392401933670044
30.779646396636963
30.286605834960938
30.564897298812866
30.177358388900757
30.579041719436646
30.607099056243896
31.155592918395996
30.243298053741455
30.175065517425537
30.794615745544434
31.151259183883667
30.665498971939087
30.08891010284424
30.4023597240448
30.491857051849365
30.474709033966064
30.236190795898438
30.08694887161255
30.747241735458374
30.34259557723999
30.56932783126831
30.564173221588135
30.900529146194458
30.149994373321533
31.02083468437195
30.91144108772278
31.69730019569397
30.238258361816406
30.66485285758972
30.521812438964844
30.672001123428345
30.084956884384155
30.79424500465393
30.379393577575684
31.307169198989868
30.995031118392944
31.249772548675537
30.41761827468872
30.24451971054077
30.120304584503174
30.50336456298828
30.730506420135498
31.57018256187439
30.412962198257446
30.217868089675903
30.52937340736389
30.73237895965576
30.750827312469482
30.43717670440674
30.38218379020691
30.479923009872437
30.703033924102783
30.447961568832397
31.10106897354126
30.70010781288147
30.942983627319336
30.428244829177856
31.41107702255249
30.574530601501465
30.3844895362854
30.222742795944214
30.75873827934265
30.662595987319946
30.99951672554016
30.107486724853516
30.48409342765808
30.397958755493164
31.502511739730835
30.597302675247192
30.223674058914185
30.51466655731201
31.306609869003296
30.527210235595703
30.45804738998413
30.568031072616577
30.587034225463867
30.124494552612305
30.593398809432983
30.66749930381775
30.41389536857605
30.13562512397766
30.136342763900757
30.63007616996765
31.154670238494873
30.745859146118164
30.4377224445343
30.649049997329712
30.96311116218567
30.298619747161865
30.505179405212402
30.0047287940979
30.676084756851196
30.57852792739868
30.710107803344727
30.980337858200073
30.450695514678955
31.083351373672485
30.462728261947632
30.57046627998352
30.55650281906128
30.771923303604126
30.922319173812866
30.56261682510376
30.50970220565796
30.229161262512207
30.65938711166382
30.55586814880371
31.040343046188354
30.14294457435608
30.645898818969727
31.017939805984497
30.330265522003174
30.95639395713806
30.24895215034485
30.45342254638672
30.31393074989319
30.503650188446045
30.75965189933777
31.004053115844727
30.810138463974
30.813703060150146
30.82879877090454
30.73866033554077
30.729372262954712
30.64547848701477
30.400829315185547
30.84525465965271
30.635807275772095
30.571977138519287
30.19169783592224
30.083908319473267
30.977376699447632
30.86155676841736
30.504401206970215
30.671602249145508
30.82235288619995
30.353184461593628
30.35831642150879
30.673226833343506
30.872393131256104
30.625240802764893
30.61827564239502
31.152467489242554
30.578627347946167
30.297637939453125
30.71023440361023
30.60472798347473
31.269405126571655
30.460597038269043
30.237185955047607
30.526821851730347
30.57416582107544
30.05252981185913
30.589230060577393
30.29471468925476
30.652709007263184
30.642354249954224
30.747551202774048
30.280842304229736
30.183123350143433
30.679779767990112
30.943068742752075
30.63409733772278
30.550779104232788
30.736130714416504
31.239365100860596
30.699721574783325
30.262443780899048
30.27057981491089
30.444790601730347
30.769117832183838
31.039438724517822
30.558987617492676
30.81930184364319
30.623127460479736
30.529294729232788
30.452614545822144
30.84529399871826
30.423707246780396
30.690837860107422
30.625149250030518
30.37977886199951
30.628020524978638
30.750901699066162
29.953682899475098
30.635616064071655
30.934985160827637
30.58036780357361
30.33620262145996
30.908645153045654
30.246083974838257
30.89931011199951
30.224015474319458
30.685208082199097
31.231616258621216
30.627935647964478
30.530561685562134
31.448959589004517
30.447558164596558
30.561596155166626
30.5205340385437
30.500211715698242
30.506118774414062
30.330488681793213
30.28081488609314
30.90887761116028
30.830363273620605
30.58280897140503
29.983641862869263
31.12447237968445
30.49411106109619
30.272324323654175
30.857401609420776
30.977852821350098
30.62149739265442
30.622020721435547
30.418984413146973
30.832502841949463
31.10397696495056
30.337335348129272
31.053577661514282
30.767695903778076
30.659631490707397
30.69707465171814
30.452621698379517
30.21577000617981
30.50615429878235
30.913353443145752
30.327723741531372
30.33420491218567
30.55214810371399
30.07528305053711
30.473475456237793
30.722353219985962
30.525535345077515
30.88884401321411
30.314830541610718
30.50361156463623
30.272100925445557
30.758259057998657
30.166971683502197
30.985380172729492
30.829712629318237
30.632749795913696
30.32186508178711
31.18011999130249
30.498390674591064
30.621389389038086
31.1964271068573
30.820448398590088
30.320706605911255
30.58166003227234
30.47019338607788
30.582637071609497
31.00720977783203
30.522374868392944
30.442612171173096
30.107257604599
30.107064962387085
30.742634057998657
30.7931170463562
30.190027713775635
30.82879328727722
30.446594715118408
30.685081720352173
30.02823281288147
30.26056218147278
30.796577215194702
30.788838386535645
30.441198110580444
30.552380561828613
30.307700157165527
30.81735396385193
30.65710163116455
30.440651416778564
30.62187123298645
30.195613145828247
30.3362455368042
31.300682306289673
30.945191621780396
30.128900051116943
31.263376474380493
30.39309859275818
30.40365195274353
31.19371271133423
30.388354778289795
30.19639253616333
30.114936590194702
30.344911336898804
30.597960948944092
29.857300281524658
30.578847885131836
30.35907793045044
30.441172122955322
30.184032678604126
30.31000828742981
30.192652463912964
30.25356125831604
30.210684776306152
30.24241328239441
30.625941514968872
30.75065279006958
30.23456621170044
30.272098779678345
30.569703340530396
30.08379626274109
30.562998056411743
30.413116455078125
30.26032567024231
30.384814262390137
31.503884315490723
30.57621145248413
30.76405358314514
30.47075319290161
30.110782384872437
30.39775586128235
30.43418550491333
30.53159213066101
30.52452802658081
30.86271357536316
30.53642773628235
31.016204833984375
30.669872522354126
30.88654112815857
30.96080780029297
30.31929326057434
31.294790744781494
30.206949710845947
30.287619590759277
30.62226939201355
30.900815963745117
31.20785927772522
30.544694900512695
30.303616285324097
31.412256240844727
30.60199284553528
30.696584224700928
30.043710947036743
30.502808570861816
30.64629578590393
30.852399349212646
30.474491596221924
30.30634570121765
30.50756001472473
30.7034010887146
30.2296884059906
30.73157024383545
30.82922601699829
30.766915559768677
30.70498275756836
30.683146476745605
30.00497317314148
30.35387349128723
30.211554050445557
30.745159149169922
30.586912870407104
31.238940000534058
30.96722412109375
31.166141510009766
29.949355840682983
30.881687879562378
30.39568543434143
30.581850290298462
30.108879327774048
30.76466178894043
30.3510525226593
30.7509343624115
30.64738178253174
30.295340299606323
30.91229271888733
30.576170206069946
30.68697166442871
30.85770535469055
30.873244047164917
30.87386918067932
30.336650133132935
30.635040283203125
30.966394186019897
30.5219304561615
30.436325550079346
30.45108413696289
30.6342191696167
30.27823233604431
30.272239685058594
29.867340803146362
30.66152834892273
30.171505212783813
30.557064533233643
30.79050326347351
30.462181091308594
30.676798105239868
30.362346410751343
30.16572594642639
30.67188024520874
30.27784013748169
30.836772203445435
30.42971396446228
30.324949979782104
30.295222997665405
30.2652804851532
30.38078999519348
30.83660912513733
30.363232851028442
30.868458032608032
30.43692421913147
30.59664559364319
30.746890783309937
31.374324083328247
30.040674209594727
31.18814182281494
30.49154281616211
31.15606951713562
30.550622940063477
30.38031244277954
30.50969624519348
30.168607234954834
30.14311957359314
30.607330799102783
30.30828285217285
31.057830572128296
30.446329832077026
31.040823698043823
30.38985323905945
30.93250274658203
30.79310417175293
30.559812784194946
30.18767738342285
30.44711995124817
30.31583881378174
30.276170015335083
30.017622709274292
31.10213303565979
30.397061347961426
30.26286745071411
30.561472177505493
30.83493709564209
30.259432554244995
30.585339069366455
31.32742404937744
30.771971464157104
30.034767866134644
30.91001534461975
30.448578119277954
30.363516092300415
30.535027980804443
30.286999702453613
30.71225643157959
31.223369598388672
30.154887437820435
30.856507778167725
30.700165033340454
30.8432719707489
30.277721881866455
31.39159631729126
30.47307586669922
30.669366598129272
30.78271722793579
31.188748598098755
30.40186333656311
31.240201234817505
30.409491539001465
30.39122748374939
30.780981063842773
31.298384428024292
30.941124200820923
30.93139624595642
30.288559198379517
30.319203853607178
30.69504404067993
30.04428195953369
30.90239429473877
30.973012447357178
30.68463397026062
31.232468366622925
30.70704483985901
30.693995237350464
30.509195566177368
30.702204942703247
30.655406951904297
31.380351305007935
30.86388373374939
30.93623161315918
30.440340042114258
31.041837215423584
30.183668613433838
30.98798179626465
30.24381947517395
31.14087700843811
30.763787746429443
30.729750394821167
30.22513175010681
30.37268090248108
30.198834657669067
30.58336901664734
30.318737030029297
31.11625623703003
30.58449697494507
30.421552419662476
30.370116472244263
30.143420219421387
30.777787446975708
31.049092054367065
30.570690631866455
30.814910411834717
30.257047414779663
31.15533685684204
30.604429244995117
31.047942638397217
30.327584743499756
30.40967559814453
30.326310634613037
31.332799673080444
31.00785756111145
30.588886976242065
30.65195941925049
30.795925617218018
30.44718861579895
30.982820987701416
30.272974014282227
30.82772421836853
30.457740306854248
30.635345220565796
30.154539823532104
30.442012310028076
31.091472148895264
30.52302384376526
30.294671773910522
30.419789791107178
31.039509057998657
30.32806086540222
30.509010076522827
30.722724199295044
30.99263286590576
30.340944528579712
30.407208919525146
30.537336111068726
30.4499773979187
30.656206607818604
30.432326793670654
30.6448917388916
30.082553386688232
30.799694299697876
29.931897401809692
30.90220355987549
30.328349113464355
30.263020992279053
30.36677598953247
30.807604551315308
30.314692974090576
30.767359733581543
30.3595187664032
30.453124046325684
30.909581184387207
30.745929479599
30.484790325164795
30.947333574295044
30.82130742073059
31.332526206970215
30.36726427078247
30.05213737487793
30.86021661758423
30.13865828514099
29.99638843536377
30.719321489334106
30.620362520217896
30.62252902984619
30.174211978912354
30.732277870178223
30.401937246322632
31.31491732597351
30.81482219696045
30.981483697891235
31.131059885025024
30.730559825897217
30.41782522201538
30.501606225967407
30.489178895950317
30.429473400115967
30.17682957649231
30.78004789352417
30.68351721763611
30.663669109344482
30.118786096572876
30.811950206756592
30.431153059005737
30.82595419883728
30.668896436691284
30.941528797149658
30.38376760482788
30.62525701522827
31.08589792251587
30.436078786849976
30.182007312774658
30.42049527168274
31.08907675743103
30.865208864212036
30.732364177703857
30.475730419158936
30.534679889678955
30.907233238220215
30.446006298065186
30.749560117721558
31.326196432113647
30.229565143585205
30.200428009033203
29.958391666412354
30.574831247329712
30.248460292816162
30.45125699043274
30.625324964523315
30.491901397705078
30.294224739074707
30.33464527130127
30.496114253997803
30.663010597229004
30.82176113128662
30.102110385894775
30.930530309677124
30.685793161392212
30.3703773021698
30.162670135498047
30.004034996032715
30.77077889442444
30.697988510131836
30.17569661140442
30.808017015457153
30.404961109161377
30.149879455566406
30.538853645324707
30.537388801574707
30.749597311019897
30.660315990447998
30.75017476081848
31.015830993652344
30.74738311767578
31.114834785461426
30.37924313545227
30.18269371986389
30.138511657714844
30.920634984970093
30.278592109680176
30.55776858329773
30.501496076583862
30.54223394393921
30.258831024169922
30.540398836135864
31.1140239238739
31.254958152770996
30.497767210006714
30.501699209213257
30.422679901123047
30.533953428268433
30.3835666179657
30.23486614227295
30.609172821044922
31.018855094909668
30.83044981956482
30.290435075759888
30.226807355880737
30.5644474029541
30.220436573028564
30.916020154953003
30.22311305999756
31.24981713294983
30.662886142730713
30.332140922546387
30.413998126983643
30.448046684265137
30.953927755355835
30.71318292617798
30.26844596862793
31.022117137908936
30.253110885620117
30.27364754676819
30.889246702194214
30.126638889312744
31.37242603302002
31.201769828796387
30.490718126296997
30.755606651306152
30.402181148529053
30.79377794265747
30.371493577957153
30.55892562866211
30.39964485168457
30.9222674369812
30.910914659500122
31.226282596588135
30.224453687667847
30.9920392036438
31.316678047180176
30.299885749816895
30.225231647491455
30.8863787651062
30.274413347244263
30.515087604522705
30.726802587509155
30.506265878677368
30.970099925994873
30.578529119491577
30.26469373703003
30.74820899963379
30.266287565231323
30.441057682037354
29.961456775665283
30.39765167236328
31.064045429229736
31.12311840057373
30.75495481491089
30.909780025482178
30.907572031021118
30.604729890823364
30.508318424224854
30.469721794128418
29.950376749038696
30.733402967453003
30.684436798095703
30.983023166656494
30.22608709335327
31.465348482131958
30.43676447868347
30.500808000564575
30.194961071014404
30.68320918083191
30.419280290603638
30.44623565673828
30.049695253372192
30.700114011764526
30.077558279037476
31.15793752670288
29.977648735046387
30.504193782806396
30.07302451133728
30.12185025215149
30.252437829971313
30.22508215904236
30.813292264938354
31.282721996307373
30.10688591003418
30.691665172576904
30.4882972240448
30.290882349014282
30.13964343070984
30.48679256439209
30.733532667160034
30.319527864456177
30.56018567085266
31.008530139923096
30.39000916481018
30.28847312927246
30.409231424331665
30.67155408859253
30.694454431533813
30.757493257522583
30.262242794036865
30.73341131210327
30.306131601333618
31.249530792236328
30.130898237228394
30.6976478099823
30.153844833374023
30.468183279037476
30.174217462539673
30.503509998321533
30.99902629852295
30.2044734954834
31.0120952129364
31.740554332733154
30.802465677261353
30.625712394714355
30.96246576309204
30.538131952285767
30.775209665298462
30.893010139465332
30.84187650680542
31.12708330154419
30.280070543289185
30.49536633491516
30.345299243927002
30.956430435180664
30.759122371673584
30.98865056037903
30.68296504020691
30.826061725616455
30.293800830841064
30.192558765411377
31.060291528701782
30.20032787322998
30.77881145477295
30.36825942993164
30.233988523483276
30.158999919891357
30.70537257194519
30.308613538742065
30.881277799606323
30.17040467262268
30.666756629943848
30.955219745635986
30.56242609024048
30.28254199028015
30.270488500595093
30.456711292266846
31.0544331073761
30.146013259887695
30.498302698135376
30.35767436027527
30.315221548080444
30.071489095687866
31.32818603515625
30.336724281311035
30.42560601234436
30.503564596176147
30.492207050323486
30.35170006752014
30.88728404045105
30.96449613571167
30.197778940200806
30.012518405914307
31.207852363586426
31.102872848510742
30.832747220993042
30.321182012557983
30.739198446273804
30.74041247367859
30.574625253677368
30.42320466041565
30.43064785003662
30.24513864517212
30.95708966255188
30.74807620048523
30.386764764785767
30.296274185180664
30.339739084243774
31.094449281692505
30.91105580329895
30.6937255859375
30.89836573600769
30.89018988609314
30.530869960784912
30.52696132659912
30.856045961380005
30.722615718841553
30.526291608810425
31.005960702896118
30.531127214431763
30.145753622055054
30.35432481765747
30.266193866729736
30.41103458404541
31.202672719955444
30.629017114639282
30.32508087158203
30.081746578216553
30.325347661972046
29.814093828201294
30.49969482421875
30.40939497947693
30.90038514137268
30.642143487930298
30.364741802215576
30.094772338867188
30.54370355606079
31.311205863952637
30.526049852371216
30.43079686164856
30.286136865615845
30.23551654815674
30.19965386390686
30.240594148635864
30.695970058441162
31.01005506515503
30.37578582763672
30.49384331703186
30.535853147506714
30.291537523269653
30.48982858657837
30.649193286895752
30.75844669342041
31.166820526123047
30.53310227394104
30.195874452590942
30.25986337661743
30.457918882369995
30.8012855052948
30.67910146713257
30.277143001556396
30.64840078353882
30.404796361923218
30.671201705932617
30.416547060012817
30.84940242767334
30.46414279937744
30.439215898513794
30.788622617721558
30.34460210800171
30.42007279396057
30.18915367126465
30.192927360534668
30.100971460342407
31.08694887161255
30.65684175491333
30.777390480041504
30.47075605392456
30.20878505706787
30.418688774108887
30.436562299728394
30.836034059524536
30.404496431350708
31.218034744262695
30.811661958694458
30.58359718322754
30.226778030395508
30.273273229599
30.38637924194336
31.13564157485962
30.59843921661377
30.138658046722412
30.81161379814148
30.421913862228394
30.502451419830322
30.71487808227539
30.392987489700317
31.013545989990234
30.378544092178345
30.516788005828857
30.399051427841187
30.686695337295532
30.385400772094727
30.805979251861572
30.20618224143982
31.198962450027466
30.107682704925537
30.543528079986572
30.521656036376953
30.91786289215088
30.924198627471924
30.669950485229492
30.326992750167847
31.474186897277832
30.6393563747406
30.843839406967163
30.576050519943237
31.12494921684265
30.362834930419922
31.006285429000854
30.41043782234192
30.561033964157104
30.429971933364868
30.721619367599487
30.19258427619934
30.07694101333618
31.23941445350647
31.45732021331787
30.911710500717163
30.569113969802856
31.098628044128418
30.931968688964844
30.3192355632782
30.606637477874756
30.735251426696777
30.798072338104248
30.76527714729309
30.845282077789307
30.709715843200684
30.466087579727173
30.444087028503418
30.56139063835144
30.576753854751587
30.925957441329956
30.605711460113525
30.723944187164307
30.44226050376892
30.674833059310913
30.565429210662842
30.121938705444336
30.484774351119995
30.7746319770813
30.770806074142456
30.658782958984375
30.146926879882812
30.253140687942505
30.259470224380493
30.4345760345459
30.2402241230011
30.537752628326416
30.787281036376953
30.611730575561523
30.830145359039307
30.53744626045227
30.61009979248047
30.343157052993774
30.173022508621216
30.70408010482788
30.772292852401733
30.949558973312378
30.25696563720703
30.83332920074463
30.36716341972351
30.75572681427002
30.16447353363037
30.74352478981018
30.795060396194458
30.137667894363403
30.834968090057373
30.286168575286865
30.599262714385986
30.48467206954956
30.333032846450806
29.976426601409912
31.06635308265686
30.222687244415283
30.248080730438232
30.12390398979187
30.906062126159668
30.77278709411621
30.476917266845703
30.298864364624023
30.857104539871216
30.630531549453735
30.803248167037964
30.332851886749268
30.32442617416382
30.959314584732056
31.058712005615234
30.805635929107666
30.195253133773804
30.56687569618225
30.188616514205933
30.009514331817627
30.21062922477722
30.730372428894043
30.733487129211426
30.818386554718018
30.827449560165405
30.750558376312256
30.41788387298584
30.347907066345215
30.758520364761353
30.512656927108765
30.97414469718933
30.394548416137695
30.776973724365234
30.219547510147095
30.998741626739502
30.273043870925903
30.71139097213745
30.34736728668213
31.05552315711975
30.371469974517822
30.869356632232666
30.917916536331177
30.105743408203125
30.743305444717407
30.975469827651978
30.404769897460938
30.651726484298706
30.49701452255249
30.176647186279297
30.229055881500244
30.46277952194214
30.433995962142944
30.42968463897705
30.804349184036255
30.32246232032776
30.15443730354309
30.910213947296143
30.25871467590332
30.741604566574097
30.578133583068848
31.170132875442505
30.642215251922607
30.61806893348694
30.138081789016724
30.809154987335205
30.542759656906128
30.763667821884155
30.5718834400177
30.723087072372437
30.950517177581787
30.204607248306274
30.672441244125366
31.86543607711792
30.87184739112854
30.73951816558838
30.081006288528442
30.080225944519043
30.537513732910156
30.585345029830933
30.736586570739746
30.38974165916443
30.734476804733276
30.2074556350708
30.356560707092285
30.466543674468994
30.563292026519775
30.34626340866089
30.674057006835938
30.108381032943726
30.62173581123352
31.12272047996521
30.409777641296387
30.43381381034851
30.35312843322754
30.84208631515503
30.702109813690186
31.290037155151367
30.540744304656982
30.889774799346924
30.46235990524292
30.728649854660034
30.667280912399292
30.945571899414062
30.771697521209717
30.807958126068115
30.909977674484253
30.53235387802124
30.43695902824402
30.18873357772827
30.449644565582275
31.564165592193604
30.624566555023193
30.754382848739624
30.22132134437561
30.842039108276367
30.268932104110718
30.779231309890747
30.5506329536438
30.924734115600586
30.216152906417847
30.872727155685425
30.501659870147705
30.68621063232422
30.50273609161377
30.658078908920288
30.521079301834106
30.29593801498413
30.46031403541565
30.41598129272461
31.152514934539795
30.14051842689514
30.185285568237305
30.64849352836609
30.15773296356201
30.05160427093506
30.547548294067383
30.563372135162354
30.359561443328857
29.87390971183777
30.466837644577026
30.208701848983765
30.18000841140747
30.47373914718628
31.352226972579956
30.43965244293213
30.313150882720947
30.723224639892578
30.37558627128601
30.231337308883667
30.679544925689697
30.111161470413208
30.31085705757141
30.41439175605774
30.85527753829956
31.044453859329224
30.587255001068115
30.837574005126953
30.35786247253418
30.89494299888611
31.32889151573181
30.57816219329834
30.985735416412354
30.223748445510864
30.916152954101562
30.337928771972656
30.62527084350586
30.294585704803467
31.012362957000732
30.590323209762573
30.403381824493408
30.557164907455444
30.69515824317932
31.094030141830444
30.649940729141235
30.544198036193848
30.7060649394989
30.508275508880615
30.19977378845215
30.72251796722412
30.283576726913452
30.330978393554688
30.515244245529175
30.855223178863525
30.734391927719116
30.391298055648804
30.79613947868347
30.283148050308228
30.47658634185791
30.585336685180664
31.01542329788208
30.370189666748047
30.76173210144043
30.47966694831848
30.83499765396118
30.11691689491272
30.438111543655396
30.647695064544678
30.915579319000244
30.305755853652954
30.951019525527954
30.450406074523926
30.29326295852661
30.85512638092041
30.263828992843628
31.005977869033813
30.520602703094482
30.685320377349854
30.23206090927124
30.323556661605835
30.339635372161865
30.32815194129944
30.30169105529785
30.583224773406982
30.355111360549927
30.77479124069214
30.354379892349243
30.519651412963867
30.771568059921265
30.124626636505127
30.58668851852417
29.926705837249756
30.332518577575684
30.25923490524292
30.823137760162354
30.558289766311646
30.624568462371826
30.51692247390747
30.716583490371704
30.47181248664856
30.63334321975708
30.468641757965088
30.843897819519043
30.938868045806885
30.851668119430542
30.375629425048828
30.981022596359253
30.88790512084961
31.0885968208313
30.529372930526733
30.52743172645569
30.128482341766357
30.6555392742157
30.411098957061768
30.454222679138184
30.711450576782227
30.354570627212524
30.267330646514893
30.238911867141724
30.0700523853302
30.49695587158203
31.018573999404907
30.700302124023438
30.536759614944458
30.64139175415039
30.114805936813354
30.51257061958313
30.055275440216064
30.315597534179688
30.477412223815918
30.826660633087158
30.23092031478882
30.84109854698181
30.598721027374268
30.438045501708984
31.12439799308777
30.463972806930542
30.189918994903564
30.310258150100708
30.446351289749146
30.162402629852295
30.63551139831543
30.398914575576782
30.779046297073364
30.575486660003662
30.609859466552734
31.161367893218994
31.004558086395264
30.843394994735718
30.30631947517395
30.159708261489868
30.85958480834961
30.257340908050537
29.937052249908447
30.843738079071045
30.81513237953186
31.113807439804077
30.53749656677246
30.503623008728027
30.937612295150757
30.603407621383667
30.577133417129517
30.017645597457886
30.48579454421997
30.256600379943848
30.636791944503784
30.596980810165405
30.750887155532837
30.384798288345337
30.18732786178589
30.60977864265442
31.24130654335022
31.77985405921936
30.556334018707275
30.953362703323364
30.614131927490234
31.192437410354614
31.31409478187561
30.576712369918823
30.12052011489868
30.211756229400635
30.545108795166016
30.489691734313965
30.38736081123352
30.64310383796692
30.08999276161194
30.602107524871826
31.3439838886261
30.203022241592407
30.16703987121582
29.769431114196777
30.237919092178345
31.20410966873169
30.456226587295532
30.017390727996826
31.087717056274414
30.32899022102356
30.85889196395874
30.350353717803955
30.514432907104492
30.642452239990234
30.441929578781128
30.205995321273804
30.868104457855225
31.34691095352173
30.01817512512207
30.191320180892944
30.977137088775635
30.347572565078735
30.50967001914978
30.938732385635376
30.60274863243103
31.05353307723999
30.33970022201538
30.386312246322632
30.908734560012817
30.632033109664917
30.319978713989258
30.43456530570984
30.577854871749878
30.51701021194458
30.67886781692505
31.146520614624023
30.522420406341553
30.367153882980347
30.441359043121338
30.62675380706787
29.645723819732666
30.331268548965454
30.571763038635254
30.57135534286499
30.621729373931885
31.17854142189026
32.20479345321655
30.244033336639404
30.579526901245117
30.773876905441284
30.306366205215454
30.4664888381958
30.38471746444702
30.43841528892517
30.566688060760498
30.653316259384155
30.494657278060913
30.83438801765442
30.75505304336548
31.0659282207489
31.276017904281616
30.810444355010986
30.88951086997986
30.57585906982422
30.759211540222168
30.942525386810303
30.70397186279297
30.307700395584106
30.947580099105835
30.465914726257324
31.177695274353027
30.550914525985718
30.875130653381348
30.62357521057129
30.225570917129517
30.63819670677185
30.885931491851807
31.189464569091797
30.408684015274048
30.674710750579834
31.075733423233032
31.07656192779541
30.559436798095703
30.17860245704651
30.529442310333252
30.793663501739502
30.229617595672607
30.507869005203247
31.142856121063232
30.187301874160767
31.09044861793518
30.24369716644287
30.588704347610474
30.657714128494263
30.585087776184082
30.201136827468872
30.888718128204346
30.71186923980713
30.58305072784424
30.23401689529419
30.778313636779785
30.21076488494873
30.39345932006836
30.69377875328064
30.542990922927856
30.478517055511475
30.5196750164032
30.603996992111206
30.48178458213806
30.476770877838135
29.968105792999268
30.145351886749268
30.124363899230957
30.996653079986572
30.575385808944702
30.70582938194275
30.412527322769165
29.980589151382446
30.437527656555176
30.27700710296631
30.15736675262451
30.33620285987854
30.517201900482178
30.379692792892456
30.36869716644287
30.613834857940674
30.612773656845093
30.752613067626953
30.456739902496338
31.468143701553345
30.339171409606934
30.33155345916748
30.480191469192505
30.239564895629883
30.4651939868927
30.38525652885437
30.18395495414734
30.648633241653442
30.776452779769897
30.258312225341797
30.57869291305542
30.319143772125244
30.716735124588013
30.682145833969116
30.32306742668152
30.92529582977295
30.336360454559326
30.641878604888916
30.38019895553589
30.344022512435913
30.3641996383667
30.55034351348877
30.338837146759033
30.642200469970703
30.643951654434204
31.184178352355957
30.545440435409546
30.58697247505188
30.071451663970947
30.55166482925415
30.50045156478882
30.832908391952515
30.472267627716064
30.35877227783203
30.356931686401367
30.725383758544922
30.617346048355103
30.688725233078003
30.67775869369507
30.441420078277588
30.277909994125366
30.945207357406616
30.476649284362793
30.350793838500977
32.0529899597168
30.27992081642151
30.377758741378784
31.21826720237732
31.214972734451294
30.46410083770752
30.72211718559265
30.26185965538025
30.606250762939453
30.86669135093689
30.45810866355896
30.419191598892212
30.59847927093506
30.6757755279541
30.952277898788452
30.5940158367157
30.22201681137085
30.86524224281311
30.64062762260437
30.676722288131714
30.232338905334473
31.551853895187378
30.339173078536987
31.10299849510193
30.36614680290222
31.12163472175598
30.643625497817993
30.864691972732544
30.221035718917847
30.164987564086914
30.512316942214966
30.995635986328125
30.10423231124878
30.65074348449707
30.562502145767212
30.578967094421387
31.415677070617676
30.44614338874817
30.53528332710266
30.565131425857544
30.111042499542236
30.16952085494995
30.888325691223145
30.740739822387695
30.613420009613037
31.256866455078125
30.735018253326416
30.218131065368652
30.919527053833008
30.0604989528656
31.244866609573364
30.17906641960144
30.633962631225586
30.208110809326172
30.567349195480347
31.122656106948853
30.16655921936035
30.35865831375122
30.69867444038391
30.004113912582397
30.186010360717773
30.268074989318848
30.495316743850708
30.65028738975525
30.382744312286377
30.515588998794556
30.897262573242188
30.592605352401733
30.52104687690735
30.264947175979614
30.753587007522583
30.24188733100891
31.11828875541687
30.23265767097473
30.82429075241089
30.200631380081177
30.893381357192993
30.2793288230896
30.443028688430786
30.53645396232605
31.61663031578064
30.44180655479431
30.29863452911377
30.74976396560669
30.584508657455444
30.37328290939331
30.54487442970276
30.187461137771606
30.534785747528076
30.49622368812561
30.29709815979004
30.389836072921753
30.510746240615845
30.971870183944702
30.493846893310547
30.444835901260376
31.352616548538208
30.284684896469116
30.24520707130432
31.192126512527466
30.304916858673096
30.76077365875244
30.3571355342865
30.96823287010193
30.315428972244263
30.95222759246826
30.375686645507812
30.853001356124878
30.843504905700684
30.659860134124756
30.39665699005127
30.792832136154175
30.286113739013672
30.317606449127197
31.195873260498047
30.56939196586609
30.40285897254944
30.380913734436035
30.2442889213562
30.75592303276062
30.37934374809265
30.644133806228638
30.944945573806763
30.497632026672363
30.88754963874817
30.07759118080139
30.991250038146973
30.033536434173584
30.89321756362915
30.592705488204956
31.022775888442993
30.64334774017334
30.58454394340515
30.707801818847656
30.603291034698486
30.494175910949707
31.29898953437805
30.2226300239563
30.59638237953186
30.352251291275024
30.86314344406128
30.29041028022766
30.56100821495056
30.303654670715332
31.219148874282837
30.978304862976074
30.17452621459961
30.547343969345093
30.84327268600464
30.35839056968689
30.663776636123657
30.55381989479065
30.58873414993286
30.492541551589966
30.87422823905945
30.612780332565308
30.070173978805542
31.055671215057373
30.624518871307373
30.541401147842407
30.578397750854492
30.683784246444702
31.206427812576294
30.108335494995117
30.927839040756226
30.435271501541138
30.67306876182556
30.080597400665283
30.914290189743042
30.309284448623657
30.422066926956177
29.796884536743164
30.561647415161133
30.18871808052063
30.344514846801758
30.3813738822937
30.12531566619873
30.690913200378418
30.638768672943115
30.156672954559326
32.49113917350769
30.503826379776
30.56117057800293
30.438693046569824
30.1120343208313
30.399341106414795
30.286015272140503
30.871509313583374
30.599344491958618
31.076592683792114
30.662891149520874
30.55000877380371
30.071245193481445
31.057355642318726
30.419838905334473
30.511857509613037
30.03288960456848
31.014796257019043
30.627020359039307
30.377233505249023
30.193115234375
30.506991863250732
30.652732133865356
30.93131422996521
30.60076642036438
30.490137577056885
31.07861566543579
30.201104402542114
30.76940941810608
31.671274185180664
31.003981351852417
30.633723497390747
30.29025173187256
30.299757719039917
30.658058404922485
30.47194266319275
30.357033252716064
30.851070642471313
31.196678161621094
30.53468680381775
30.667218446731567
30.800382614135742
30.754828691482544
30.348949670791626
30.810072422027588
30.78350567817688
30.726765394210815
30.473017692565918
30.96576428413391
30.535412073135376
30.560338020324707
30.44526243209839
30.449254512786865
30.45912218093872
30.561606645584106
30.19453191757202
30.623767137527466
30.726250886917114
30.78412890434265
30.681602954864502
30.74558186531067
30.94211769104004
30.369455099105835
30.580521821975708
30.410398721694946
30.50388479232788
30.21285629272461
30.62769365310669
30.48437476158142
30.360446214675903
30.819365978240967
30.314812183380127
30.061851739883423
30.401339769363403
31.11189103126526
30.7249698638916
30.649702548980713
30.192904472351074
30.659058570861816
30.394371271133423
30.4293155670166
30.234288454055786
30.751651763916016
30.55176854133606
31.201634645462036
30.32183027267456
30.462302446365356
30.330996990203857
31.59822654724121
31.02499008178711
30.387797355651855
30.194313049316406
30.275909900665283
30.682119607925415
30.46642541885376
30.1138756275177
30.327556610107422
30.093140125274658
30.701427698135376
30.059030532836914
30.588589906692505
30.386093616485596
30.72338843345642
30.25824284553528
31.24600887298584
30.79091739654541
30.417831420898438
30.670549154281616
30.44406533241272
30.392269134521484
30.715484857559204
30.62854313850403
30.825277090072632
30.324645042419434
30.495302200317383
31.016920804977417
31.02641487121582
30.15005373954773
30.303064346313477
30.193341493606567
30.594619750976562
30.689011812210083
30.21723246574402
30.78109574317932
30.102983236312866
30.567761659622192
30.174662828445435
31.149730443954468
30.82709765434265
30.331360340118408
31.21396565437317
31.466745376586914
29.992131233215332
30.758315086364746
30.524033546447754
30.371649742126465
30.436865091323853
30.046170473098755
31.222766160964966
30.681447505950928
30.465578079223633
30.30281639099121
30.801376581192017
30.16351819038391
30.24431800842285
30.317831993103027
30.756332874298096
30.181902170181274
30.80072546005249
30.175818920135498
30.985241651535034
30.50800347328186
30.491179704666138
30.214793920516968
30.69713592529297
30.11453914642334
31.25153660774231
30.976085901260376
30.794945240020752
30.414350032806396
30.851705074310303
30.481855392456055
30.344806909561157
30.11558222770691
30.63743567466736
30.0551016330719
29.961615324020386
30.675459146499634
30.778600931167603
30.975863695144653
30.739289045333862
30.505956649780273
31.122262477874756
31.032630681991577
30.754690647125244
30.71118950843811
30.62200093269348
30.407914876937866
30.515404224395752
30.76391887664795
30.669357776641846
30.484148025512695
30.365817308425903
30.227304458618164
30.38215184211731
31.003103733062744
30.406367301940918
30.960609912872314
30.27540612220764
30.143254041671753
30.410263538360596
30.389395713806152
31.963672399520874
31.335259675979614
29.91058373451233
30.792823553085327
30.267598628997803
30.772313117980957
31.208959579467773
30.62046504020691
30.41764760017395
30.17304563522339
29.98524308204651
30.080005645751953
30.33021306991577
30.65854787826538
30.951247453689575
30.418553829193115
30.750675439834595
30.194409608840942
30.83195471763611
30.822210550308228
30.17594337463379
30.250053882598877
30.972660303115845
30.666561603546143
30.836037635803223
31.182591676712036
30.768265962600708
30.537322521209717
30.87096929550171
31.29301691055298
30.606528759002686
30.9395112991333
30.595970392227173
30.58226251602173
31.269312620162964
30.588144540786743
30.2754967212677
30.892263412475586
30.449404001235962
30.253936529159546
30.39499020576477
30.3979070186615
30.311068296432495
31.003342628479004
30.78861093521118
30.645044326782227
30.273388147354126
30.537230968475342
30.325878858566284
30.589197158813477
30.538288593292236
31.697959899902344
30.63972544670105
30.564730644226074
30.44937753677368
30.749354124069214
30.77993607521057
30.618448972702026
30.602329969406128
30.97001075744629
30.541751384735107
30.348588943481445
30.80519723892212
30.474199533462524
31.137330770492554
30.592784643173218
30.912794589996338
30.761684894561768
30.499522924423218
30.645183801651
30.550347089767456
30.695154428482056
30.849658966064453
30.232614040374756
30.194421529769897
30.482758045196533
30.29191279411316
30.30011224746704
30.25562047958374
30.980363607406616
30.223050355911255
30.46746850013733
31.128613471984863
30.820619821548462
30.532989263534546
30.306942224502563
30.477010250091553
30.27681040763855
30.36554527282715
30.94587254524231
30.931198835372925
30.617584228515625
30.641446352005005
30.374313354492188
31.277684211730957
30.418392181396484
30.97950005531311
30.404046773910522
31.000436067581177
30.286888599395752
30.630096435546875
30.358763217926025
30.272520065307617
30.641555547714233
30.35506319999695
30.62450337409973
30.660152196884155
30.727973699569702
30.22581148147583
30.312783241271973
30.28757095336914
30.212332725524902
30.104991912841797
30.345848321914673
30.489378213882446
30.223965644836426
30.73989963531494
30.535768032073975
30.7153160572052
30.454685926437378
30.76473116874695
30.938994646072388
31.430505990982056
30.287983655929565
30.49527668952942
30.218538761138916
30.303369760513306
30.261229038238525
31.515811681747437
30.397741079330444
30.63405203819275
30.558086156845093
30.55052423477173
30.77055335044861
30.44416904449463
31.241417169570923
30.96483087539673
30.235337257385254
30.68361520767212
30.54017949104309
30.407006978988647
30.628421545028687
31.029324769973755
30.377201318740845
30.39057993888855
30.878090381622314
30.47141122817993
31.39646816253662
30.25688338279724
30.298869132995605
30.14303421974182
31.204834461212158
30.607038021087646
30.124956607818604
30.528517484664917
30.51234483718872
30.917181968688965
31.183223009109497
30.675766468048096
30.034923315048218
30.07518696784973
30.27641487121582
30.716510772705078
30.414877891540527
30.567487239837646
30.636598110198975
30.90716814994812
30.507323741912842
30.494973182678223
30.29661250114441
30.935351133346558
30.32007884979248
30.712323904037476
30.173542261123657
30.65778923034668
30.248672008514404
30.621290922164917
30.179440021514893
30.66269302368164
30.344379663467407
30.770358562469482
30.520843029022217
30.26976466178894
30.718040227890015
30.930782318115234
30.373441457748413
30.569735050201416
30.528791427612305
30.59013819694519
30.481247901916504
30.69723916053772
30.39289402961731
30.522571086883545
30.771680116653442
31.175593852996826
30.54610323905945
30.346529245376587
30.154043674468994
30.85135293006897
30.55978226661682
30.805985927581787
30.62323832511902
30.688615322113037
30.44271755218506
30.487422466278076
30.607188940048218
30.56412124633789
30.310359477996826
30.92332696914673
30.37501072883606
30.376232862472534
30.04521918296814
31.069708108901978
29.89586329460144
30.844485998153687
30.998626470565796
30.619786500930786
30.26090121269226
30.10518789291382
31.17047691345215
30.125748872756958
30.57316780090332
30.278640508651733
30.94262957572937
30.054015159606934
30.954465866088867
30.13513970375061
31.001407861709595
30.398271560668945
30.80905318260193
30.21757197380066
30.525419235229492
30.537811756134033
30.628191471099854
30.533529043197632
30.687085390090942
30.27215027809143
30.133310556411743
30.50570583343506
30.427262783050537
30.817753553390503
30.996745109558105
30.066551208496094
30.626882076263428
30.41862440109253
31.112818002700806
30.348308563232422
30.30023169517517
30.240294694900513
31.064108848571777
30.438133001327515
30.348480939865112
30.238360166549683
30.938210010528564
30.350894689559937
30.15668249130249
30.400301694869995
30.979198217391968
30.41584086418152
30.69015598297119
30.131974935531616
30.58201241493225
30.791914701461792
30.663530111312866
30.143244981765747
30.846468687057495
30.47238540649414
30.528825998306274
30.31387758255005
30.963603019714355
30.37253165245056
30.775212049484253
30.327977418899536
30.3648681640625
31.88009476661682
31.416132926940918
30.35335397720337
30.257400512695312
30.37868094444275
30.227224111557007
30.43218994140625
30.64659333229065
30.387221574783325
30.785522937774658
31.14744234085083
30.429951906204224
30.17326807975769
30.523946046829224
30.930633544921875
30.484312772750854
30.431787252426147
30.79785418510437
29.938225507736206
30.76414442062378
30.326905965805054
30.35876488685608
30.050333261489868
30.498939037322998
30.289334535598755
30.646956205368042
30.3187358379364
30.442679166793823
30.8246808052063
30.587795972824097
31.35701584815979
30.976876735687256
30.88908863067627
30.537237644195557
30.244216680526733
30.28404188156128
30.65424370765686
30.28320026397705
30.783784866333008
30.45781111717224
30.52053427696228
30.250409603118896
30.320858001708984
30.806486129760742
30.388327836990356
30.158154010772705
31.379563570022583
30.74558663368225
30.657102346420288
30.846674919128418
30.436607599258423
30.199811220169067
30.351248741149902
30.106432676315308
30.57480025291443
30.477755784988403
30.258930921554565
31.218544006347656
31.31966757774353
31.152525424957275
30.56799054145813
30.58196759223938
30.31660509109497
30.350679874420166
31.13638186454773
30.82632327079773
30.619669675827026
30.484964609146118
30.22084140777588
30.975725889205933
30.59292221069336
30.78756546974182
30.372061014175415
30.55644917488098
30.691837072372437
31.266570329666138
30.595314741134644
30.40566086769104
30.7499258518219
31.366653442382812
30.555988311767578
30.2936794757843
30.474416732788086
30.205639123916626
30.048896312713623
30.6912202835083
29.983163833618164
30.309245586395264
30.775111198425293
30.757546186447144
31.344415187835693
30.308611631393433
30.151809692382812
30.73206877708435
30.181076526641846
30.6190824508667
30.848854303359985
31.367448806762695
30.538695335388184
30.14794659614563
30.916417598724365
31.094212532043457
30.26107668876648
30.791769981384277
30.30963706970215
30.112661600112915
31.591119527816772
30.464211225509644
30.561691284179688
30.22966694831848
30.291486978530884
30.758079528808594
30.85369086265564
30.17342209815979
30.343852043151855
30.49938726425171
30.541288137435913
30.561270236968994
30.450700759887695
31.20875597000122
30.239377737045288
30.683335304260254
30.71642017364502
30.502304553985596
30.2937171459198
31.072332859039307
31.07086443901062
30.469300031661987
29.97047472000122
30.86336374282837
30.921268224716187
30.26615071296692
30.476867198944092
30.98481249809265
30.405003547668457
30.805628538131714
30.941049098968506
30.79361844062805
30.384656190872192
30.68435573577881
30.639680862426758
30.59223222732544
31.34563374519348
30.773301601409912
30.188872575759888
30.52896237373352
30.342155694961548
30.553032875061035
31.22690224647522
30.53946566581726
30.732804536819458
30.565900564193726
30.955557584762573
30.479273557662964
30.719388723373413
30.569587469100952
30.684701204299927
30.868961811065674
30.22965979576111
30.390147924423218
30.503308057785034
30.56995391845703
30.788859844207764
30.247095346450806
31.234304666519165
30.271830558776855
30.73205852508545
30.738954544067383
31.165816068649292
30.768938779830933
30.12693738937378
30.32551670074463
30.541770696640015
30.497416496276855
30.79642128944397
30.741331338882446
30.867712020874023
30.251010179519653
31.53838062286377
30.10501790046692
31.214947938919067
30.194061040878296
30.063947439193726
30.297643423080444
31.352320432662964
30.711476802825928
30.304327249526978
30.28488826751709
30.500093936920166
30.087424993515015
30.12679171562195
31.147588968276978
30.669507265090942
30.501524686813354
30.775761365890503
30.195340156555176
31.026294708251953
30.1672146320343
30.832712173461914
30.4286847114563
30.81017565727234
30.370927333831787
30.108806133270264
30.923551321029663
30.578864574432373
30.303143739700317
30.868226528167725
30.599257230758667
30.45484209060669
30.697889804840088
30.78774929046631
30.237498998641968
31.020058155059814
30.78406310081482
30.170449018478394
30.72074055671692
30.700756788253784
30.53813099861145
30.638612747192383
30.355299711227417
29.96047329902649
30.156872987747192
30.292193174362183
30.1423237323761
30.85730481147766
31.03650212287903
30.261115074157715
30.40646195411682
30.337846040725708
31.20506238937378
31.002333402633667
30.60096049308777
31.007776260375977
30.368302583694458
30.851088523864746
30.3635196685791
30.966012716293335
30.156901359558105
31.27152109146118
30.69547128677368
31.161850690841675
30.631042957305908
31.10698914527893
30.41706418991089
30.0423481464386
30.391937971115112
30.60737681388855
30.20519471168518
30.701497077941895
30.82739543914795
30.794696807861328
30.702272176742554
30.446767807006836
30.58509063720703
30.32439875602722
30.3193998336792
31.184619903564453
30.28976607322693
30.713189125061035
30.60207200050354
30.188199996948242
30.433310985565186
31.077752828598022
30.818941116333008
30.169706344604492
30.753690242767334
29.995869874954224
30.39195680618286
30.040737867355347
30.720617294311523
30.277774333953857
30.43570327758789
30.461745738983154
30.080386877059937
30.739802837371826
30.809245586395264
30.386287927627563
31.106033086776733
30.864139556884766
30.352986574172974
30.510764122009277
30.270497798919678
30.847423553466797
30.313594341278076
30.78439426422119
30.23820924758911
30.879594087600708
30.549657106399536
30.603349208831787
30.746995449066162
30.379539489746094
30.331218004226685
30.789658069610596
30.482455492019653
30.47745156288147
30.505779504776
30.110896110534668
31.068750858306885
30.635210275650024
30.441529750823975
30.898895978927612
30.654132843017578
30.727612257003784
30.88349723815918
30.1905255317688
30.65081214904785
30.721356868743896
30.464470148086548
30.5030255317688
30.737664461135864
30.59977698326111
30.84072756767273
30.434320211410522
30.937872171401978
29.940619707107544
30.815969705581665
30.10020422935486
30.276140213012695
30.929685831069946
30.843432903289795
30.80487370491028
30.43613314628601
30.84674334526062
30.882736444473267
30.950687408447266
29.93163752555847
29.710343837738037
30.809200048446655
30.77555799484253
30.595197439193726
30.53819704055786
30.50037932395935
30.449954748153687
30.346659660339355
30.42350697517395
30.4105064868927
30.075379371643066
30.486140727996826
30.721620082855225
30.731088638305664
30.95877766609192
30.48122477531433
30.927374839782715
30.548110485076904
31.823851346969604
30.489408493041992
30.936525344848633
30.530952215194702
30.32117223739624
30.38932490348816
30.510236978530884
30.079246282577515
30.378084182739258
30.64310932159424
30.28527021408081
31.02849054336548
30.96290612220764
30.592834949493408
30.981921672821045
31.00035524368286
30.4155490398407
30.403783559799194
30.777991771697998
31.067625284194946
30.77299666404724
30.6337251663208
30.650527000427246
30.677908182144165
30.165746450424194
30.302334785461426
31.255177974700928
30.754990816116333
30.5796480178833
31.09394407272339
30.70460081100464
30.940288066864014
30.267838716506958
31.13011145591736
30.87283706665039
31.06829309463501
31.259952783584595
30.168872833251953
30.6325740814209
30.292263984680176
31.30048966407776
30.914063453674316
30.289811849594116
30.65664792060852
30.64411187171936
30.774972438812256
30.665814638137817
30.36315083503723
30.451016426086426
30.591516971588135
30.8671658039093
30.34927201271057
30.751739978790283
30.2649405002594
30.11948585510254
30.54380965232849
30.843064546585083
30.727221488952637
30.313904762268066
31.252469778060913
30.63130784034729
30.721638441085815
31.19141125679016
30.45613980293274
30.489225387573242
30.91927146911621
31.23178195953369
31.34518313407898
30.439175367355347
30.57357358932495
30.373278856277466
30.044442176818848
30.45205569267273
30.988137245178223
30.36264204978943
30.495723724365234
30.281632661819458
30.910078048706055
30.904544830322266
30.719139575958252
30.43281364440918
30.943937301635742
30.53570818901062
30.613244771957397
30.369944095611572
29.80893898010254
31.243057250976562
30.81081199645996
30.081182956695557
29.907395124435425
29.995815753936768
29.956171989440918
30.61625361442566
30.595885038375854
31.25937581062317
30.56329870223999
29.99358034133911
29.941019535064697
30.001020431518555
30.386357069015503
30.70742964744568
30.2881920337677
30.377178192138672
30.126636505126953
30.771013021469116
31.01820945739746
30.393025636672974
30.5736243724823
30.06223702430725
30.73986530303955
30.26731014251709
30.29932427406311
30.5385422706604
30.37481164932251
29.92270040512085
31.0805721282959
30.289589166641235
30.132445096969604
30.39628267288208
30.675588607788086
30.00270938873291
30.103427410125732
30.56684970855713
29.90739417076111
30.730342149734497
31.213003158569336
30.410844087600708
30.232099294662476
30.533130884170532
30.66912531852722
30.426715850830078
30.318386554718018
30.337931871414185
30.087302446365356
30.173515558242798
30.165024518966675
30.306438207626343
29.93986988067627
30.675728797912598
30.082367181777954
30.60002064704895
30.508000373840332
30.049648761749268
30.660521745681763
30.35461449623108
31.14557909965515
30.384759664535522
30.004966020584106
30.066633701324463
30.383066654205322
30.59679388999939
30.22314977645874
30.60495638847351
30.690959215164185
30.653162956237793
30.29337978363037
30.34489941596985
30.22995376586914
30.213291883468628
30.75802969932556
30.541566848754883
30.14531707763672
30.723896741867065
29.86693501472473
29.797970056533813
30.433351278305054
30.213640689849854
29.79306721687317
30.081725120544434
30.258836269378662
30.80460500717163
29.82670283317566
29.901102781295776
30.189972639083862
30.145745992660522
30.40808129310608
30.563974618911743
30.51906728744507
30.37304663658142
30.840186834335327
30.452073335647583
29.99363136291504
30.550079584121704
29.95375657081604
30.2723605632782
29.777622938156128
30.120973110198975
30.206560611724854
30.57356071472168
30.438474416732788
29.84225034713745
30.656131267547607
30.679167985916138
30.51223850250244
30.27493929862976
29.827864408493042
30.24566888809204
30.44605827331543
30.74759006500244
30.122316122055054
31.08306384086609
30.388275623321533
30.154780864715576
29.847102165222168
29.829530239105225
31.63917875289917
31.768192052841187
30.112727403640747
30.56007957458496
31.09324026107788
31.072942972183228
31.274482011795044
30.451711416244507
30.34414052963257
30.179547786712646
30.45357918739319
30.736750841140747
30.705512046813965
31.1141619682312
31.466717004776
31.127799034118652
31.544971227645874
31.488299131393433
29.7167706489563
30.67815613746643
30.845372200012207
30.580186367034912
