32.00033378601074
32.19955658912659
31.24109387397766
31.740159034729004
33.41981601715088
33.86679482460022
34.275213956832886
34.23526954650879
33.835708141326904
32.10020351409912
32.270445108413696
32.433345079422
32.371739864349365
31.573549270629883
32.09684896469116
31.295557498931885
32.0532763004303
33.32358479499817
32.19876194000244
31.13649320602417
32.22192335128784
31.55384087562561
33.808422803878784
34.12885069847107
35.914350509643555
34.44236373901367
33.102736711502075
33.068355560302734
32.91587042808533
32.918556451797485
32.682464838027954
33.04934883117676
32.61919832229614
32.974031925201416
33.64763426780701
33.64953541755676
32.841570138931274
32.004170656204224
31.77886462211609
32.144813776016235
31.45083975791931
32.889586448669434
34.98040533065796
34.74104976654053
33.34670448303223
32.32160496711731
32.0729718208313
32.259177923202515
33.62959623336792
31.43022656440735
31.56131386756897
33.30685901641846
31.444472551345825
30.886691570281982
31.256614923477173
31.063919067382812
31.135984420776367
31.17526125907898
31.606210231781006
31.322696208953857
32.79779362678528
32.58984398841858
30.878161191940308
31.014060258865356
31.056071281433105
31.708953619003296
31.137041091918945
30.943791151046753
32.03923678398132
31.179598331451416
31.412183046340942
31.246594667434692
31.84817910194397
31.70801544189453
30.76571488380432
31.235910415649414
31.62367272377014
31.806001901626587
31.79257345199585
31.118365049362183
32.08991742134094
30.74409770965576
33.569979429244995
31.13754153251648
32.71446204185486
32.802735328674316
31.977501392364502
31.39073657989502
33.34106397628784
33.827043533325195
32.952475786209106
32.954185485839844
33.65270471572876
34.20983600616455
35.51624298095703
34.09323024749756
34.26534676551819
35.07960629463196
33.58235287666321
33.86501955986023
33.261693239212036
34.278090715408325
33.68409085273743
34.11512303352356
33.593252420425415
34.08231735229492
36.013731718063354
36.34480953216553
35.63183879852295
35.25752234458923
34.336079120635986
34.757516622543335
31.224607944488525
34.09949517250061
34.04829549789429
34.98122429847717
35.74553084373474
36.06442213058472
36.00659441947937
34.49963426589966
35.52475643157959
35.02125692367554
36.31412315368652
35.400816917419434
35.443864822387695
35.07417178153992
35.24639296531677
36.304787158966064
35.79738903045654
34.036508083343506
34.53407001495361
34.01175832748413
35.55751872062683
36.15932011604309
34.512924909591675
36.0245475769043
35.15833854675293
35.64315724372864
36.25112509727478
35.69905757904053
34.9546914100647
34.86542820930481
34.93858242034912
35.62898659706116
34.1363685131073
34.68616724014282
35.73140048980713
34.30227494239807
36.43789982795715
34.0108757019043
35.2386953830719
32.32882761955261
35.15664196014404
35.114646434783936
34.95157504081726
35.15534687042236
35.22580552101135
34.45221281051636
34.79921245574951
36.1048002243042
35.429240465164185
36.175390005111694
36.35039281845093
35.49095869064331
35.18488335609436
35.147926330566406
34.74078321456909
34.671034812927246
35.42080521583557
34.572426319122314
35.09871220588684
35.99285316467285
36.559603452682495
35.661461353302
34.292073249816895
37.15791940689087
35.03720712661743
37.10586142539978
35.29406976699829
37.907233238220215
33.83889698982239
35.53612041473389
36.13331460952759
34.96321201324463
35.370463848114014
35.378660440444946
34.4164092540741
35.72628164291382
35.475812911987305
35.59454894065857
35.52191734313965
36.401607275009155
37.25438046455383
36.286290884017944
36.58194828033447
35.735381841659546
35.82782030105591
35.69908881187439
36.303465127944946
35.488348960876465
36.08572769165039
35.52168655395508
37.63516926765442
35.28402853012085
35.00311899185181
37.95686864852905
34.86910629272461
35.19684910774231
35.61549377441406
35.41259956359863
36.842522859573364
37.628134965896606
36.646681785583496
36.9383647441864
35.935494899749756
36.64154815673828
36.29060769081116
36.57340121269226
36.252371072769165
37.126705169677734
37.6134831905365
36.930142402648926
36.7384614944458
35.99703621864319
37.02743911743164
36.313767433166504
37.317835569381714
36.83059906959534
36.68092131614685
34.65192794799805
37.316203117370605
36.51246380805969
36.94907569885254
35.49515461921692
37.800100326538086
37.593961000442505
34.64501357078552
37.10862755775452
36.855672121047974
35.597251176834106
37.23926758766174
37.54662299156189
36.32038187980652
36.57361912727356
37.8593327999115
35.917320013046265
36.311991930007935
37.558969020843506
37.10835552215576
36.950586795806885
37.10793375968933
36.90489935874939
36.53768539428711
36.1184561252594
35.99892258644104
35.54535984992981
34.7242271900177
35.72992753982544
35.95045495033264
36.37412762641907
35.91665530204773
36.16647243499756
36.520285844802856
36.326618671417236
36.32214617729187
35.93406820297241
37.02870321273804
35.82203269004822
35.955318212509155
36.63116097450256
36.24766755104065
38.08235025405884
35.61082339286804
37.1889591217041
33.57848811149597
36.04066324234009
36.330188274383545
35.86435675621033
37.95917725563049
37.050620794296265
34.96223521232605
36.49012351036072
34.738744020462036
34.67101764678955
35.22114968299866
35.37116622924805
33.37011408805847
35.405404567718506
35.68983554840088
35.457558155059814
35.43852949142456
34.92206406593323
35.52855110168457
35.08203148841858
34.88107872009277
35.009488344192505
35.0711932182312
34.48339891433716
34.17578363418579
35.20777654647827
36.96275186538696
36.92760109901428
36.138235569000244
37.60345697402954
35.44632172584534
35.25863265991211
35.50584006309509
34.848440647125244
35.5852587223053
34.89248991012573
35.92308044433594
35.30450797080994
36.11731314659119
33.8778440952301
36.44018197059631
36.63935399055481
36.25207996368408
35.34771108627319
35.61665678024292
35.20074796676636
35.8470733165741
35.585716247558594
35.70315146446228
35.64230179786682
36.077399253845215
35.57996225357056
36.23258876800537
34.61637020111084
35.67931652069092
36.308839082717896
35.7400918006897
36.029890298843384
35.78183579444885
36.365983724594116
35.741727113723755
35.375091791152954
35.65953707695007
36.612788438797
35.694268226623535
35.24487543106079
34.873180866241455
35.92488884925842
36.94518852233887
35.50547003746033
35.33656573295593
36.22937488555908
37.36373043060303
35.85855412483215
37.36886954307556
35.35159134864807
37.050098180770874
36.685558557510376
36.034913301467896
36.42736530303955
38.48931694030762
36.654579162597656
36.76906442642212
36.333728075027466
36.10944628715515
36.468085050582886
36.887362003326416
37.540560722351074
36.80644178390503
36.39677596092224
36.935405015945435
37.07973623275757
36.44075274467468
36.40447521209717
36.88949251174927
36.21346688270569
38.52396512031555
37.01309156417847
37.188775062561035
36.15639543533325
36.74592447280884
37.497896671295166
36.93435478210449
36.44258189201355
36.74676251411438
40.76940870285034
40.54940223693848
39.74228572845459
41.31615734100342
39.93044590950012
39.910807609558105
40.0291063785553
40.9858763217926
39.8323540687561
40.42041873931885
41.007304191589355
40.98932123184204
39.88981771469116
39.39026069641113
39.97290229797363
40.19015908241272
41.41740703582764
39.95431208610535
42.590245485305786
39.683815002441406
39.89189100265503
42.608954429626465
40.05534553527832
40.27518033981323
40.15700173377991
39.56214952468872
41.07998442649841
40.41392111778259
40.03764295578003
40.515466928482056
39.908560037612915
39.326807737350464
40.08573389053345
39.02215933799744
40.52146649360657
40.438753604888916
39.66868185997009
40.62378263473511
40.517414569854736
41.53532862663269
40.09999704360962
41.202314138412476
39.44233155250549
39.868202686309814
41.915711879730225
33.83913826942444
40.2154655456543
39.65202474594116
39.38725018501282
41.846933364868164
40.15974307060242
39.25947308540344
40.00902795791626
40.331275939941406
40.03191661834717
38.91174292564392
39.966248989105225
39.682005405426025
39.86174511909485
39.34961819648743
40.20782995223999
39.52003312110901
40.645803689956665
39.389971017837524
40.12452507019043
39.18270707130432
39.66214728355408
40.951882123947144
40.2058424949646
40.136788845062256
38.36182498931885
39.387409925460815
40.34471082687378
39.528971910476685
40.37573599815369
40.11428451538086
39.94208121299744
39.80601382255554
40.57913827896118
41.025429487228394
40.66559624671936
40.5187611579895
40.06085801124573
40.14987111091614
37.98335242271423
40.49679207801819
39.78479504585266
39.60065507888794
40.51919364929199
42.20692777633667
39.701313495635986
40.04672837257385
39.231157064437866
38.16057467460632
38.84112191200256
37.5285861492157
38.959609270095825
39.450519323349
40.3731005191803
39.65115785598755
38.89737272262573
38.68471956253052
39.55348753929138
39.90372896194458
38.864936113357544
39.40273714065552
39.08129262924194
40.583024740219116
38.52071285247803
39.59038805961609
39.95792031288147
39.74209904670715
39.998472929000854
39.93946981430054
40.50391101837158
40.16367530822754
40.032782316207886
40.28061318397522
40.911075830459595
42.98158836364746
39.58911728858948
40.17426896095276
39.708693504333496
39.94707989692688
39.027722120285034
39.40144729614258
39.08739495277405
40.011595487594604
40.83004331588745
39.60152888298035
40.25905632972717
39.566885471343994
39.33359360694885
39.79766011238098
40.21257495880127
40.11188006401062
40.16448473930359
40.881985902786255
39.88852286338806
40.07451391220093
40.16075611114502
39.17959785461426
39.339311838150024
39.89035129547119
40.13218832015991
40.36270713806152
39.53265976905823
40.475640058517456
39.84517192840576
40.396085262298584
39.95039415359497
40.86117219924927
41.14992308616638
39.91516709327698
39.33770489692688
39.94804525375366
40.15986347198486
39.76820230484009
39.07742786407471
42.209819078445435
40.28209924697876
38.63055753707886
41.1181378364563
39.55401158332825
39.19242787361145
40.43670916557312
39.104811906814575
40.23255109786987
40.336272954940796
39.55149269104004
39.876758098602295
39.09652590751648
40.778961420059204
40.59754014015198
40.71772241592407
40.137014865875244
39.83241009712219
41.40772366523743
39.11799955368042
39.8228976726532
39.48703217506409
39.65778160095215
40.71376132965088
39.46871638298035
39.52765893936157
39.17380738258362
40.10506343841553
39.93882346153259
38.931376695632935
39.536967039108276
40.2018928527832
39.83838391304016
39.627798318862915
39.48999285697937
39.659477949142456
39.31023979187012
38.81811594963074
39.775076150894165
39.90689134597778
40.09629964828491
39.27491593360901
39.94994235038757
38.164812326431274
38.999510049819946
39.6813108921051
39.19453573226929
39.22151732444763
39.08041501045227
39.419097661972046
38.69667673110962
38.30573654174805
40.13384771347046
39.33068561553955
39.976988077163696
39.33312511444092
40.56876993179321
40.272831439971924
39.73301649093628
39.79715180397034
39.375542879104614
40.47669053077698
39.909258127212524
40.28716588020325
39.7927885055542
39.65530300140381
39.80928993225098
40.398399114608765
40.32963991165161
42.13601779937744
40.086134910583496
39.62957143783569
38.96996092796326
39.541733741760254
38.932820558547974
39.94321870803833
39.63605618476868
39.45980381965637
39.70687294006348
39.27372980117798
39.61253213882446
38.21329164505005
39.70113253593445
39.45305943489075
39.29985499382019
41.19648599624634
39.1412353515625
39.78844594955444
41.5204062461853
39.279576778411865
40.10511612892151
39.25693726539612
40.08271551132202
41.5786612033844
39.91393041610718
39.34786009788513
38.87425971031189
39.26852488517761
39.35641622543335
39.2584331035614
39.216054916381836
41.30246567726135
40.30203914642334
39.71061182022095
40.30957579612732
39.42190098762512
39.929767370224
41.51786208152771
39.52465081214905
39.36325168609619
39.65400314331055
40.390419244766235
40.01823115348816
39.531580209732056
38.8984649181366
39.395819664001465
41.48329496383667
39.803330421447754
39.96346306800842
39.63298845291138
40.20434498786926
40.75652527809143
39.778554916381836
39.8588490486145
39.86732339859009
39.610984802246094
39.6277916431427
39.74926233291626
38.81553244590759
39.18161416053772
39.86356019973755
39.17015600204468
38.78495788574219
39.0107855796814
40.515350580215454
39.38191604614258
39.63390231132507
39.98000979423523
39.49121809005737
39.289976835250854
39.905601024627686
39.46484398841858
39.54864740371704
39.39181566238403
39.813249588012695
39.78342127799988
39.74862217903137
39.38602614402771
39.45291996002197
40.39114260673523
39.54280424118042
39.45127844810486
39.12128806114197
41.67313194274902
39.65289068222046
39.58131718635559
39.95542764663696
39.427258014678955
38.7394859790802
39.25621271133423
39.123469829559326
39.88532209396362
38.70037603378296
39.88173723220825
39.183759927749634
40.87671184539795
39.87220120429993
39.69211673736572
39.64203906059265
39.165793657302856
39.57821750640869
39.787972927093506
39.591386556625366
38.80781412124634
42.0577871799469
39.82995080947876
39.22496771812439
39.25464224815369
38.764018297195435
39.89317584037781
39.50089716911316
40.27380847930908
38.77525734901428
39.552796363830566
39.45187067985535
39.5638484954834
39.85115718841553
39.499812602996826
39.38106322288513
39.251394510269165
39.11862635612488
39.192445039749146
39.435909271240234
39.498023986816406
41.54326057434082
40.351861000061035
39.99303889274597
40.197951793670654
39.99327301979065
39.851836919784546
39.11309027671814
39.96187782287598
39.72105312347412
40.574336528778076
39.291085720062256
39.72704267501831
39.42275333404541
39.145389556884766
39.308491706848145
39.56624722480774
40.185898542404175
39.41653800010681
39.48651671409607
39.65120339393616
39.033424615859985
40.933298110961914
42.08630704879761
39.720240116119385
39.748093366622925
39.95075464248657
39.86450695991516
39.016834020614624
40.35698413848877
39.470978021621704
39.74260210990906
38.8014612197876
38.92734909057617
39.61533737182617
39.57991671562195
40.687145709991455
39.27468776702881
38.76189684867859
40.1227662563324
38.684311389923096
39.26801347732544
38.71675252914429
38.8351514339447
39.15877103805542
39.195292234420776
39.70845413208008
39.64545512199402
39.837397813797
40.04292106628418
39.935803174972534
38.99644351005554
38.676267862319946
39.045406341552734
39.393887996673584
39.39489698410034
39.49201035499573
39.41767692565918
39.67099475860596
39.51910376548767
39.212735652923584
39.29575037956238
39.51059865951538
39.47862792015076
40.26222229003906
39.28904676437378
40.3057701587677
39.72073149681091
39.80848145484924
40.58310103416443
39.73892855644226
40.426146268844604
40.26554489135742
39.93178582191467
39.668214082717896
39.20281481742859
40.49745535850525
40.62303018569946
40.41067814826965
39.47604823112488
39.93697142601013
40.251317262649536
39.7550950050354
39.808412313461304
40.31503438949585
39.44421315193176
39.9642379283905
38.87260174751282
40.27747297286987
39.789220094680786
39.90743660926819
39.6089608669281
39.044474601745605
39.78411412239075
39.19883155822754
40.38063049316406
39.54586148262024
39.771862745285034
39.57316470146179
39.71211862564087
39.741581439971924
40.29446816444397
40.69486951828003
38.429261207580566
39.277443647384644
40.0172061920166
41.38420510292053
39.69998216629028
38.74772071838379
39.484187841415405
39.976176261901855
39.44706106185913
39.52176356315613
39.56041121482849
39.502471685409546
40.09521722793579
39.68459749221802
39.2276394367218
39.55023455619812
39.948378562927246
39.40646409988403
40.44032335281372
39.098456382751465
39.66097807884216
39.436344146728516
39.32497215270996
39.43938660621643
39.49722933769226
39.94597339630127
39.06286311149597
39.523844480514526
41.462416648864746
39.68275332450867
38.69869637489319
39.881709575653076
39.881529808044434
40.32092022895813
39.580841064453125
39.89506483078003
39.4031617641449
39.20166897773743
40.01128602027893
39.00541710853577
39.19569182395935
39.78485631942749
39.88040113449097
39.17006754875183
39.594626665115356
39.47179460525513
39.9011025428772
39.4872465133667
39.45210266113281
41.53714323043823
41.66670751571655
40.05748772621155
39.397971391677856
39.98798990249634
39.94458603858948
39.48706769943237
39.312464237213135
39.083945512771606
39.83850312232971
39.400187253952026
40.176185846328735
39.534987926483154
38.852710485458374
39.26331043243408
40.150126218795776
39.387054443359375
39.325661420822144
39.10044026374817
39.81094479560852
38.7403028011322
39.35423517227173
40.223838567733765
38.96633052825928
39.31345295906067
39.65994143486023
39.33585500717163
38.912506341934204
39.78857898712158
39.06918025016785
39.59541654586792
40.60878324508667
40.845468521118164
41.82678556442261
39.566988468170166
39.343376874923706
39.39658308029175
39.59643340110779
40.07395601272583
40.52313303947449
39.84274101257324
39.26375389099121
39.411914587020874
39.272435426712036
39.88600945472717
38.792418479919434
39.257113218307495
38.93727421760559
40.1654052734375
39.76188039779663
40.2847363948822
39.76882839202881
40.490803480148315
39.38904929161072
40.30993938446045
39.28289437294006
39.587317943573
39.24425005912781
38.890135288238525
40.14853501319885
39.839452505111694
39.858009815216064
39.63644528388977
40.26424217224121
41.210562229156494
39.307825326919556
40.01142120361328
39.39993596076965
39.475772857666016
38.97499108314514
39.05523085594177
39.406646966934204
38.70009160041809
40.077059268951416
40.75066804885864
39.295130491256714
39.33578824996948
38.77040696144104
39.84495711326599
39.15674376487732
39.45472002029419
39.468329668045044
39.67427659034729
39.64661908149719
39.89668607711792
39.14498519897461
39.62640857696533
39.600239992141724
39.45331358909607
40.12531304359436
38.88467478752136
40.05859017372131
39.33123183250427
39.36427593231201
38.928290605545044
39.74504232406616
39.79199290275574
39.21926188468933
39.3455286026001
39.8362181186676
40.48358464241028
39.857665061950684
39.887232542037964
40.773844957351685
39.534229040145874
39.67439842224121
39.309998989105225
39.94888949394226
39.189288854599
39.34420561790466
40.3055100440979
39.407453298568726
39.5175518989563
39.92263221740723
40.130868673324585
39.428685426712036
40.59733867645264
39.80013871192932
39.92139148712158
39.365113496780396
39.12348461151123
39.64504289627075
40.263590574264526
38.719738483428955
39.109036922454834
38.815685510635376
40.36583399772644
41.2807343006134
40.60395526885986
39.84010601043701
39.610310077667236
40.58444046974182
39.52799034118652
39.692004680633545
38.93510842323303
39.0015013217926
39.45573878288269
39.09941291809082
39.830034255981445
39.68148589134216
39.502246618270874
40.18004035949707
39.460036277770996
39.642887353897095
40.68773937225342
39.41336464881897
40.03315091133118
39.810033082962036
39.543145179748535
40.174548864364624
40.379454612731934
39.573501110076904
40.33998727798462
38.865248918533325
38.807005405426025
39.12457489967346
39.607784032821655
39.83087468147278
40.067387104034424
39.145362854003906
39.65501594543457
39.929399251937866
39.88052010536194
39.46733093261719
38.638055086135864
39.80097484588623
39.80605864524841
39.89733552932739
41.94106936454773
39.74142670631409
40.92413878440857
39.77087140083313
39.63403081893921
40.77688503265381
40.85093951225281
39.789512157440186
39.71638584136963
40.019445180892944
38.87672781944275
41.238121032714844
39.294166803359985
40.16797876358032
39.754318714141846
40.15931153297424
39.68243432044983
39.31539559364319
39.43061137199402
38.72767424583435
39.060715198516846
38.94835877418518
39.43161416053772
39.31685185432434
39.589590549468994
39.52763342857361
39.581538915634155
40.60190510749817
40.84258246421814
40.27363300323486
40.373549938201904
40.48817324638367
40.48037338256836
39.643847942352295
39.53670907020569
39.45816349983215
39.565040588378906
39.18677616119385
39.75874924659729
39.7544207572937
39.859535694122314
40.120707750320435
40.07364869117737
38.93818211555481
40.15000796318054
39.82940459251404
39.134681940078735
39.40717101097107
38.869982957839966
39.46627473831177
38.71328687667847
38.961134910583496
39.394912242889404
39.11367869377136
39.28142023086548
39.40136766433716
39.257652759552
39.18108940124512
39.509376525878906
39.632166385650635
39.35369920730591
39.37713980674744
39.39997458457947
40.0073504447937
39.92962908744812
42.16114854812622
39.82404708862305
39.63982534408569
39.300389766693115
40.57948637008667
38.968201637268066
41.5357506275177
39.084716796875
39.55149269104004
39.74828815460205
39.94931387901306
39.305044651031494
40.35524535179138
39.158162117004395
39.108322858810425
39.610332012176514
39.080636739730835
39.19018340110779
39.115575075149536
38.78273677825928
39.688037157058716
39.22347712516785
39.82136631011963
38.873146057128906
40.49225926399231
39.047667026519775
39.03217840194702
40.42621660232544
39.26158881187439
39.65643811225891
40.268614292144775
39.864768266677856
39.03817820549011
39.45093250274658
38.96850371360779
39.08085656166077
39.83496952056885
38.826282024383545
39.71510362625122
38.8345947265625
39.18400502204895
40.355400800704956
39.29455256462097
39.18829536437988
39.10061049461365
39.996208906173706
39.41839647293091
39.74734354019165
39.09650659561157
39.13477611541748
39.05492806434631
39.98234963417053
39.52574849128723
39.47326636314392
39.88119101524353
39.16362142562866
39.913803577423096
39.18830704689026
41.51166915893555
39.19093561172485
38.748382568359375
39.35627007484436
39.3802285194397
39.023184061050415
39.123820066452026
39.331905126571655
39.19996976852417
38.91292119026184
40.03003716468811
38.85747194290161
40.22433352470398
39.231940031051636
38.26529908180237
39.28231477737427
39.26367807388306
40.202369928359985
39.61412215232849
39.43468976020813
40.05447602272034
39.840094566345215
40.66034650802612
39.12878346443176
38.95000338554382
39.33690094947815
39.9885094165802
39.40628433227539
40.13933563232422
39.32444930076599
39.71081757545471
40.152756690979004
39.53598642349243
39.84298324584961
39.61786460876465
40.13291525840759
39.9010865688324
40.17715930938721
40.111571311950684
39.16554284095764
38.585827112197876
38.74427938461304
39.355236530303955
39.23432374000549
39.11892580986023
38.64170861244202
40.03899669647217
38.83865141868591
39.85699439048767
38.94871425628662
39.00487160682678
40.16897225379944
38.759132862091064
39.049429178237915
39.85021138191223
39.93729305267334
38.89759159088135
39.22136330604553
38.96345520019531
39.45160722732544
39.93792390823364
38.988460063934326
39.1767954826355
39.0503876209259
38.999906063079834
39.91179966926575
39.3128228187561
39.175718545913696
39.63860821723938
38.465261697769165
39.14037013053894
38.60187387466431
38.40995454788208
39.40329194068909
39.86682462692261
38.99946141242981
39.954503297805786
38.74342942237854
39.05753183364868
39.449317932128906
38.50581932067871
38.93965482711792
40.125418186187744
38.684144020080566
38.96258497238159
42.58006238937378
39.545005321502686
39.041895627975464
39.76483750343323
39.794185161590576
40.276124477386475
39.37204670906067
38.84876227378845
39.29402017593384
39.19359612464905
39.392486572265625
38.92569661140442
38.593849658966064
39.51592707633972
39.30222415924072
39.218855142593384
39.23891806602478
38.610026597976685
39.464139461517334
39.676376819610596
38.98593878746033
39.48396968841553
39.51036715507507
40.17446994781494
39.21376347541809
40.755736351013184
39.659059047698975
39.48467206954956
38.73651051521301
38.50783920288086
39.28533482551575
40.2502338886261
38.694770097732544
39.91641807556152
38.65915131568909
39.34832239151001
39.332038164138794
39.52892351150513
39.352710485458374
39.15616178512573
38.47139120101929
39.505377531051636
40.44723868370056
40.13938117027283
40.94865274429321
40.70683169364929
39.12423086166382
39.39859986305237
39.139763593673706
39.43289065361023
40.05089735984802
39.459473609924316
39.266870975494385
39.84540605545044
39.42288875579834
38.75772833824158
39.6303391456604
40.24023103713989
39.08898687362671
39.91216421127319
38.7958300113678
39.27945351600647
39.00086522102356
39.976157665252686
39.528260469436646
39.44380021095276
39.546581745147705
40.6740996837616
40.433566093444824
40.03824853897095
39.392460107803345
38.77156186103821
38.849822998046875
39.790565490722656
39.53443455696106
39.192721366882324
39.48115611076355
40.09928369522095
40.067564964294434
39.692527532577515
38.91097950935364
39.024876832962036
39.968732833862305
39.05546951293945
39.12084174156189
39.611510276794434
39.03351593017578
38.33158206939697
39.29417824745178
39.83962845802307
39.5362811088562
39.91689205169678
39.27687478065491
39.65842318534851
38.948296546936035
38.66949248313904
38.7879204750061
38.12157893180847
38.540316104888916
39.12968730926514
39.10875654220581
38.44423747062683
38.651763677597046
38.47814059257507
38.64265751838684
38.30628681182861
39.22760343551636
39.79372215270996
38.68705677986145
38.682109117507935
38.397716760635376
39.14065337181091
39.135568380355835
39.354442834854126
38.7696590423584
39.16211199760437
40.526652812957764
39.89454650878906
38.346028327941895
38.85928750038147
40.03209686279297
39.462708711624146
39.43727493286133
39.812867641448975
39.204039335250854
39.271313190460205
41.8893027305603
38.66375422477722
40.91084265708923
39.68313431739807
39.4862003326416
39.63419985771179
40.33727264404297
38.919217348098755
39.467881202697754
39.15884971618652
39.894622564315796
39.20760893821716
39.34272646903992
40.121520042419434
39.88954496383667
39.73495864868164
39.612844944000244
39.69798922538757
38.90922021865845
39.12557315826416
39.05016326904297
38.25416278839111
40.12505102157593
39.98027038574219
38.81792211532593
38.71216177940369
38.43655776977539
38.46658229827881
39.592594146728516
38.81351089477539
39.554362058639526
39.51698899269104
39.31068706512451
39.13097858428955
42.19149088859558
38.59648275375366
40.09098696708679
39.63720893859863
39.24908661842346
39.53423190116882
39.215423583984375
39.949037075042725
38.85718607902527
39.15853261947632
38.53466463088989
38.86387300491333
38.99613571166992
39.38258171081543
39.10807275772095
40.95287489891052
39.79105997085571
39.711217403411865
39.33710050582886
39.265843629837036
40.066725730895996
39.95830965042114
38.33308553695679
39.25404596328735
38.892953872680664
38.81904602050781
38.95553421974182
39.45984387397766
38.463319063186646
41.224573373794556
38.54138445854187
39.95023250579834
38.98129987716675
38.969844818115234
40.270344257354736
38.52552890777588
38.893932819366455
39.37371492385864
39.934367418289185
39.15469479560852
39.75433039665222
39.872363328933716
38.817452907562256
39.47269821166992
39.60594344139099
39.76945400238037
38.50958824157715
39.71654438972473
39.14160704612732
38.924026012420654
39.339664697647095
38.50364589691162
39.64819049835205
39.040499687194824
39.090264320373535
38.9891562461853
39.77740001678467
39.80182409286499
39.084879875183105
38.36928629875183
39.44678735733032
39.126242876052856
38.796961069107056
39.20465040206909
38.86960959434509
38.15232992172241
39.349865436553955
39.1183648109436
39.412840604782104
38.83545637130737
39.17294383049011
39.190401554107666
38.53971457481384
39.08885979652405
38.8524694442749
40.74213719367981
39.92249083518982
39.28253149986267
39.008448362350464
39.02122950553894
39.35606002807617
39.80205583572388
39.41465377807617
38.77377009391785
39.23163175582886
39.527831077575684
38.857428550720215
39.03814482688904
38.82667946815491
39.257837533950806
38.44755291938782
39.65961694717407
39.84364414215088
39.98145604133606
39.47080183029175
39.10473418235779
38.752543210983276
40.1684308052063
39.11438250541687
39.769821882247925
39.23241925239563
39.58082556724548
39.21998834609985
40.570395946502686
38.674928188323975
39.405766010284424
39.06615424156189
39.421566009521484
40.81106209754944
39.10872745513916
39.83924889564514
39.2843599319458
39.57080841064453
39.97590112686157
39.165069341659546
39.282737016677856
39.088221073150635
39.505024909973145
39.04841327667236
39.29302930831909
39.15753197669983
39.35856604576111
38.90478205680847
39.44409370422363
38.93078351020813
39.25261664390564
39.233975887298584
38.78274703025818
39.755200147628784
39.19611692428589
39.90432548522949
39.108906269073486
38.817691802978516
40.09156537055969
38.59521150588989
39.603758096694946
38.90391206741333
38.65687847137451
39.8483772277832
38.65644335746765
39.205644845962524
38.988486528396606
39.59403610229492
39.47992563247681
38.483885049819946
39.10920691490173
39.78971481323242
38.79506206512451
38.34462356567383
39.434688091278076
40.24143409729004
38.62161922454834
39.66901707649231
39.17027759552002
39.801780223846436
39.23671054840088
39.07725715637207
39.15640592575073
38.36824131011963
39.447755098342896
39.06920766830444
39.073846101760864
39.26742482185364
39.42658448219299
39.26823902130127
39.45305633544922
38.87944674491882
39.415733098983765
39.276421308517456
39.06325674057007
39.48194217681885
39.33930587768555
39.44114065170288
39.7982759475708
39.26944088935852
39.256566286087036
39.59890079498291
38.65612602233887
38.75934386253357
38.9655864238739
39.71113610267639
38.75710105895996
39.20126962661743
39.48229646682739
39.00603222846985
39.37627720832825
38.51185441017151
39.81224608421326
38.974754095077515
39.46995139122009
39.56737017631531
39.57742166519165
39.03729748725891
38.57404541969299
39.92737436294556
40.12506866455078
38.78936219215393
39.37135648727417
39.716307401657104
39.86494278907776
38.70636177062988
41.20356273651123
41.0502564907074
39.68327879905701
40.2526319026947
38.90314173698425
38.86364507675171
39.153796434402466
38.810364961624146
39.09065842628479
39.31142210960388
40.0880560874939
38.86990666389465
38.696051597595215
38.922117948532104
39.5704185962677
39.93265080451965
39.29951500892639
40.24451184272766
38.51132249832153
39.579143047332764
39.00581240653992
39.318641662597656
39.68613123893738
39.43038868904114
38.82047486305237
40.65164852142334
38.69753932952881
39.63321352005005
38.84811305999756
40.97260785102844
39.14481592178345
40.41182565689087
39.15080451965332
39.98839783668518
40.311710834503174
39.15687370300293
38.936161279678345
38.87161064147949
40.081570863723755
39.206730127334595
39.60914850234985
39.10927104949951
39.57370948791504
39.28815484046936
40.327009439468384
39.30779528617859
39.57465314865112
38.722474098205566
38.83735656738281
39.452136754989624
39.23980712890625
39.17991518974304
39.592543840408325
40.521286964416504
40.38508701324463
39.79713249206543
40.685964584350586
38.37311029434204
41.3294780254364
38.72255849838257
39.99710702896118
39.39755129814148
39.68305850028992
40.240543842315674
39.31903338432312
39.26925277709961
39.52098631858826
39.46364903450012
40.19921612739563
39.98167634010315
41.23054313659668
40.107725620269775
39.343116998672485
40.28610324859619
39.325700998306274
39.53905510902405
38.89076089859009
39.35616374015808
39.070414781570435
39.562865018844604
39.41123342514038
39.50133800506592
39.215646743774414
38.80659747123718
39.53448510169983
40.3061797618866
39.65508031845093
39.531081199645996
40.29733633995056
38.533164739608765
39.67766737937927
38.68300414085388
38.6122784614563
39.311466455459595
39.1256308555603
39.952858686447144
38.48519778251648
40.3978111743927
39.259817123413086
39.05623912811279
39.25321054458618
39.69303488731384
39.00612473487854
39.006852865219116
38.66973066329956
39.75620770454407
38.740206718444824
39.10329985618591
39.38414740562439
39.84805417060852
39.176025390625
39.60302376747131
38.991658210754395
39.60219430923462
38.36038112640381
41.42464804649353
38.609479665756226
39.2779438495636
38.81949496269226
40.021557331085205
39.31505036354065
38.48768424987793
38.536250591278076
38.85636639595032
39.53072428703308
39.05681610107422
40.213024616241455
39.21093416213989
39.41865396499634
39.26058650016785
38.06380248069763
39.429834842681885
39.53391242027283
39.59821271896362
38.99196434020996
40.16739821434021
39.47507333755493
40.030678272247314
39.116052865982056
39.42946934700012
39.324530839920044
39.49948287010193
39.40190553665161
40.8473744392395
39.07029867172241
40.969913721084595
39.71262454986572
39.51643085479736
38.875195026397705
39.61394238471985
38.80372333526611
38.58576202392578
39.48418164253235
38.80351710319519
39.15132260322571
39.49902009963989
39.34977984428406
39.269437074661255
39.098599910736084
38.67131471633911
39.26973223686218
39.83351254463196
40.31936860084534
39.27415418624878
38.94369316101074
39.327948331832886
39.41521167755127
38.99318504333496
38.66672229766846
39.673470973968506
39.03578042984009
38.94722056388855
39.377151012420654
39.43671989440918
39.14681553840637
39.82079792022705
39.779484272003174
38.527156829833984
39.07061719894409
38.44070863723755
39.44552540779114
39.17256474494934
39.42612409591675
39.16384267807007
39.620099782943726
39.13199186325073
38.74347543716431
39.25546312332153
41.17555832862854
38.8929557800293
39.42747187614441
39.32787489891052
39.731837034225464
39.093355655670166
39.12116312980652
39.21793293952942
39.201199769973755
38.92096710205078
38.36975932121277
38.712300062179565
38.74017858505249
39.51752948760986
38.283095598220825
38.98150849342346
40.32403230667114
40.192583084106445
39.56070804595947
40.461894512176514
40.12419271469116
39.18241477012634
39.662607192993164
40.162599325180054
40.41730308532715
38.70668363571167
39.46872568130493
39.49951148033142
38.67236089706421
39.34700107574463
39.2635612487793
39.40486407279968
40.257014751434326
40.341572523117065
39.04232883453369
38.844778299331665
39.252702474594116
40.12573838233948
40.29219198226929
38.999083280563354
38.93049430847168
40.36255860328674
38.78796362876892
39.608598947525024
39.65373992919922
39.05582070350647
39.37850546836853
39.88730978965759
39.67700958251953
40.04723381996155
38.50373387336731
38.90163230895996
39.50146818161011
39.680439949035645
39.132996559143066
38.49591255187988
40.015103340148926
39.26041030883789
40.78141450881958
38.49740386009216
39.8250617980957
40.67330455780029
39.005980491638184
39.30873346328735
38.87380266189575
39.30529499053955
39.277045011520386
38.75400733947754
39.34789228439331
40.49100303649902
39.31449580192566
41.569130659103394
39.07691717147827
40.24678707122803
38.48436522483826
39.31028413772583
40.18744516372681
39.11181664466858
39.28643226623535
39.00368118286133
38.510292768478394
39.10664367675781
38.47263717651367
38.13906145095825
39.87419581413269
39.41707468032837
38.97869944572449
39.6158766746521
38.994306802749634
39.35659408569336
39.711631298065186
40.28038501739502
38.740901947021484
40.1811957359314
39.68362641334534
38.14381384849548
38.66182065010071
39.31253361701965
39.7503821849823
39.83540892601013
39.2084846496582
39.706671476364136
39.77208948135376
39.25826597213745
39.991206407547
38.78227186203003
39.70469403266907
39.08556127548218
39.39008045196533
39.24266219139099
39.40203547477722
39.44894766807556
40.43569564819336
38.88909149169922
38.87130284309387
39.085856676101685
39.19857096672058
39.80868101119995
39.80739402770996
39.90707802772522
39.89943265914917
39.123934745788574
39.42808532714844
38.82078790664673
39.73692178726196
39.495420694351196
39.072020053863525
39.248554706573486
39.27840828895569
40.21009802818298
38.57314109802246
39.85210204124451
40.341212034225464
39.169816732406616
39.367947816848755
39.33015298843384
39.49857521057129
39.73639941215515
40.373900413513184
39.358773708343506
38.51008868217468
39.50454139709473
40.247424602508545
38.87231755256653
39.71053910255432
39.34170603752136
40.16409516334534
39.353034019470215
40.76115679740906
38.872562646865845
39.10999584197998
39.1768684387207
38.932533502578735
39.33856964111328
39.970932960510254
40.52594780921936
39.00120496749878
40.20509576797485
39.57437777519226
39.970932722091675
40.097439765930176
39.44233751296997
39.483426332473755
40.746594190597534
39.43686556816101
40.456233739852905
40.26995372772217
39.443328619003296
38.86449909210205
39.66133785247803
39.73082685470581
38.80584096908569
39.3399498462677
39.11974811553955
40.278547048568726
39.12294101715088
40.15579032897949
39.55421590805054
41.072816133499146
38.469162940979004
39.78670644760132
39.57580876350403
40.377535581588745
39.06452822685242
39.78129196166992
39.54561138153076
39.44040513038635
39.977922201156616
39.41351294517517
39.37998867034912
40.01792788505554
38.84333276748657
39.49502396583557
38.79042053222656
40.099828243255615
38.7220618724823
40.042410373687744
39.58660650253296
39.45463728904724
39.25765109062195
39.32681918144226
39.394994020462036
40.25040149688721
39.40741991996765
41.04079222679138
39.873743534088135
39.946834325790405
40.10931396484375
39.45265316963196
39.071577310562134
39.56400179862976
39.610877990722656
39.73037600517273
39.57379508018494
39.922372579574585
38.910942792892456
41.54256296157837
40.05645179748535
40.04685592651367
39.31197142601013
38.516340494155884
39.84277653694153
38.5974018573761
39.854984283447266
40.00726795196533
39.41022276878357
39.52469491958618
39.94792032241821
38.687230825424194
39.19331502914429
39.69593334197998
40.064518213272095
39.35123062133789
40.05600643157959
39.337748765945435
39.017080545425415
39.43061804771423
39.35901498794556
39.71244215965271
39.88053059577942
40.16294026374817
39.586092472076416
40.18949222564697
39.546385526657104
39.78766369819641
39.11277627944946
38.80899739265442
39.58328199386597
38.39794874191284
40.05205488204956
38.55445861816406
40.253374338150024
40.35942602157593
41.07361602783203
38.85797595977783
39.564878702163696
39.65148138999939
41.22274947166443
39.39377570152283
39.14552688598633
40.132814168930054
39.78164601325989
39.94995737075806
39.71290946006775
38.60656499862671
40.54898238182068
39.53426384925842
39.18976664543152
39.96316170692444
38.71442675590515
40.87974810600281
40.81029295921326
39.993441104888916
39.86883521080017
39.5637686252594
38.776517152786255
39.85695481300354
39.09329915046692
39.5901358127594
39.139593839645386
39.57232308387756
38.936134815216064
38.831907987594604
38.736764430999756
39.13499331474304
38.93290972709656
39.50350522994995
40.292932748794556
41.08306837081909
39.105236291885376
39.26963925361633
39.20301175117493
40.67745757102966
39.47616147994995
39.848835468292236
39.51272940635681
39.8458468914032
39.34821963310242
40.17791533470154
38.82726430892944
40.26014709472656
39.94514775276184
41.57682752609253
38.75978946685791
40.10061025619507
40.27310848236084
39.82820463180542
39.278034925460815
39.51607370376587
39.39716815948486
38.63497972488403
39.28929901123047
38.89442801475525
39.5689651966095
40.08806896209717
38.97885060310364
38.59572792053223
40.08756947517395
39.9377555847168
38.804606676101685
39.489956855773926
39.127959966659546
39.34661388397217
39.12383961677551
39.993245124816895
39.41367983818054
38.848514795303345
39.578553438186646
40.087422609329224
40.510679721832275
38.6795449256897
39.85516119003296
39.35400629043579
39.02736711502075
38.75114369392395
39.252073526382446
39.08906173706055
39.35733366012573
39.15565466880798
39.02355909347534
40.14638829231262
39.18810772895813
39.79310894012451
39.05137920379639
40.46326494216919
38.889172077178955
41.04935312271118
39.25452971458435
39.48904585838318
40.033408880233765
39.48659873008728
38.514243841171265
41.677998065948486
39.491408586502075
40.39601016044617
38.99198293685913
39.97947382926941
39.81004476547241
39.3335325717926
39.3501353263855
39.36483097076416
39.815258264541626
39.177305698394775
40.123746156692505
39.75521159172058
39.46106958389282
39.4745237827301
40.02003049850464
40.31369733810425
40.90438151359558
39.89796733856201
39.568384885787964
39.64085388183594
39.289862632751465
40.06057572364807
39.43497109413147
41.049604654312134
39.27571225166321
39.138800859451294
39.265071868896484
40.394336223602295
38.948161363601685
40.924899101257324
38.849478006362915
40.473642349243164
39.36571955680847
39.791319370269775
39.5361065864563
39.34765553474426
39.569007396698
39.5295934677124
39.08796691894531
39.40067672729492
39.36865258216858
39.22474503517151
39.312803506851196
41.470897912979126
39.728774309158325
40.152246952056885
39.71409201622009
40.10403871536255
39.74469208717346
39.363043785095215
39.59637904167175
39.59152841567993
40.66128134727478
39.622459411621094
39.688605308532715
39.63030552864075
39.5246160030365
39.019896507263184
38.82859182357788
40.450363874435425
39.443278312683105
39.696834564208984
39.59678840637207
39.449854135513306
39.63078737258911
39.46517300605774
39.698771953582764
39.86248970031738
40.002933979034424
39.09774851799011
39.22444939613342
39.079158782958984
39.24183392524719
39.25914978981018
39.87677454948425
38.972424268722534
40.26417255401611
40.074655055999756
40.51280617713928
39.23525619506836
39.883596420288086
39.790544271469116
39.58348202705383
39.11655831336975
39.38969135284424
39.71056795120239
38.93485927581787
39.099865198135376
40.320929765701294
39.10937786102295
39.012014389038086
39.61604022979736
39.392945528030396
39.523523807525635
40.548534631729126
40.220768213272095
40.42528820037842
39.05987477302551
39.53610301017761
39.96946310997009
39.821324825286865
39.383768796920776
38.980411529541016
39.91423797607422
39.689404010772705
39.741427183151245
39.991933822631836
39.74189901351929
39.73078894615173
40.996422290802
39.42149996757507
41.25784635543823
39.23915886878967
39.90638589859009
39.48043608665466
38.81351280212402
39.68822193145752
39.39276695251465
39.689029693603516
39.94641089439392
40.52182960510254
39.6216094493866
39.7022020816803
40.328569173812866
39.71426749229431
39.45140767097473
40.26558804512024
40.225980281829834
39.2570743560791
39.49694085121155
39.195029973983765
39.794013261795044
39.48909544944763
39.37389254570007
39.70340061187744
39.35320448875427
41.3840594291687
39.26251983642578
40.9424512386322
39.70677828788757
40.41358661651611
39.08464503288269
40.54786515235901
39.07601070404053
39.78465294837952
38.78750157356262
38.74139976501465
39.383941888809204
39.06449317932129
39.04563522338867
39.771119594573975
40.5172221660614
39.81043100357056
39.669358015060425
40.338539123535156
39.67818093299866
39.53278660774231
39.73635697364807
39.73032546043396
38.54166126251221
39.40800857543945
39.13213920593262
39.65432095527649
39.39504384994507
40.60773205757141
40.258843183517456
38.7741813659668
40.181293964385986
39.44967222213745
39.54269194602966
39.428656578063965
40.235196590423584
40.05650091171265
40.23838496208191
39.93925857543945
39.38387584686279
39.25245666503906
38.78785181045532
38.92255258560181
40.009358167648315
39.65617823600769
39.84688663482666
39.65589499473572
39.80461883544922
39.60104179382324
39.90921115875244
41.23616099357605
40.32993173599243
39.80889272689819
39.69915318489075
39.52954149246216
39.17896795272827
39.13221073150635
40.40544843673706
40.06831383705139
39.8433620929718
39.17701268196106
40.69835805892944
39.580363750457764
39.457316875457764
39.1130747795105
40.48218011856079
38.91720390319824
39.38685488700867
38.38010764122009
39.615585803985596
40.14095711708069
39.14493680000305
38.98410606384277
39.79128074645996
39.13454341888428
39.5747332572937
39.14413666725159
40.32748293876648
39.43122887611389
41.29785227775574
39.35224628448486
40.403905153274536
39.34440803527832
39.469876766204834
40.12618899345398
38.706376791000366
39.4727349281311
39.185933113098145
39.401442766189575
39.80802059173584
39.899895906448364
38.76492190361023
39.61520195007324
39.93331837654114
39.97351098060608
39.131420373916626
39.130059003829956
40.35978031158447
39.24265003204346
39.40364170074463
40.136990547180176
39.31973934173584
39.07995653152466
39.52980899810791
39.42665767669678
39.96078372001648
39.794511795043945
39.18736028671265
40.977060317993164
38.58923387527466
40.16911172866821
39.751009941101074
40.445785999298096
39.22565245628357
40.05474305152893
40.47870898246765
39.31212258338928
38.40244126319885
38.99533748626709
39.16918444633484
38.97424244880676
39.23250961303711
41.076988220214844
39.134374380111694
39.68204998970032
39.56940746307373
39.96724033355713
39.47486758232117
39.27273201942444
40.04718232154846
38.50004315376282
39.838829040527344
39.333157777786255
42.03011894226074
40.029531955718994
40.44268035888672
39.39480996131897
39.49594449996948
38.86000728607178
39.224541664123535
40.59881281852722
39.46568036079407
39.479862689971924
39.61485767364502
39.19618225097656
39.318803548812866
39.871581077575684
39.306848764419556
39.91597580909729
39.411431312561035
39.541247844696045
39.280163288116455
39.034459352493286
38.76840567588806
39.59815454483032
38.7725133895874
39.61560654640198
39.02278995513916
39.87138271331787
41.993470668792725
39.82443404197693
40.09296917915344
39.92987513542175
40.5942759513855
39.02572417259216
39.03144192695618
40.260448694229126
38.74809551239014
39.64496636390686
38.79984736442566
39.69224309921265
39.56757116317749
39.04182767868042
39.525498390197754
39.33598852157593
39.45896816253662
39.1518394947052
39.45968198776245
39.76353359222412
40.77881169319153
39.67503786087036
40.11751103401184
40.285839319229126
40.63085651397705
38.55699181556702
40.07372069358826
40.10356593132019
40.34303164482117
39.16376495361328
39.13579726219177
39.05271768569946
39.56653618812561
39.542940616607666
39.23886275291443
39.58486533164978
40.115509033203125
39.24835395812988
39.382704734802246
38.898616552352905
39.23588943481445
39.38382291793823
39.24911904335022
39.523231506347656
39.51407265663147
38.989930629730225
41.417927503585815
39.12613105773926
40.35564637184143
39.44078016281128
39.427801847457886
39.59596514701843
40.476457595825195
40.291502714157104
39.51692032814026
38.69984006881714
39.34096550941467
38.73582601547241
39.17416071891785
39.49437379837036
39.751108169555664
39.23231816291809
39.09570384025574
38.999018907547
39.55642580986023
39.04261302947998
38.82972598075867
39.70747709274292
39.0964252948761
39.43087077140808
40.21363091468811
38.819265842437744
39.79742407798767
39.2849485874176
39.42869305610657
39.20316529273987
39.594175815582275
39.24241876602173
40.74211502075195
39.231351137161255
40.50620198249817
39.38673543930054
39.57960844039917
39.376728773117065
39.575591802597046
39.00549077987671
39.24581813812256
40.213271617889404
39.60392618179321
39.2659125328064
38.25727152824402
40.295494079589844
39.2497034072876
39.65655970573425
39.61807084083557
39.36555099487305
39.17187476158142
38.829339265823364
39.4897677898407
38.97892117500305
39.18276309967041
40.26920175552368
39.56526803970337
40.19173002243042
39.572941064834595
39.85674262046814
39.68779182434082
39.169150829315186
39.31450629234314
39.614052057266235
39.52424216270447
38.77621507644653
40.19014501571655
39.500444173812866
39.01770853996277
38.952935218811035
39.35760235786438
38.76697087287903
39.00297403335571
39.745208978652954
40.03965353965759
39.591001987457275
39.71154427528381
39.36644625663757
39.471410512924194
39.36423921585083
39.92107939720154
40.37977361679077
39.46142268180847
39.78347325325012
39.455111026763916
39.322370290756226
39.22161602973938
39.42038679122925
39.02700209617615
39.538841009140015
38.67303538322449
38.89294195175171
39.577624797821045
39.18597388267517
40.754339933395386
39.72870922088623
39.54400849342346
39.08688974380493
40.06272268295288
39.10571098327637
40.14803957939148
39.40007781982422
40.67329239845276
40.058290004730225
39.37221670150757
38.63139772415161
39.84954214096069
39.177196741104126
39.018513679504395
38.786566734313965
39.682764768600464
39.51948618888855
39.774352073669434
39.62631130218506
39.56082797050476
39.51584315299988
40.277528524398804
39.68276357650757
39.40637254714966
40.30049538612366
39.53499102592468
38.61709427833557
39.176278591156006
39.34270739555359
39.11807370185852
40.22480082511902
39.606292724609375
39.35043382644653
40.58420944213867
39.262736797332764
39.87644696235657
39.93753361701965
39.80126476287842
39.54786777496338
39.92855978012085
39.38975715637207
39.35372972488403
40.51810431480408
40.24578595161438
40.51341676712036
39.39130616188049
39.54792857170105
39.36760091781616
40.242112159729004
39.3570921421051
41.301602363586426
39.382779598236084
40.26116180419922
39.500409841537476
39.93345928192139
39.87337923049927
39.50717258453369
39.75127077102661
40.01130127906799
40.78129243850708
39.315932512283325
39.93794512748718
40.94478631019592
40.83240723609924
39.884177446365356
39.329124212265015
39.133309841156006
39.981581926345825
39.7159788608551
39.604286670684814
39.597397327423096
39.886962890625
40.63064193725586
