27.769059658050537
28.140302658081055
27.365551710128784
27.923147439956665
27.300708293914795
27.698200941085815
28.067894458770752
27.90769052505493
28.015462160110474
27.76958441734314
28.689800024032593
27.80340576171875
28.538681745529175
28.226417779922485
28.221094846725464
28.275938749313354
28.918745040893555
27.351574420928955
28.32073140144348
27.500566720962524
27.842771530151367
26.887259244918823
27.880098581314087
27.397348165512085
28.59500503540039
27.554840564727783
28.35437273979187
27.139055490493774
27.90951895713806
27.473431825637817
27.671191930770874
27.952357292175293
27.805383920669556
27.585766077041626
28.205393075942993
28.188979148864746
27.477627992630005
28.732028484344482
27.685312509536743
28.42902708053589
27.567103147506714
27.808247804641724
28.61752700805664
27.920572996139526
28.42739748954773
27.84728980064392
27.81608557701111
28.215811252593994
27.51293969154358
29.093984127044678
27.79810619354248
28.065401554107666
28.121447324752808
27.801247596740723
28.03890824317932
27.766899824142456
27.98766279220581
28.22866201400757
28.47874355316162
28.127891063690186
27.781575918197632
27.79596757888794
27.780466079711914
28.211167335510254
28.28052592277527
28.16079330444336
27.594928741455078
28.33443260192871
28.47788095474243
27.978267908096313
27.6767475605011
27.874117851257324
27.812066316604614
27.788553953170776
28.019551515579224
27.976652145385742
29.844070434570312
27.742515325546265
27.388777017593384
28.1539945602417
27.36172890663147
27.931090831756592
28.14491057395935
27.97152590751648
27.23497462272644
27.90416646003723
26.794602632522583
26.81505274772644
26.486832857131958
27.15292525291443
27.473586797714233
27.49438452720642
27.47106122970581
27.711845874786377
27.002434015274048
27.34225368499756
27.320899963378906
27.01110076904297
27.532269954681396
27.08062505722046
26.78324580192566
29.11745023727417
26.940587043762207
26.86854577064514
27.056272983551025
26.977577924728394
27.475080490112305
27.217151403427124
27.33311700820923
27.37412428855896
26.492525100708008
27.921802282333374
26.795034170150757
25.961540937423706
26.546568155288696
27.994309425354004
26.62504816055298
26.999953746795654
25.934041261672974
26.93545413017273
27.639225006103516
27.166697025299072
27.374913215637207
28.123823404312134
26.807902336120605
27.356048583984375
26.93307113647461
26.782633543014526
27.219821453094482
27.179169178009033
27.18236494064331
26.786274433135986
27.1229248046875
27.47442936897278
26.550162076950073
26.983365774154663
27.16203022003174
27.012654304504395
27.202982902526855
27.261300325393677
27.170706748962402
27.120336771011353
26.7410671710968
27.649988651275635
26.956538438796997
27.086212635040283
27.33128595352173
26.773029088974
26.739875078201294
26.294342517852783
27.368830680847168
26.680598497390747
27.036786794662476
26.842113733291626
26.93054509162903
26.419862508773804
27.223821878433228
27.608702659606934
27.077399969100952
26.901734828948975
26.408463716506958
26.691040515899658
27.397436380386353
27.57077169418335
27.05758833885193
27.549116134643555
27.24116587638855
27.28780508041382
27.055488109588623
27.756022691726685
27.273314237594604
27.104427814483643
27.129436254501343
27.187844276428223
27.868226528167725
27.05587935447693
26.747838973999023
26.673161029815674
26.972335815429688
27.116594076156616
26.746689558029175
27.512958526611328
26.38105344772339
26.738550186157227
26.744916439056396
26.819106340408325
26.92091727256775
27.106571674346924
26.65320611000061
26.886258840560913
26.576547384262085
26.62702178955078
26.42818784713745
27.55469512939453
26.5148286819458
26.939873933792114
27.126233100891113
27.051236152648926
26.234679460525513
26.7344331741333
26.356491804122925
26.331546783447266
25.239899396896362
26.574880361557007
25.69718027114868
26.83159899711609
26.123948097229004
26.377073049545288
25.98405170440674
26.35957932472229
26.405802011489868
26.56705904006958
27.63605499267578
26.859442472457886
26.732115983963013
27.110872983932495
26.756467819213867
26.600504636764526
26.267234325408936
25.646435022354126
26.789034366607666
26.32083225250244
27.293668508529663
26.083451747894287
26.784972667694092
25.614380598068237
26.33621883392334
25.94072937965393
26.692426919937134
26.64666485786438
27.16405415534973
26.19618058204651
26.43720579147339
27.924740314483643
26.32413387298584
26.192062377929688
26.838098287582397
25.660714864730835
26.684041261672974
26.103188514709473
26.58613610267639
26.93668818473816
26.20376706123352
26.448935985565186
26.480960845947266
26.50030517578125
27.059645652770996
26.571349143981934
26.078773260116577
26.98622703552246
26.40920877456665
26.783268928527832
26.667672157287598
26.46136999130249
26.237751483917236
26.01072096824646
25.986194372177124
27.864900588989258
26.143001079559326
26.395125150680542
25.8763906955719
25.650862455368042
26.341106176376343
25.88061499595642
26.79602837562561
26.53304886817932
26.672730684280396
26.496669054031372
26.55838370323181
26.24159026145935
26.819010972976685
26.01937174797058
27.060460090637207
26.5153865814209
26.689046144485474
26.701905012130737
26.416386127471924
26.75648045539856
26.726173639297485
25.313473224639893
26.770915031433105
26.925827741622925
26.361295700073242
25.855767011642456
26.5500226020813
25.809423446655273
26.34227156639099
26.036227464675903
26.03979778289795
26.261058807373047
26.372004508972168
26.025017261505127
26.30545425415039
26.035438299179077
25.76387906074524
25.292928218841553
26.37147045135498
26.468531847000122
26.029197216033936
26.568077087402344
26.648126125335693
26.08163809776306
25.75444269180298
26.83686351776123
26.6337468624115
26.615139722824097
26.238397121429443
27.152934074401855
26.568035125732422
26.862927198410034
26.70324397087097
27.028037071228027
26.257779836654663
26.11308455467224
26.139423608779907
26.817301988601685
26.0383460521698
25.65333390235901
26.293660640716553
26.101855039596558
26.839369773864746
26.606770038604736
26.502187252044678
26.019824028015137
26.3924343585968
26.083304405212402
26.11305332183838
26.366592168807983
26.430406093597412
26.291800498962402
26.637728452682495
26.318503856658936
26.248445749282837
26.58204221725464
26.375312089920044
26.217615604400635
25.831488132476807
26.043281078338623
26.30329394340515
26.171149969100952
26.97231912612915
26.88514232635498
26.42739725112915
26.13867688179016
26.297821283340454
25.84758973121643
26.294256687164307
25.966283798217773
26.187869787216187
25.939964771270752
26.136178255081177
26.308671951293945
26.777619123458862
26.5597243309021
26.246076107025146
26.675042867660522
26.064024448394775
26.34899401664734
26.15923547744751
26.127134561538696
25.96830725669861
26.25903582572937
26.025561571121216
26.46018362045288
26.199164152145386
26.470004081726074
26.214953422546387
25.999682188034058
26.220344066619873
26.60542917251587
26.69214701652527
25.646195650100708
27.57376503944397
26.41183876991272
26.11026620864868
26.996787071228027
26.74020743370056
26.69568109512329
26.146060705184937
25.966593503952026
26.093830108642578
26.06872820854187
26.10517454147339
26.163373947143555
26.013124227523804
26.16120719909668
26.266955375671387
26.375646352767944
26.110006093978882
26.549463272094727
26.04354214668274
26.302546977996826
26.392239332199097
26.27628207206726
26.394250869750977
26.653780698776245
26.809774160385132
25.988795518875122
26.00847029685974
25.995206832885742
26.210185766220093
26.019245147705078
26.049203157424927
26.970908880233765
26.09653615951538
26.07749366760254
26.0784649848938
26.01875376701355
26.61289644241333
26.34785771369934
26.023173570632935
26.131525993347168
26.270130395889282
26.115323543548584
26.471029043197632
26.24190068244934
25.98574686050415
26.582743406295776
26.808284759521484
26.96050238609314
26.963980674743652
27.66675877571106
26.31284809112549
26.376416206359863
26.200998067855835
26.204382181167603
26.257641077041626
26.810817003250122
26.410645484924316
26.088762044906616
26.999594688415527
26.122560024261475
26.5632266998291
25.894516706466675
25.854678869247437
25.93895149230957
26.310370683670044
26.211024522781372
26.168102979660034
26.234573364257812
26.09733819961548
25.93142056465149
26.72334885597229
26.23597812652588
26.499045610427856
25.971853017807007
26.523284196853638
26.248937129974365
26.730395317077637
26.460473775863647
25.911240577697754
26.032481908798218
26.00338363647461
25.769924640655518
26.293253183364868
26.26180100440979
26.568511486053467
26.613967657089233
26.668766975402832
26.365318775177002
25.99985098838806
26.20560598373413
26.54933762550354
26.980419874191284
27.10800528526306
26.299781322479248
26.472946882247925
27.27116346359253
26.551581859588623
26.643004179000854
26.280547618865967
26.248081922531128
26.482924699783325
26.44056797027588
25.97207021713257
26.527687549591064
26.309754371643066
26.51228094100952
26.20175528526306
26.384824991226196
25.922765254974365
26.225759983062744
26.257297039031982
26.612703561782837
26.134854555130005
25.958207845687866
25.97790551185608
26.219290018081665
26.76097011566162
26.560142993927002
26.319859743118286
27.911859273910522
26.49768853187561
26.587796926498413
26.974785089492798
26.205944299697876
26.102046966552734
26.71739959716797
26.840430736541748
26.423561096191406
26.444213151931763
26.141489267349243
26.029536724090576
26.265973806381226
25.920759916305542
25.904377937316895
26.600954055786133
26.584370851516724
26.251936674118042
26.44869875907898
26.416325569152832
26.124229192733765
26.55380153656006
25.979257583618164
26.401846885681152
26.521595001220703
26.19817066192627
26.600517749786377
26.695246934890747
26.370086193084717
26.62837266921997
26.016749143600464
26.497486114501953
27.140021324157715
26.793159246444702
26.5574049949646
25.83901858329773
26.312746047973633
26.143648862838745
26.240350246429443
26.01086187362671
26.02548098564148
26.003116369247437
26.54019546508789
26.773010730743408
26.361799240112305
26.03753399848938
25.838736295700073
26.238478422164917
26.148255586624146
26.110915422439575
26.35561752319336
26.436185836791992
26.985602140426636
25.956910371780396
26.123027563095093
26.193344831466675
26.74757146835327
26.55258345603943
26.047266721725464
26.936148405075073
26.413405656814575
26.61412024497986
26.541842460632324
26.308035135269165
26.26180672645569
26.393013954162598
25.90281343460083
26.586596965789795
25.778079986572266
25.37422275543213
26.092715740203857
25.689653158187866
25.508976221084595
26.019163846969604
26.016937255859375
25.81920313835144
25.435099124908447
25.39502501487732
25.18801522254944
25.37376308441162
25.489306688308716
25.919990301132202
25.26260733604431
25.279788494110107
25.441346406936646
25.574786901474
25.404183626174927
25.219882488250732
25.262233018875122
25.04525089263916
25.21498417854309
25.12680673599243
25.128816843032837
25.19243550300598
25.63934016227722
25.036937475204468
25.00155472755432
25.61572575569153
25.681865453720093
25.36807894706726
24.877018928527832
25.929422855377197
25.130072355270386
25.28864312171936
25.11893391609192
24.634939908981323
25.483044862747192
26.453807592391968
25.325762271881104
26.133298873901367
25.356741905212402
26.1028892993927
25.07743215560913
25.768096685409546
25.213017225265503
25.721051454544067
25.49649691581726
25.56125521659851
25.731287002563477
25.482906103134155
25.799092292785645
25.177961111068726
26.226914882659912
25.143171787261963
25.64001774787903
25.487377882003784
25.91702961921692
26.25405216217041
25.58668541908264
25.55029559135437
24.98197102546692
25.645426273345947
25.34917163848877
25.676406383514404
25.472879648208618
25.446851015090942
25.701285123825073
25.856996059417725
25.394136905670166
25.49430561065674
25.376560926437378
26.218270301818848
24.967824935913086
26.114140272140503
26.57911491394043
25.680011510849
25.665417909622192
24.515284061431885
25.963897705078125
25.364572763442993
25.95562720298767
25.53943395614624
25.492037773132324
25.11375331878662
25.323302507400513
25.60572838783264
25.46379041671753
25.505946397781372
25.902077436447144
25.369401931762695
25.620410203933716
25.593804121017456
25.574780702590942
25.925076246261597
25.54278588294983
26.130197286605835
24.77662992477417
25.785483837127686
25.05351948738098
25.370389461517334
25.1352481842041
25.953052759170532
25.46941065788269
25.301363945007324
25.343136310577393
24.66425633430481
25.73132586479187
24.868140697479248
25.052936553955078
25.303337812423706
25.48153305053711
25.915506839752197
25.950916051864624
24.98557710647583
25.854992866516113
24.998226642608643
25.758753538131714
25.131597995758057
26.122504472732544
25.286980390548706
25.34692931175232
25.35370707511902
24.383313179016113
25.264912605285645
24.71967315673828
25.408660173416138
25.053017139434814
25.663161516189575
24.76360511779785
25.221092700958252
25.55116057395935
25.321036100387573
24.80628800392151
25.837931156158447
24.77941608428955
25.31890106201172
25.198591470718384
25.401987075805664
25.70957589149475
25.8545982837677
25.157488107681274
25.66814684867859
25.25215792655945
25.566218376159668
25.03623080253601
25.088390350341797
25.736788988113403
25.57229995727539
25.13712787628174
25.96464514732361
25.112125396728516
25.388429641723633
25.36656141281128
25.704567670822144
25.741185903549194
25.119259357452393
25.919617176055908
25.443209886550903
25.372257471084595
25.123687744140625
25.040921211242676
25.261518955230713
25.15030598640442
25.55501651763916
25.335336446762085
25.285212993621826
25.35932993888855
25.412516355514526
24.918700218200684
25.21855354309082
25.602388620376587
25.436262607574463
25.707935333251953
24.99854850769043
25.142314910888672
25.372253894805908
25.356143712997437
24.934976816177368
25.431325912475586
25.36329483985901
25.190447092056274
25.845896005630493
25.040375471115112
25.285128355026245
25.70169973373413
25.77512240409851
25.49763512611389
25.278250455856323
25.063792943954468
25.69994354248047
26.02556824684143
25.67227816581726
25.22789764404297
25.721911430358887
25.410724401474
25.482444524765015
25.129677534103394
25.441895008087158
25.586448669433594
25.250813484191895
25.331398963928223
25.707218885421753
25.159482955932617
25.517492055892944
25.5986909866333
25.6708927154541
25.49503445625305
25.81462550163269
25.138295650482178
25.053287982940674
25.499446630477905
25.26932692527771
25.615444660186768
25.027057886123657
26.27712845802307
25.268229722976685
26.16574215888977
25.89959979057312
25.621383666992188
25.831653833389282
25.441766023635864
26.092042922973633
25.881922960281372
25.40573024749756
26.00239396095276
25.092084169387817
25.12433695793152
25.131311416625977
25.73220729827881
25.111112356185913
25.518100261688232
25.41440200805664
25.45645046234131
25.27405595779419
25.21835708618164
25.25909399986267
25.17979145050049
24.741827249526978
25.091408014297485
25.541056632995605
24.9821834564209
25.95737624168396
25.655272960662842
26.01907968521118
25.558881759643555
25.711363554000854
25.412787675857544
25.161771774291992
25.192439556121826
25.209352493286133
25.482704401016235
25.60741901397705
25.70801281929016
25.43409824371338
25.56575632095337
24.944321632385254
25.39652991294861
25.118175745010376
24.76166868209839
25.46306037902832
25.13296866416931
25.105135679244995
24.888622522354126
24.96329927444458
25.08485198020935
25.0769259929657
25.637212991714478
25.38421082496643
25.465015172958374
25.470179319381714
25.07890510559082
25.092102766036987
25.199663400650024
25.39310336112976
24.960518836975098
25.239347219467163
25.59768295288086
25.331875324249268
25.80524706840515
25.29762887954712
25.37759280204773
25.084852933883667
25.71595549583435
25.361648321151733
25.420440912246704
25.809523105621338
25.95803928375244
25.46767497062683
25.208375215530396
26.02019429206848
25.302489042282104
25.88091778755188
25.108415603637695
26.111231088638306
25.221412181854248
25.0361065864563
25.14916157722473
24.977272510528564
25.820877075195312
25.302288055419922
25.619062423706055
25.93280529975891
25.25690007209778
25.866822957992554
25.32418656349182
25.359183311462402
25.450863361358643
25.53088617324829
25.34751558303833
25.137728691101074
25.28900647163391
25.42016863822937
25.912363529205322
25.628283262252808
25.560649394989014
25.206175088882446
25.023865699768066
25.414413452148438
24.62075424194336
25.020941495895386
26.518462657928467
25.74128746986389
24.90797781944275
25.08305048942566
25.306448698043823
25.30572485923767
26.098286867141724
25.308021068572998
25.3919460773468
25.45297646522522
25.040233612060547
25.235840797424316
25.229859113693237
25.476705074310303
25.06717562675476
25.14494800567627
24.919864654541016
25.207810401916504
25.67801260948181
25.498188972473145
25.019049644470215
25.505762577056885
25.076802968978882
25.34702491760254
24.978493452072144
25.007708072662354
25.19175434112549
26.468254327774048
25.234354496002197
25.279415369033813
25.7685546875
24.901727437973022
24.908615112304688
25.291304349899292
24.510491371154785
25.116767168045044
24.409432411193848
24.854289054870605
25.24781346321106
25.451000452041626
25.289015531539917
24.75321340560913
24.998764991760254
24.96429181098938
24.829692125320435
25.257261276245117
24.865849018096924
24.67876887321472
24.99789071083069
25.091942071914673
25.2552170753479
25.1920063495636
24.845756769180298
25.236998081207275
24.627075910568237
24.832752466201782
24.93449330329895
25.060418844223022
24.945122003555298
24.864535093307495
24.813488960266113
24.71525812149048
24.91630482673645
24.950130224227905
24.8739652633667
24.94780468940735
25.23921012878418
25.838096857070923
25.138331651687622
25.31100559234619
24.689289808273315
24.350030660629272
25.290175437927246
25.251201152801514
24.91496515274048
25.1478533744812
24.73295283317566
24.907204627990723
24.97944736480713
26.034730434417725
24.98188352584839
24.727275133132935
25.505552291870117
25.447826147079468
24.512693643569946
24.934096336364746
24.789992809295654
24.67298913002014
25.01157546043396
25.222910404205322
24.711708545684814
25.054457187652588
24.820106506347656
24.797767400741577
24.75002384185791
24.815638780593872
24.931180238723755
24.938690662384033
24.81596302986145
24.89573097229004
25.038819074630737
25.76605200767517
25.733089685440063
24.863306760787964
25.129775047302246
24.82484006881714
24.720168590545654
25.03183650970459
25.11141800880432
24.277039289474487
25.34693741798401
25.219568729400635
25.48034405708313
24.959696769714355
24.984355688095093
24.7835795879364
24.931740283966064
24.9834623336792
25.215818405151367
25.110414028167725
25.040050745010376
24.73856520652771
24.686342477798462
25.30612015724182
24.51351761817932
24.920552492141724
24.7815945148468
24.78466010093689
24.508249282836914
25.229648113250732
24.947153091430664
25.144059658050537
24.826240301132202
24.770524978637695
25.10870051383972
24.80582284927368
25.198487758636475
25.213669538497925
24.98162269592285
24.57818102836609
24.73685383796692
24.872294902801514
25.111501455307007
24.912665367126465
24.91066026687622
24.52578902244568
24.64867854118347
24.984108448028564
24.597105026245117
24.658963918685913
24.751516819000244
25.05929660797119
24.840458154678345
24.88531994819641
24.86453604698181
24.675615072250366
24.958232879638672
24.77833390235901
24.85429549217224
24.897154092788696
25.18636965751648
24.779215574264526
24.47307586669922
25.270455837249756
25.06420874595642
24.489985704421997
25.54754638671875
25.65957021713257
24.443020582199097
24.653913974761963
25.39992356300354
24.981897592544556
25.754542112350464
25.098384380340576
25.88248872756958
25.15558648109436
24.65409255027771
24.90893530845642
24.775630712509155
25.001055479049683
25.10783624649048
24.649388551712036
24.576130867004395
25.06842803955078
24.714534997940063
24.876821994781494
24.763349056243896
24.46820640563965
24.72161364555359
24.798972606658936
25.188432693481445
24.538658380508423
25.008463144302368
24.64655327796936
25.032153606414795
24.928505897521973
24.75063157081604
24.74064612388611
25.033257722854614
24.825252532958984
25.20756721496582
24.85257601737976
25.236904859542847
25.45711398124695
25.057851314544678
24.855188846588135
25.728532791137695
25.055715799331665
25.57925248146057
24.984370708465576
24.985581159591675
24.717573881149292
24.329214572906494
25.36684799194336
24.957525968551636
24.748794078826904
24.76381278038025
25.568928480148315
25.505268335342407
25.227250576019287
24.799997091293335
24.927481651306152
25.167170524597168
24.616761684417725
24.822439908981323
24.662237405776978
24.96204447746277
25.068569660186768
25.177366733551025
25.28354549407959
25.644479274749756
24.861016273498535
25.027804374694824
24.93275809288025
24.670818090438843
24.74349308013916
24.844125032424927
25.016297101974487
25.236806869506836
24.612257719039917
24.926690340042114
25.100911855697632
24.823840856552124
24.865947008132935
25.01118016242981
24.94217276573181
25.566824197769165
25.29576301574707
25.87613034248352
24.495396852493286
24.912856578826904
24.61649990081787
25.438801050186157
25.71130347251892
25.498455047607422
25.09027886390686
24.78046679496765
24.93953847885132
25.19465661048889
24.92936420440674
24.95918846130371
24.619375944137573
24.626073837280273
25.07946491241455
24.755507230758667
24.995185613632202
24.659970998764038
24.904325008392334
24.905607223510742
24.8681538105011
24.68549156188965
24.925941228866577
25.320860385894775
25.786577463150024
24.671157836914062
25.049084186553955
24.712337493896484
24.799623727798462
24.998899221420288
25.36946702003479
25.239123106002808
25.297399520874023
25.443874835968018
24.97707986831665
24.95065140724182
24.695159673690796
25.166832447052002
25.35639238357544
25.042466402053833
25.28861713409424
25.20274019241333
24.758381128311157
25.273062229156494
24.76179790496826
25.149495840072632
24.944465160369873
24.99512815475464
24.643603324890137
24.974071979522705
24.626409769058228
25.2474148273468
25.188111305236816
24.76706600189209
25.180004358291626
24.82431721687317
24.682220935821533
25.286025762557983
25.339250087738037
25.49711322784424
24.864447116851807
24.80487084388733
24.687971830368042
24.876065254211426
24.66550087928772
25.211086988449097
26.06230115890503
25.415377378463745
25.37409234046936
25.643223762512207
25.30970549583435
24.712380170822144
24.997846841812134
25.047393083572388
25.167017221450806
25.37310242652893
24.517483234405518
24.977063417434692
25.2829806804657
24.74060821533203
24.938073873519897
24.808645248413086
24.998120546340942
25.16865825653076
24.564031839370728
25.428169012069702
25.169368267059326
25.29077982902527
24.93545150756836
25.167208433151245
25.68402338027954
24.940655946731567
25.162405967712402
24.855583429336548
25.250828742980957
25.384013175964355
24.84787917137146
24.679357051849365
25.41302800178528
26.013171672821045
25.734508514404297
24.965438842773438
25.39577078819275
24.51422381401062
25.003389835357666
24.632063627243042
24.686172008514404
24.938446044921875
25.029905319213867
24.81660556793213
24.798502922058105
25.236297130584717
25.3326153755188
24.863863229751587
25.038615226745605
25.46847438812256
24.834927558898926
25.069692134857178
24.827392578125
24.88509726524353
25.14760994911194
24.95905828475952
25.096917867660522
24.804615020751953
24.53728675842285
24.6302011013031
24.56396746635437
24.8900728225708
24.64527654647827
24.962540864944458
25.4985454082489
24.657624006271362
25.146974325180054
24.91878080368042
24.72298240661621
24.885002374649048
25.259519577026367
25.067956924438477
24.88763451576233
24.753835439682007
24.647143602371216
24.87718105316162
24.943618535995483
24.74759864807129
24.895823001861572
24.792392253875732
24.84787678718567
24.72277545928955
24.63404870033264
24.845628261566162
24.887006044387817
24.916821718215942
25.384210348129272
25.01900815963745
25.881734132766724
25.387351989746094
25.087193250656128
24.629778623580933
24.41231346130371
24.996109008789062
25.248714447021484
25.196263790130615
24.864870071411133
25.336920022964478
25.59752917289734
26.020326137542725
25.293036699295044
25.46541976928711
25.242443323135376
25.15514063835144
24.90712881088257
24.80628490447998
25.36612582206726
24.996655225753784
24.80367922782898
24.96868920326233
24.716611623764038
24.534594535827637
25.0684015750885
25.042325019836426
24.64827299118042
24.86388325691223
24.81282329559326
24.829590559005737
24.84607458114624
24.9053475856781
24.80414628982544
25.00587224960327
24.453824281692505
24.766887664794922
24.809730052947998
25.146345376968384
24.825846910476685
24.64804458618164
25.20423412322998
24.6666316986084
25.23221445083618
25.15234613418579
25.24542212486267
24.700514316558838
24.85364317893982
24.95945143699646
24.774784326553345
25.003393411636353
24.889196395874023
24.898658990859985
24.75291156768799
25.360878705978394
25.40484380722046
25.282185077667236
24.808059692382812
24.85478639602661
24.974509239196777
24.784546852111816
24.867359161376953
24.747674465179443
24.755040168762207
25.111060857772827
25.036597967147827
24.982069969177246
24.953863859176636
25.00886583328247
24.71408176422119
24.921340227127075
24.903465032577515
24.66909146308899
24.702393770217896
24.87065315246582
25.07522177696228
24.910240411758423
25.072441339492798
24.568101406097412
24.766303062438965
25.105335235595703
24.83590602874756
24.782795429229736
24.84900188446045
25.04617190361023
25.354068756103516
24.678255558013916
25.057291269302368
24.649792432785034
25.04400086402893
24.743446826934814
24.96958827972412
25.085477828979492
24.79233956336975
25.27046489715576
24.693318843841553
25.04290509223938
24.66536808013916
24.670434951782227
24.92691135406494
24.95199728012085
24.641130208969116
24.859436750411987
25.2434401512146
24.875463724136353
25.19603419303894
24.822649478912354
24.843620538711548
24.833214044570923
24.825692892074585
24.838640451431274
25.228859186172485
24.689374923706055
24.628965854644775
24.832885026931763
24.961848735809326
25.045503616333008
25.305131196975708
25.319432497024536
24.959773302078247
24.813505172729492
24.9989116191864
25.074521780014038
25.234769105911255
25.771158695220947
25.30217981338501
24.96354055404663
25.093496799468994
26.076322555541992
24.273062467575073
24.864628314971924
24.897794246673584
24.74440908432007
24.38098669052124
25.090434074401855
24.651193141937256
24.73282241821289
25.180305004119873
25.606043100357056
25.15972661972046
24.64478826522827
25.19288659095764
24.90379762649536
25.076013565063477
24.637953281402588
24.826437950134277
24.586963176727295
24.908735990524292
25.080963373184204
25.128401041030884
25.16906762123108
24.72596049308777
24.701382875442505
25.15768051147461
25.129536867141724
25.016862630844116
24.93514919281006
24.74801468849182
25.147738933563232
25.156918048858643
24.824844360351562
25.12558364868164
24.97300362586975
25.30709195137024
25.04327654838562
24.533244132995605
25.597630500793457
25.31921911239624
24.911287307739258
25.0522141456604
25.033380031585693
24.87225914001465
24.671132802963257
24.809667587280273
25.882999658584595
24.845271587371826
25.21067214012146
25.80007839202881
25.006044387817383
25.016260623931885
25.339492321014404
24.795671463012695
24.719099044799805
24.874627113342285
24.988083124160767
24.86923384666443
25.3868670463562
24.984840631484985
24.53309965133667
24.843570232391357
24.707823038101196
25.12860131263733
24.958284854888916
24.639275789260864
24.878780603408813
24.90703010559082
24.73356819152832
24.68771767616272
24.807255506515503
24.843554735183716
24.489887237548828
24.63144612312317
24.79114818572998
24.569730043411255
24.61491823196411
24.744609832763672
24.54564666748047
24.812020778656006
25.22485089302063
24.940284490585327
25.347820281982422
24.730873823165894
25.527459859848022
25.13628077507019
24.685457229614258
24.857404232025146
24.583266973495483
25.41986322402954
25.141953945159912
25.45983076095581
25.21555757522583
26.173553705215454
25.750372648239136
24.680930137634277
24.87458610534668
24.94490885734558
24.83540630340576
25.165544509887695
24.804041624069214
25.19270396232605
24.799962282180786
25.11226987838745
24.942716598510742
24.721521615982056
25.568848133087158
24.81120276451111
24.739914417266846
24.617405891418457
24.998136520385742
24.692448377609253
24.84190058708191
24.735061168670654
24.9762065410614
25.36011505126953
24.889674425125122
25.012171268463135
25.157839059829712
24.932576417922974
24.759681701660156
24.472537517547607
24.726500034332275
24.42328667640686
25.058393478393555
24.77709460258484
24.89991307258606
25.166175603866577
25.165935039520264
25.626514196395874
25.46564483642578
24.818758010864258
25.242286682128906
25.475665807724
25.22389268875122
25.52704381942749
25.02117609977722
24.726272583007812
24.66560411453247
25.496171236038208
25.891703605651855
25.37129306793213
24.952927589416504
24.80602264404297
24.367640495300293
24.725034952163696
24.67743158340454
24.92785406112671
24.85480809211731
24.749055862426758
24.70742964744568
24.68902611732483
25.192177295684814
25.16469979286194
25.109339952468872
24.774515867233276
24.85892415046692
24.93392777442932
25.18447470664978
25.127174139022827
25.012938022613525
24.98699378967285
24.665879726409912
24.70894432067871
25.113669872283936
25.08481788635254
24.541573762893677
25.143012523651123
25.23637843132019
24.90780210494995
24.950870513916016
24.682167053222656
25.226151943206787
24.841224431991577
24.912285804748535
25.03755784034729
25.428630590438843
25.385910034179688
25.244492053985596
24.77315092086792
24.40646243095398
25.315664768218994
24.989458322525024
24.484321117401123
25.017261266708374
24.970813512802124
24.92902112007141
26.85397982597351
25.50452184677124
25.73808979988098
25.63632845878601
25.12459373474121
25.495687246322632
24.898014307022095
24.854285955429077
24.92043924331665
25.55994987487793
25.098103046417236
24.666587352752686
24.597497940063477
24.897611141204834
25.19106936454773
25.948728561401367
24.88900113105774
25.213629245758057
24.50952172279358
24.899802446365356
25.485135555267334
24.5807626247406
24.643373250961304
24.9598228931427
24.6158607006073
24.994593143463135
24.60860013961792
24.759206533432007
25.13755202293396
25.18187665939331
25.29275155067444
24.744487047195435
24.707595586776733
25.020638942718506
24.461627960205078
24.669960021972656
24.70796513557434
25.11729121208191
24.854655504226685
24.81680154800415
24.710590600967407
24.879451513290405
25.02574372291565
24.590394973754883
24.835474729537964
24.70092487335205
24.853208541870117
25.038740158081055
24.733498573303223
24.684311151504517
24.856694221496582
24.66895318031311
24.774645805358887
24.883991956710815
24.809794187545776
24.66935396194458
24.79879117012024
24.98400568962097
24.95996332168579
25.145041704177856
24.929816484451294
24.909539937973022
25.100345849990845
24.87404727935791
24.72089672088623
24.727702856063843
25.63997721672058
24.8072247505188
24.84329319000244
24.443933963775635
25.703280210494995
25.646469116210938
25.025909423828125
26.219642400741577
24.951093196868896
24.985649585723877
25.27821373939514
25.13167905807495
24.976597547531128
24.713788747787476
24.858269214630127
24.907942533493042
24.718133449554443
24.54243779182434
25.25116276741028
24.787150859832764
25.263477563858032
24.736070156097412
24.654719591140747
24.53107714653015
25.201091527938843
24.949439525604248
24.71108341217041
24.939110279083252
25.05744481086731
24.881920099258423
24.876859188079834
25.49601411819458
24.935155630111694
25.0396249294281
25.069255828857422
24.429657459259033
25.306116580963135
24.97633147239685
25.496833324432373
24.568603515625
24.524803400039673
24.896631002426147
24.96552062034607
25.153126001358032
25.062583684921265
24.76261019706726
25.66042447090149
26.182274341583252
25.158915042877197
24.712153911590576
24.881872177124023
25.265119075775146
24.98162341117859
24.789003610610962
25.123798370361328
25.03452205657959
25.0697181224823
24.8460111618042
25.034945726394653
24.68635654449463
25.045209169387817
24.737181425094604
25.023463249206543
24.485527753829956
24.505637645721436
25.036316871643066
25.267621994018555
25.27066993713379
25.214829683303833
24.84941864013672
24.90540599822998
25.187867164611816
25.31472635269165
25.62667989730835
24.944157600402832
25.19609022140503
25.43390917778015
24.948193311691284
24.840152740478516
25.69411039352417
25.121161699295044
25.57377338409424
25.00836491584778
24.820351362228394
24.9453125
24.796390771865845
25.638667345046997
24.591017484664917
24.69836139678955
24.82943034172058
24.59457802772522
25.12935495376587
24.937660694122314
25.106390953063965
24.954648971557617
25.139325618743896
24.99628186225891
24.862142324447632
24.760398387908936
25.11748433113098
24.992505311965942
24.680495738983154
24.67846155166626
25.15178942680359
25.447808742523193
25.38362765312195
25.226849794387817
24.855307817459106
24.91316246986389
25.056299209594727
25.998457431793213
25.234984159469604
24.969650506973267
24.631014347076416
25.241389513015747
25.52991485595703
26.086064100265503
24.900084972381592
24.764801502227783
26.0487277507782
25.00416898727417
24.95276713371277
24.87624192237854
25.068994760513306
24.68205976486206
24.78978681564331
25.973798513412476
24.640470266342163
24.665184259414673
25.346333980560303
25.231044054031372
24.84445834159851
25.593416213989258
25.087600469589233
24.728055477142334
24.768109798431396
25.39291286468506
26.25294804573059
24.939311027526855
25.000502824783325
24.6096510887146
24.934258222579956
25.266754865646362
25.050503730773926
25.33404040336609
24.852824926376343
24.632877349853516
24.73363995552063
25.347426176071167
24.80909490585327
25.09090304374695
24.99499225616455
25.319737672805786
25.31123685836792
24.557199478149414
24.58411478996277
25.098729610443115
24.900668382644653
25.10664701461792
24.739862203598022
25.208004474639893
24.63604164123535
24.749423503875732
24.31248450279236
26.07381319999695
25.778244256973267
25.192443370819092
24.836293935775757
25.96618962287903
24.941994428634644
25.043589115142822
24.851534605026245
24.791062593460083
24.687687873840332
24.949828624725342
24.682199239730835
25.25982904434204
24.698328971862793
25.264397621154785
24.60663676261902
24.94400954246521
24.842791318893433
24.573974132537842
25.299063682556152
24.85441255569458
24.804763793945312
25.00409197807312
24.895799160003662
24.593867540359497
25.069942474365234
25.320618391036987
24.746817111968994
24.978108167648315
25.40362548828125
24.741135597229004
25.473318815231323
25.473512887954712
24.55545210838318
26.412854194641113
25.783934116363525
25.151698112487793
25.04800796508789
25.19888925552368
26.148855209350586
25.06508183479309
24.698883056640625
25.777173280715942
24.647908449172974
24.645058631896973
24.992829084396362
24.695415258407593
26.43795657157898
24.942740440368652
24.72685694694519
24.715482473373413
25.357121229171753
24.897847175598145
24.91141414642334
25.363099575042725
24.82965636253357
25.09353995323181
24.84502601623535
24.889266967773438
24.70372247695923
25.13922429084778
25.14218020439148
24.567861080169678
24.738166570663452
24.8937349319458
25.516072750091553
24.767037630081177
24.968499422073364
25.171324014663696
24.835846662521362
25.301095247268677
25.187307119369507
25.408631086349487
24.88366460800171
24.64771294593811
25.056087017059326
24.71507692337036
25.101139068603516
24.998090744018555
24.835622549057007
24.80917239189148
24.96109914779663
25.05936074256897
25.15623116493225
24.72441816329956
24.661629676818848
24.830463886260986
24.830962419509888
24.763570547103882
24.86165714263916
25.637491703033447
25.074268579483032
24.960634469985962
24.79396152496338
25.126426935195923
24.764666080474854
25.023101091384888
25.214934587478638
24.730905294418335
25.30366349220276
25.251929998397827
24.932076692581177
24.80346918106079
25.096689701080322
24.518428802490234
24.592743396759033
25.27391219139099
24.632341384887695
25.194567441940308
24.42952013015747
25.634042501449585
25.31753420829773
25.24494218826294
25.008195161819458
24.54210901260376
25.810190677642822
24.785906076431274
25.130176305770874
25.302740573883057
25.620517015457153
25.97783398628235
25.483745336532593
25.0535786151886
26.064582109451294
24.8823881149292
24.900954484939575
24.72635006904602
24.89880609512329
24.430347204208374
25.117871284484863
24.76521873474121
24.70160698890686
24.99068522453308
24.577930688858032
24.763912677764893
25.106823682785034
25.117209672927856
24.752588272094727
25.220275163650513
25.152683973312378
24.581055164337158
24.591483116149902
25.070252895355225
24.760225296020508
24.97732186317444
24.882524013519287
25.687167406082153
25.51717233657837
25.616804838180542
25.00546932220459
24.901947259902954
25.65876269340515
25.29872965812683
26.351820468902588
24.547454357147217
24.758994817733765
26.048555374145508
24.95833706855774
25.396106719970703
25.007020235061646
24.965363025665283
24.98578405380249
25.690119981765747
25.18158507347107
24.712226390838623
24.636818885803223
25.77310037612915
25.298956871032715
24.942469358444214
24.72936224937439
25.25212073326111
24.610100507736206
24.722739458084106
25.18438482284546
25.48011803627014
25.24030375480652
24.847779512405396
24.928620100021362
24.682480096817017
24.809649229049683
24.759947061538696
24.87966752052307
24.68674612045288
25.316246509552002
24.7454617023468
24.785343885421753
25.200247526168823
25.10998034477234
24.710461616516113
25.433740854263306
24.616878747940063
24.947776079177856
24.937957048416138
24.87847352027893
25.30161166191101
24.774961948394775
25.12717032432556
25.073312997817993
25.57321310043335
25.50330138206482
25.50727081298828
25.1478168964386
25.45472741127014
25.851425409317017
25.61288332939148
24.515908241271973
24.455317974090576
25.059160470962524
24.717374086380005
25.005467653274536
24.868441104888916
25.328874111175537
24.857014179229736
24.964462995529175
25.11215877532959
24.783530473709106
25.212300539016724
25.043513298034668
25.009251832962036
24.676268100738525
24.741965293884277
25.430867433547974
25.147722005844116
24.890690803527832
24.989439249038696
25.083824634552002
24.93935465812683
25.34064483642578
25.19338846206665
24.449458360671997
25.543931245803833
24.556254386901855
25.63722062110901
25.061707735061646
25.122117519378662
25.060198545455933
25.154515027999878
25.536695957183838
24.893100261688232
25.007808208465576
24.897299766540527
24.658035039901733
24.691951513290405
24.54339575767517
24.631914854049683
24.797426462173462
25.056318283081055
25.05790138244629
24.683709859848022
25.229586601257324
25.226637363433838
25.287535667419434
24.78067922592163
24.988566875457764
24.764103174209595
25.166187286376953
24.89977264404297
24.793709993362427
25.357869625091553
24.806488275527954
25.42179775238037
24.926366090774536
25.119967937469482
25.173600673675537
24.738136053085327
25.58606219291687
25.022688388824463
25.115079879760742
24.98288655281067
26.11015224456787
24.60633373260498
25.93054747581482
25.346133947372437
24.793179988861084
25.28472900390625
24.65514039993286
24.98823308944702
25.566668033599854
24.970665454864502
24.92084789276123
25.165107011795044
24.685867309570312
24.701014280319214
25.003497838974
24.72909641265869
25.933680772781372
24.476030588150024
24.708219051361084
24.629022359848022
24.83333396911621
25.40052056312561
24.898669958114624
24.9931640625
25.0313138961792
25.101945877075195
25.05935835838318
25.10319423675537
24.71753430366516
24.70963764190674
25.14093518257141
25.115432262420654
25.19610571861267
25.370309829711914
25.025473594665527
25.024046182632446
24.603816270828247
25.114477157592773
25.567555904388428
26.248996257781982
25.09274125099182
24.39335322380066
25.19825291633606
24.978100061416626
25.528120040893555
25.247084617614746
25.655611276626587
24.245594024658203
24.84385919570923
25.10591745376587
25.038731336593628
26.050285577774048
24.61641836166382
24.629964351654053
24.863534212112427
24.998085975646973
24.948662281036377
24.823358058929443
24.447878122329712
25.08453941345215
25.009700059890747
24.844180822372437
24.66915774345398
25.19064712524414
25.56256604194641
24.624075889587402
24.735724449157715
24.705366134643555
25.502614736557007
25.049264669418335
24.590354919433594
24.689752340316772
24.990719079971313
25.807128190994263
25.42992401123047
25.631331205368042
24.60766863822937
24.86140489578247
25.336469650268555
25.258586406707764
25.011106491088867
24.4826340675354
25.855175018310547
24.90552306175232
24.67588782310486
24.85383367538452
24.626880168914795
24.624873161315918
25.185322284698486
25.19611883163452
25.309861660003662
25.13728642463684
24.734009742736816
24.75511932373047
25.01124119758606
25.03476357460022
24.68714141845703
24.8143470287323
24.729722499847412
24.942159414291382
24.724385261535645
24.96420121192932
24.993300914764404
24.754220008850098
24.934465408325195
24.89349389076233
25.132370710372925
25.069878339767456
25.6374728679657
25.00971508026123
24.414315700531006
25.001133680343628
25.13482165336609
24.555548191070557
25.217432737350464
25.432775735855103
24.885727405548096
25.063481330871582
25.59876537322998
25.106768369674683
24.96141505241394
24.486467123031616
25.307483196258545
24.520009517669678
24.740068912506104
25.468738079071045
24.647392511367798
24.760782480239868
24.7030987739563
24.930631160736084
24.84047842025757
24.912418365478516
24.761776447296143
24.754417896270752
25.281373023986816
24.912270545959473
24.726394176483154
25.57828140258789
24.737720012664795
24.93858551979065
24.811710119247437
24.992405652999878
25.145853996276855
25.556982040405273
25.273359775543213
25.65573024749756
24.85542321205139
24.953633069992065
24.41633677482605
25.499345302581787
25.577958822250366
25.24177885055542
25.070444345474243
25.724710941314697
25.089947938919067
24.777618169784546
24.792415142059326
24.804705381393433
24.849961042404175
24.622079372406006
24.66031289100647
25.421935558319092
24.97939920425415
24.52784776687622
25.182633876800537
25.081822872161865
24.89422583580017
25.333677291870117
24.99810791015625
25.72577738761902
25.03299117088318
24.639885187149048
24.719423294067383
24.94985866546631
24.636672496795654
24.953083992004395
25.51689076423645
24.73977041244507
24.9751455783844
24.96662926673889
25.07729959487915
24.911022424697876
24.90248441696167
24.623759508132935
24.71689009666443
24.543260097503662
24.84757161140442
24.772042274475098
25.03085231781006
25.34764790534973
24.81775712966919
24.707128763198853
24.704633474349976
25.19387125968933
24.806442975997925
25.76268196105957
24.531615018844604
25.231505393981934
24.88070511817932
24.820098876953125
25.089538097381592
25.402077198028564
24.726158618927002
24.904187202453613
26.02665090560913
25.102266311645508
25.153542518615723
24.847386121749878
24.62369728088379
24.682106256484985
24.961116075515747
24.758369207382202
24.73035478591919
25.15900492668152
24.82896113395691
24.70718502998352
24.91187286376953
24.855027198791504
25.607583045959473
24.83695673942566
24.776781797409058
24.76827883720398
25.04068160057068
24.769958972930908
24.898146390914917
25.050257682800293
24.996294498443604
25.73868465423584
25.409335613250732
25.03934335708618
25.114853858947754
25.138432502746582
24.45958375930786
24.630609273910522
24.724955081939697
25.098541498184204
24.740694761276245
24.687520265579224
25.41991114616394
24.893317937850952
25.189335346221924
25.08390188217163
24.661455631256104
25.171541452407837
24.98621153831482
24.912743091583252
25.30805778503418
24.817240715026855
24.676047325134277
25.01036834716797
24.54374384880066
24.831218957901
25.478037357330322
24.93455719947815
24.906072854995728
24.645890712738037
24.88875961303711
24.64094638824463
25.121039628982544
25.836713790893555
24.938140630722046
24.843705415725708
24.69114899635315
25.277649879455566
24.755215167999268
24.95244264602661
25.62905716896057
25.23844075202942
24.970961809158325
24.656925201416016
24.58403706550598
24.756937503814697
24.865159511566162
24.771037578582764
26.130857944488525
24.77774930000305
24.82487940788269
24.50270438194275
24.964825868606567
25.439448595046997
24.845547437667847
25.08659338951111
25.680859327316284
24.875675201416016
24.747723817825317
24.486831665039062
25.117231845855713
24.869667530059814
25.30581283569336
24.844775676727295
24.99506640434265
24.848944902420044
24.77652859687805
25.000053882598877
25.9859721660614
24.844966888427734
24.88707447052002
24.653619527816772
24.755382299423218
24.674580335617065
24.92103862762451
25.058218717575073
24.984572887420654
24.74286913871765
24.8085618019104
24.795915365219116
25.122217178344727
24.611966609954834
24.57849884033203
24.51374840736389
25.3333842754364
25.346194982528687
25.265747547149658
25.39364719390869
25.360474824905396
25.442241430282593
25.16844916343689
25.276878595352173
24.76672673225403
25.26332664489746
24.93476128578186
25.241318941116333
25.36310315132141
24.73290228843689
25.42512011528015
24.939618825912476
24.826877117156982
24.992292881011963
25.15922713279724
25.767631769180298
24.832592964172363
24.419241189956665
24.62691307067871
25.197320461273193
25.108294248580933
24.756840229034424
24.94803237915039
24.586782455444336
24.72903060913086
24.71969771385193
24.893495321273804
24.971656322479248
24.877344131469727
25.451388597488403
26.297494888305664
24.760845184326172
24.807952642440796
24.72858500480652
25.021678924560547
24.744306325912476
24.737542867660522
24.9462947845459
24.8399817943573
24.657777786254883
24.715977668762207
24.85858416557312
25.127184867858887
24.493720054626465
24.750565767288208
25.12123727798462
25.058800220489502
25.01548147201538
25.67225670814514
25.095746755599976
25.983129739761353
24.878451347351074
25.16347861289978
24.973459482192993
25.310209274291992
24.589770555496216
25.228673219680786
25.348170518875122
25.31448745727539
24.878506898880005
25.337610483169556
25.076797485351562
25.3243350982666
24.671268701553345
25.80718493461609
24.965375423431396
24.71432638168335
24.702302932739258
24.81214427947998
24.74139142036438
24.774379014968872
24.8754141330719
24.712008237838745
25.23529863357544
25.297187566757202
25.06435227394104
25.57942247390747
25.075183153152466
25.46286177635193
24.60966420173645
25.257591724395752
24.67632818222046
24.612226247787476
24.99270987510681
24.75286602973938
25.25452756881714
24.962217092514038
25.009968280792236
24.698779106140137
24.788030862808228
25.105025053024292
24.696630477905273
26.37786364555359
24.686480283737183
25.1713707447052
25.33164668083191
24.957765579223633
24.445191144943237
24.485527753829956
24.804715156555176
25.007792472839355
24.92263150215149
24.814080238342285
25.124022245407104
25.023418188095093
24.736852407455444
25.012449264526367
24.61630892753601
24.96191930770874
24.82168936729431
25.2639422416687
25.477852821350098
24.697158336639404
24.779673099517822
24.85725688934326
24.818124771118164
25.262447118759155
24.60743761062622
24.752222299575806
25.295528888702393
25.027162551879883
24.685007572174072
25.07422637939453
25.298534393310547
24.820709943771362
25.502431631088257
24.61678194999695
25.273681163787842
24.68436098098755
25.156322717666626
24.995545864105225
25.022091150283813
25.052839517593384
24.826570510864258
25.162696838378906
25.399701356887817
25.589343547821045
24.807496309280396
24.92754864692688
25.01017189025879
26.240176677703857
25.941502571105957
25.137699127197266
25.11733388900757
25.252077341079712
25.009341716766357
25.673933029174805
24.847084283828735
24.82436776161194
24.615602254867554
24.6381938457489
25.149920225143433
25.59422492980957
25.060139179229736
24.830435037612915
25.180015325546265
24.888309240341187
24.999728202819824
24.783000946044922
25.479442596435547
24.955514192581177
25.92977786064148
25.080630779266357
25.343583345413208
24.59141182899475
24.822410106658936
24.838326454162598
25.46345090866089
25.65105152130127
24.661126375198364
25.95123028755188
25.41554045677185
25.33272647857666
25.001452922821045
24.600664138793945
25.423369646072388
25.228464365005493
24.600703954696655
25.21468949317932
25.909090042114258
24.819894790649414
25.015305280685425
24.750582218170166
24.683274269104004
24.812050104141235
24.873679876327515
25.46945285797119
24.672489404678345
25.384282112121582
24.753056526184082
25.214253187179565
24.580123901367188
25.309181213378906
24.7838134765625
25.01560950279236
24.644497871398926
25.47996497154236
25.159708738327026
24.639075756072998
25.50405979156494
25.697608470916748
24.901951789855957
25.43644666671753
24.84045124053955
24.961879014968872
25.059085369110107
25.424222230911255
25.678643941879272
24.8353853225708
25.5042462348938
25.252872467041016
24.86098337173462
26.1126492023468
24.743897199630737
24.677307844161987
25.079675912857056
25.033973217010498
25.73108172416687
25.30036234855652
25.36412811279297
25.001393795013428
25.114370346069336
25.18190622329712
24.79786968231201
24.67919921875
25.38596272468567
25.102432012557983
24.949199438095093
24.85615634918213
25.633710145950317
25.242578506469727
24.771679162979126
25.16977620124817
25.16082787513733
25.29849648475647
24.577364921569824
24.78802466392517
25.062650442123413
25.103482723236084
24.601975440979004
24.941890001296997
25.230056524276733
25.40677499771118
24.795664310455322
25.374884128570557
24.739492654800415
25.972505569458008
24.520575523376465
25.488944053649902
24.9315128326416
24.91561007499695
24.660953044891357
25.071353435516357
25.057828664779663
25.02316975593567
25.266716718673706
25.027870893478394
24.88280963897705
25.908822536468506
25.173933267593384
24.65066623687744
25.87923574447632
25.011642694473267
24.505918979644775
25.345468997955322
24.716808080673218
24.79597043991089
25.083350658416748
25.4857759475708
24.759560346603394
24.662232398986816
24.597411632537842
24.753984689712524
25.008039236068726
24.894672870635986
24.887590646743774
25.16774821281433
24.945987939834595
24.693041801452637
24.745577573776245
25.038283348083496
24.654733419418335
24.81136965751648
25.744283437728882
24.962789297103882
25.245940685272217
25.400713205337524
24.705693006515503
24.862201929092407
25.12989902496338
24.889296054840088
25.11665964126587
24.870925664901733
24.966888666152954
24.760555267333984
25.08830738067627
24.68709683418274
25.0802264213562
24.884458303451538
24.533615350723267
25.237187385559082
25.013359308242798
25.35150957107544
24.873549699783325
24.544655084609985
24.80082654953003
24.683100938796997
24.827192068099976
24.866594552993774
24.742058515548706
24.992537021636963
24.904818296432495
25.80327868461609
25.205801248550415
24.972403049468994
25.007079362869263
24.906493663787842
25.156997203826904
24.836126804351807
25.165860176086426
24.674128770828247
24.615047454833984
25.42280149459839
24.89339780807495
24.89430809020996
25.555241107940674
25.088576078414917
24.963574171066284
25.075071811676025
25.0764102935791
25.162819862365723
24.844169855117798
25.358800888061523
24.669349908828735
24.202754974365234
24.940401554107666
25.25549602508545
25.57797932624817
26.266094207763672
25.067459106445312
25.110097408294678
24.98364782333374
25.112130641937256
25.74805498123169
25.065138816833496
24.932317972183228
25.17037034034729
25.190682888031006
24.676212310791016
24.852893352508545
24.57875967025757
25.309755563735962
26.09592843055725
24.70444917678833
24.741277933120728
24.587998867034912
25.170957326889038
24.630221128463745
24.778016805648804
24.732299089431763
25.15577793121338
25.616928577423096
25.110445976257324
25.156408071517944
24.901201963424683
24.837860822677612
25.09255027770996
25.666151762008667
25.042967319488525
24.932977437973022
24.840909004211426
24.96185827255249
25.110374450683594
24.670337915420532
24.628912925720215
24.96082592010498
25.16830611228943
25.121705770492554
25.193925619125366
26.322004556655884
25.406933307647705
25.05600357055664
24.85690712928772
24.90198302268982
25.656991004943848
25.196248054504395
25.060834169387817
25.434848070144653
24.559340715408325
24.536476850509644
24.77330231666565
24.921130418777466
24.509872913360596
24.71132731437683
25.06807827949524
24.78700566291809
25.84077286720276
25.027980089187622
24.767515897750854
24.584201097488403
24.705738067626953
24.865234851837158
25.490108728408813
24.802734375
24.81866478919983
24.725120067596436
25.060537815093994
24.882116317749023
25.379337787628174
24.972004890441895
25.356168270111084
24.986274480819702
24.77716898918152
25.108951807022095
24.63411855697632
25.141652822494507
24.851973056793213
25.325777530670166
25.331883907318115
25.48230218887329
24.96312928199768
25.499998092651367
25.080761909484863
24.68704628944397
24.839717626571655
25.150429010391235
25.22981882095337
25.4932222366333
25.799697160720825
25.56236958503723
24.810356616973877
24.818321228027344
24.914082288742065
24.912883043289185
24.934991359710693
24.733872175216675
24.73002791404724
25.441230058670044
24.69183611869812
24.67147397994995
24.637017250061035
24.628928422927856
24.7127423286438
24.67648148536682
24.88704204559326
25.048960208892822
26.308202505111694
24.81757950782776
24.669896602630615
24.549980878829956
24.995218753814697
25.32807946205139
25.300090312957764
25.02798819541931
24.82277750968933
25.462491989135742
25.040204763412476
24.677595615386963
25.030322790145874
25.099648475646973
25.107815265655518
25.978655338287354
24.721903562545776
24.654223918914795
24.96762180328369
25.49825096130371
25.28631615638733
25.26072859764099
26.03822112083435
24.81006407737732
24.695352792739868
24.640499114990234
26.227046489715576
25.05047059059143
25.231747150421143
24.781859397888184
24.973148345947266
24.989534854888916
24.928404092788696
24.833738088607788
24.618659496307373
24.752910375595093
25.10707712173462
25.261892557144165
25.11744213104248
25.174031972885132
25.265599250793457
24.747511386871338
25.1020290851593
25.316891193389893
24.972727298736572
25.287346839904785
25.62829899787903
25.08674168586731
24.41602659225464
25.07936382293701
24.828467845916748
24.935243844985962
24.782460927963257
25.47568964958191
25.105104684829712
25.996384382247925
24.929810762405396
24.93826413154602
25.09613800048828
24.53374481201172
24.942471742630005
24.855916261672974
25.12306046485901
24.836374044418335
25.925877809524536
24.819848775863647
24.92420196533203
24.78346014022827
25.052712440490723
25.062335968017578
24.904484272003174
24.707703590393066
24.587623357772827
25.696045398712158
24.70578384399414
24.62088918685913
25.658670902252197
24.858290195465088
25.24720788002014
24.682246923446655
24.83306097984314
25.304828882217407
24.74447226524353
25.047799825668335
25.26211166381836
25.92799425125122
25.18736958503723
25.07211685180664
24.874864101409912
25.28886890411377
24.716988563537598
25.66141700744629
25.11687922477722
24.98491668701172
24.885982513427734
24.651835203170776
25.77024483680725
25.277345657348633
24.873315572738647
24.985172033309937
24.956014156341553
24.946156978607178
24.965922117233276
24.901365995407104
24.960102081298828
25.320955514907837
24.905043363571167
25.10605263710022
25.56885075569153
24.87656879425049
25.637720823287964
24.968400239944458
25.552728414535522
25.464402675628662
25.24947452545166
25.144372940063477
24.614362239837646
24.962854146957397
24.610527276992798
24.754214763641357
26.133020162582397
24.83909583091736
24.78235125541687
24.868468761444092
24.724474668502808
24.8516263961792
24.99571418762207
24.821819305419922
25.156854391098022
24.629749059677124
24.652309894561768
25.711615085601807
24.87288784980774
25.637282609939575
24.91391921043396
25.471240282058716
24.644728422164917
25.941535234451294
24.735048294067383
25.031986713409424
24.9413640499115
24.894883394241333
25.291362285614014
24.72864294052124
25.001816987991333
25.345249891281128
24.7181453704834
25.527334213256836
24.822977304458618
25.234720706939697
24.670362949371338
25.30683135986328
24.84691882133484
24.875782251358032
25.079768657684326
25.007856369018555
25.557223081588745
25.504207134246826
24.864765644073486
24.793261289596558
24.98374080657959
24.932168006896973
24.685635328292847
25.064827919006348
25.055968523025513
24.508212089538574
26.178237438201904
24.77067542076111
24.93595027923584
24.801198720932007
24.811959266662598
24.93663001060486
25.29087233543396
25.218008041381836
26.079552173614502
24.711551904678345
24.897716760635376
25.1154625415802
24.926620483398438
24.71847629547119
25.373018980026245
24.844579696655273
25.32179093360901
24.677034616470337
25.061539888381958
25.077458381652832
24.717699766159058
25.006751537322998
25.303868770599365
24.950589656829834
25.162100315093994
25.008647680282593
25.029178619384766
25.54515528678894
24.892131090164185
24.38036012649536
25.3783061504364
24.69285798072815
25.197727918624878
24.464752435684204
25.031107664108276
25.17159605026245
26.034969568252563
25.02595329284668
24.80198574066162
24.801875114440918
25.06702995300293
24.66602659225464
25.092825889587402
25.000550508499146
24.964409112930298
25.912359476089478
24.74785566329956
25.0721378326416
24.76271367073059
25.048070192337036
24.75851583480835
24.70875644683838
24.666386365890503
25.378636121749878
24.799793004989624
24.8109610080719
25.302558422088623
24.53346610069275
25.029417991638184
25.307727575302124
24.89078402519226
24.96544051170349
24.7348313331604
25.05083131790161
24.97852349281311
25.10790181159973
24.669546365737915
24.80005931854248
24.829116344451904
25.172953844070435
25.04009437561035
25.436954498291016
24.861998081207275
25.306710958480835
24.931103467941284
24.84209942817688
24.819697856903076
25.288387060165405
25.14655375480652
25.36582899093628
25.539427280426025
25.45015239715576
24.365124940872192
25.12890863418579
23.984681606292725
24.81731343269348
24.802668809890747
24.864333629608154
25.563185214996338
24.81621026992798
25.333984851837158
24.95469641685486
25.114250659942627
25.271445751190186
24.592469215393066
25.653279781341553
24.905619859695435
25.58751654624939
25.154385089874268
25.181209802627563
24.82456088066101
25.19148850440979
25.0338077545166
24.492599487304688
24.74194836616516
24.850780725479126
24.794872999191284
25.036559104919434
24.650380849838257
24.92893075942993
24.77665090560913
24.61992573738098
24.723081350326538
25.544772148132324
24.953676462173462
25.405890464782715
24.9688401222229
24.811752319335938
24.969449758529663
25.47123074531555
25.098416090011597
25.414039373397827
24.819767951965332
24.739387035369873
24.884308099746704
25.17125129699707
24.900380611419678
24.69130849838257
24.745327472686768
24.948469161987305
25.371471166610718
24.697150468826294
24.725056648254395
24.97325611114502
24.79424738883972
24.813451051712036
24.740954875946045
25.075321912765503
24.972625494003296
24.817919731140137
24.691702842712402
24.645225286483765
24.720729112625122
24.873231172561646
25.519787788391113
25.228869915008545
25.473097562789917
24.662723779678345
24.876377820968628
25.021543741226196
24.723997592926025
24.779852151870728
24.84184718132019
24.764841556549072
25.07993483543396
24.86988639831543
24.746423959732056
25.053088903427124
24.889618396759033
25.158379077911377
24.56477642059326
24.695431232452393
25.119596242904663
25.287651300430298
26.144222021102905
25.43585777282715
24.630788803100586
25.068769931793213
25.235451459884644
25.068350076675415
25.412711143493652
25.326456785202026
26.302277088165283
25.57308793067932
24.96496081352234
24.97184467315674
24.698816299438477
24.5909583568573
25.10445785522461
25.767582654953003
25.01766276359558
24.783045053482056
24.70660972595215
24.945596933364868
24.845322847366333
25.040820360183716
24.910070180892944
24.567756175994873
25.039640188217163
24.77784299850464
24.523931741714478
24.820499181747437
24.644556522369385
24.56117081642151
24.98818063735962
24.76658606529236
25.106856107711792
24.982250928878784
24.933821201324463
25.662273406982422
25.553222179412842
24.953632354736328
24.885788679122925
25.689678192138672
25.100497484207153
24.96279287338257
25.263920068740845
25.45227837562561
24.605756044387817
24.69433569908142
25.015475511550903
24.7538480758667
25.026264905929565
24.90302538871765
24.854224681854248
25.78599786758423
24.78601050376892
24.58383822441101
25.34328317642212
24.989073038101196
24.912833213806152
24.87784481048584
24.710749626159668
25.56653070449829
24.6489839553833
24.94939160346985
24.781984090805054
24.550405025482178
25.124052047729492
24.755914211273193
24.787670373916626
24.882083654403687
24.999813318252563
24.71013069152832
25.367945432662964
25.076491832733154
25.423972368240356
25.092813968658447
24.856770753860474
25.258000135421753
24.60991406440735
25.378249645233154
24.73739767074585
25.068175554275513
24.684661865234375
25.762980937957764
25.34984588623047
24.82142686843872
25.595253229141235
25.067587852478027
25.090871572494507
24.645520448684692
25.746582746505737
25.282616138458252
25.343729972839355
24.802189350128174
24.696330308914185
25.011072397232056
25.994385957717896
25.337063550949097
24.745421886444092
25.55040431022644
25.54575490951538
24.581100702285767
25.657270669937134
24.8792724609375
25.106236219406128
25.865731954574585
24.79383420944214
24.776887893676758
24.63004493713379
24.83597683906555
24.915189743041992
25.138831615447998
24.717769145965576
25.17265272140503
25.41927742958069
25.05037260055542
25.097172021865845
24.86178731918335
24.98705530166626
24.724311351776123
24.953486442565918
24.856135845184326
24.48672890663147
24.75496506690979
25.55806064605713
24.69895911216736
25.389195203781128
24.836400747299194
25.308582305908203
25.48118019104004
25.4264235496521
25.556926488876343
24.808714389801025
25.645406484603882
24.508068799972534
25.878105401992798
24.722915649414062
24.801422357559204
25.20719623565674
24.668641328811646
26.16819167137146
24.744757413864136
24.824774503707886
24.656795024871826
24.806780576705933
25.131935834884644
25.27722954750061
25.176738262176514
24.786738872528076
25.3358051776886
24.68017339706421
25.777595281600952
25.228963136672974
24.79720139503479
25.151399850845337
24.739469528198242
25.213407278060913
25.77394151687622
24.47047781944275
24.662442445755005
24.776598691940308
25.072300910949707
24.64221715927124
25.20403265953064
25.12932586669922
24.889893293380737
25.1194965839386
24.860235452651978
24.63398790359497
24.990208625793457
24.952919960021973
25.01638674736023
24.60411262512207
25.320688486099243
24.749215602874756
24.834455251693726
24.904630184173584
24.82185697555542
24.831246614456177
25.418131351470947
24.79251503944397
24.666011810302734
25.274221420288086
24.594109296798706
24.959094047546387
25.017123699188232
26.067174911499023
24.87920880317688
25.07645320892334
24.72202467918396
24.76760697364807
24.93870997428894
25.347772121429443
24.976206064224243
25.37406635284424
24.81160855293274
24.835768938064575
24.86862325668335
24.933454751968384
24.95128107070923
25.029985427856445
25.6320903301239
24.81806182861328
25.130765438079834
25.159366607666016
24.890223503112793
24.752305269241333
24.565818786621094
25.100042819976807
25.235788345336914
24.957613229751587
25.44365930557251
25.132768869400024
24.923705577850342
25.370006799697876
24.710222721099854
25.076492309570312
25.160862684249878
25.862202882766724
25.233829736709595
25.185259103775024
25.11432981491089
25.29284954071045
24.675825119018555
25.3360698223114
24.827037572860718
24.938494205474854
24.894479036331177
24.899588346481323
24.7384352684021
25.951621532440186
25.82841992378235
24.50118637084961
25.098577976226807
24.755534887313843
25.635918140411377
24.967416286468506
24.712872982025146
24.849006175994873
25.317445039749146
24.69215202331543
24.763684511184692
24.895995140075684
25.444031238555908
24.559494256973267
25.06765842437744
25.94737434387207
24.49223494529724
25.212314128875732
24.95400619506836
25.061027765274048
25.430344820022583
25.563029050827026
25.414828538894653
25.049164056777954
24.78563165664673
25.208041191101074
24.893542051315308
24.817785024642944
24.95471954345703
25.31193733215332
25.22705888748169
25.492289066314697
24.708368062973022
25.17276096343994
26.275522470474243
25.37516212463379
25.146010160446167
24.799758434295654
25.632106065750122
24.813100814819336
24.866381883621216
24.663679361343384
24.599904537200928
24.82874298095703
24.97989511489868
25.1788592338562
25.414768934249878
25.155086994171143
25.47270369529724
25.185132026672363
24.75523066520691
25.29274296760559
24.960644006729126
25.941901922225952
24.985677003860474
24.957531929016113
25.01288914680481
25.002164363861084
24.961589097976685
25.463978052139282
24.9618980884552
24.81995940208435
24.888426065444946
25.123326539993286
25.156373262405396
25.71320414543152
24.914279460906982
25.426233530044556
24.842036962509155
24.81259560585022
24.803642988204956
24.92466902732849
25.382526636123657
24.699562549591064
25.778099536895752
25.341264009475708
25.830365657806396
25.091025829315186
24.70502233505249
25.094685316085815
24.949050903320312
24.64328169822693
24.875159740447998
25.046287775039673
24.650391101837158
25.101933240890503
24.88370656967163
25.412251949310303
24.908066987991333
25.345980644226074
25.21101427078247
24.771625757217407
25.25569486618042
24.962996244430542
25.359586477279663
24.919415712356567
24.75922417640686
25.278801918029785
25.075280904769897
24.635563373565674
25.470876455307007
24.693315982818604
25.841234922409058
25.444170713424683
25.099011659622192
25.251140594482422
25.13358426094055
24.761043071746826
25.62594747543335
25.109627723693848
24.779478549957275
25.21944761276245
24.742109775543213
24.974635362625122
25.335770845413208
25.201785564422607
25.079983472824097
24.95817804336548
24.593961477279663
25.1436026096344
25.564146757125854
24.966817140579224
25.71662735939026
24.741636276245117
25.405018091201782
25.394078016281128
24.862831115722656
24.784241437911987
25.027897596359253
24.840637922286987
25.09114980697632
24.872303009033203
24.525709629058838
25.236722946166992
24.662389993667603
25.18763494491577
25.143069982528687
25.451605081558228
24.935621738433838
25.80551767349243
24.77193784713745
25.144973278045654
25.144102334976196
24.8920841217041
24.839659214019775
25.08746600151062
24.95974636077881
25.130645751953125
25.0261812210083
24.95580530166626
25.00433874130249
25.08272075653076
25.152519941329956
24.769853591918945
24.852811574935913
25.17729902267456
26.212859630584717
25.279404401779175
25.05349326133728
25.225542783737183
24.599245309829712
24.631871223449707
25.118887186050415
25.14977216720581
24.993820667266846
24.588587522506714
24.773152828216553
25.833242416381836
24.756571292877197
25.2061710357666
24.75681757926941
25.301315307617188
25.027580738067627
25.47210693359375
24.879323720932007
25.0494966506958
25.041711568832397
25.13504195213318
24.856241941452026
25.023017406463623
24.514597177505493
25.44045615196228
24.99645471572876
25.119409561157227
25.270061492919922
25.707873106002808
24.912118434906006
24.79458522796631
25.81023120880127
24.924965620040894
25.126092195510864
24.885867834091187
25.161324977874756
25.506671905517578
24.694424390792847
24.92783236503601
25.075494289398193
24.79931616783142
26.172902822494507
24.997416973114014
25.123443841934204
24.90016222000122
25.05148434638977
25.00702714920044
24.944167375564575
24.749629497528076
25.058666229248047
25.0930597782135
24.810041189193726
25.26229977607727
25.18787145614624
25.511244297027588
24.873936414718628
25.15378713607788
25.3681218624115
25.678614854812622
24.874533891677856
25.049427032470703
24.844203233718872
25.26366662979126
26.26531410217285
24.968767642974854
24.759320497512817
25.304194927215576
25.269547700881958
25.357816457748413
24.864582300186157
24.904701232910156
24.942856550216675
25.165777921676636
25.894742965698242
24.718602895736694
24.843055725097656
24.58317232131958
25.012548446655273
25.361040830612183
24.92686676979065
25.237030029296875
25.45227313041687
24.81160616874695
25.399104833602905
24.708324432373047
24.628983974456787
25.117980241775513
25.004355669021606
25.727612733840942
24.861219882965088
25.764784336090088
24.876412391662598
25.122636318206787
25.279975175857544
25.3709454536438
25.776026964187622
24.874115467071533
24.945163249969482
24.69847822189331
25.29068613052368
24.83588743209839
25.2275071144104
26.137032508850098
24.998514413833618
25.088237524032593
25.188223838806152
25.124671459197998
24.74879026412964
24.76047420501709
24.551688194274902
25.211490869522095
25.169788599014282
24.66114902496338
24.734954833984375
25.197970151901245
24.788576364517212
25.35991930961609
25.301544427871704
24.741610527038574
25.18382692337036
24.87690567970276
25.906233549118042
24.823853969573975
24.478760480880737
24.702791452407837
24.69369864463806
24.91667127609253
25.017900228500366
25.24754309654236
25.876067399978638
24.747878789901733
25.215322494506836
24.848140954971313
24.424572229385376
25.045520305633545
25.276864051818848
25.09180784225464
25.347434759140015
25.11595606803894
25.100955963134766
24.88513946533203
25.156169891357422
24.781086683273315
25.215659856796265
25.231305837631226
24.63307213783264
26.706703662872314
24.89657473564148
25.05106520652771
24.626835346221924
24.75980281829834
25.243146419525146
25.05834436416626
24.850428581237793
25.534918069839478
24.714864015579224
24.97181463241577
24.70756435394287
25.711807250976562
24.991432189941406
24.870129346847534
25.12969946861267
24.950188159942627
25.152080059051514
24.835312843322754
25.331716299057007
24.65073823928833
24.696152925491333
24.782052278518677
24.909793615341187
25.323129892349243
26.279698133468628
25.928999185562134
27.09753704071045
26.246220588684082
25.14677882194519
26.212673664093018
26.061200857162476
26.06227684020996
25.638354301452637
25.104303121566772
25.867818117141724
25.329017400741577
24.857844829559326
24.810808897018433
25.911834001541138
25.315955638885498
25.85815668106079
25.47309184074402
26.317474126815796
25.922157764434814
26.18166971206665
26.13703680038452
25.45813298225403
25.893611192703247
26.828882694244385
25.287109851837158
25.527939081192017
26.40849757194519
26.415696144104004
26.690024614334106
26.137431621551514
26.554226636886597
26.798134326934814
26.81496810913086
27.359765768051147
26.16307783126831
24.9859561920166
25.549214601516724
27.075264930725098
26.61045479774475
26.816170692443848
26.627835512161255
26.118968963623047
26.25974678993225
25.240762948989868
25.491411209106445
25.248382091522217
25.13200545310974
25.76437473297119
26.865350008010864
25.91422939300537
25.07038426399231
25.224766731262207
25.886155128479004
25.966615676879883
26.556941032409668
26.072219371795654
26.100347757339478
25.31874966621399
26.74531078338623
25.91304588317871
25.436840534210205
26.519352436065674
25.297004222869873
25.62669086456299
25.404996156692505
25.237971782684326
25.458918809890747
25.269771814346313
25.08902144432068
25.327404975891113
25.19891619682312
24.81601643562317
25.258785247802734
24.776217699050903
25.496663093566895
25.166924715042114
25.15421748161316
24.847598791122437
24.803078174591064
25.16968011856079
24.709370136260986
24.903244018554688
26.029744625091553
24.871511697769165
24.68199920654297
24.984873294830322
24.849986791610718
24.86176061630249
25.058294773101807
25.1676344871521
25.032357692718506
24.65847134590149
24.787564039230347
25.25372862815857
24.733335733413696
25.44723391532898
25.96390414237976
27.023824214935303
25.979403734207153
24.86686086654663
25.04380226135254
25.993195056915283
25.276946544647217
24.627772569656372
24.58345627784729
24.758719205856323
24.736839294433594
24.814879179000854
25.01170039176941
25.493862628936768
24.779781103134155
25.002450227737427
25.243127584457397
25.22658658027649
24.81515383720398
25.41199254989624
24.710431337356567
26.81437063217163
24.8305242061615
25.203176736831665
25.16275644302368
25.64389181137085
24.87131118774414
24.696688652038574
24.80804443359375
24.83905792236328
24.911008596420288
25.641075611114502
25.04147481918335
25.84347915649414
26.025360822677612
25.594624042510986
25.572540283203125
26.76638913154602
26.39251685142517
26.47964072227478
25.209075689315796
25.48890471458435
25.93747591972351
25.526021480560303
26.26563549041748
26.03144359588623
26.553200006484985
26.595330238342285
25.47078800201416
25.97998023033142
26.63689398765564
26.644940614700317
26.798442840576172
26.727993488311768
26.82011389732361
25.906092166900635
26.100296020507812
26.406206846237183
26.317867755889893
25.841041803359985
26.14642834663391
27.047127723693848
26.348071336746216
26.813896894454956
27.739789247512817
28.066953420639038
27.170249223709106
26.87695837020874
26.172105073928833
26.5228750705719
26.613532781600952
26.710469961166382
26.05609703063965
26.562649965286255
26.603862285614014
27.35301399230957
26.15454077720642
26.77869749069214
26.754772186279297
26.452325105667114
26.51769518852234
26.300793647766113
26.80965304374695
26.289218187332153
26.03328227996826
26.051372051239014
26.70114302635193
25.9862802028656
25.95266342163086
26.271061897277832
26.399168968200684
26.422258377075195
26.764137983322144
26.703338623046875
26.05637288093567
26.133687257766724
26.257805347442627
26.224032640457153
26.756511688232422
26.58724617958069
25.9954833984375
26.127566814422607
26.208074808120728
26.810956239700317
26.13081645965576
26.70915126800537
26.397891998291016
26.000850439071655
26.140207052230835
26.6058509349823
26.092316150665283
26.36703872680664
26.417257070541382
27.34030556678772
26.627293586730957
26.364164113998413
26.18630814552307
26.872451305389404
26.601537227630615
26.814514636993408
26.261521339416504
28.215888023376465
27.25145173072815
26.56836199760437
26.40121364593506
26.92136836051941
26.711180686950684
27.48431634902954
27.46810483932495
26.57058811187744
26.7542667388916
26.12217950820923
26.61888027191162
26.706491947174072
26.527725219726562
27.32062339782715
27.299017429351807
27.35414218902588
27.9654221534729
26.606040239334106
26.520160913467407
26.5939838886261
27.320204973220825
26.03347659111023
25.995090007781982
26.081709384918213
25.924160957336426
26.119224309921265
26.526047945022583
26.355478525161743
26.28218936920166
26.15280246734619
26.198510885238647
26.31137490272522
26.33730673789978
26.68956184387207
25.950347661972046
26.359786987304688
26.186179161071777
25.930934190750122
26.100143671035767
26.320446014404297
26.448952436447144
26.781159162521362
26.207509994506836
26.532737016677856
26.76104497909546
27.32001042366028
28.130412578582764
26.93972134590149
27.603721380233765
26.896604299545288
26.948979377746582
27.109529733657837
27.0819091796875
26.426105499267578
27.187251567840576
26.614877223968506
26.79104208946228
26.439301252365112
27.394287109375
26.559542179107666
26.71543264389038
26.976511001586914
27.818487405776978
27.219868183135986
26.26498770713806
27.115087270736694
25.93050217628479
26.715250730514526
26.48210597038269
26.02004384994507
26.03701400756836
26.541653156280518
26.13725471496582
26.642112016677856
26.384976387023926
26.620097160339355
26.69731593132019
26.705671072006226
26.80182123184204
26.01186990737915
26.406043529510498
26.71393847465515
27.16979455947876
25.948293447494507
26.644996881484985
26.15168833732605
26.42700219154358
26.58420705795288
26.89685082435608
26.27828025817871
26.415860176086426
26.301573038101196
26.352372407913208
26.845544815063477
25.985447645187378
26.14961051940918
27.32658100128174
26.77944302558899
26.35430669784546
26.173240184783936
26.6709041595459
26.319320917129517
26.83789587020874
26.354223012924194
26.286067962646484
26.79087996482849
26.21642756462097
26.314035892486572
26.19583487510681
26.121490001678467
27.006977081298828
26.14467144012451
26.088462591171265
26.563491344451904
25.893516778945923
26.177742958068848
26.199443101882935
26.18687129020691
26.32079315185547
26.271159648895264
26.60551643371582
26.356725692749023
26.077253818511963
27.002819061279297
26.448012828826904
26.24760413169861
26.813629150390625
26.910385608673096
26.4885835647583
26.097759246826172
26.520910024642944
26.643033266067505
26.289386749267578
26.28153681755066
26.166725158691406
25.91565728187561
26.325971364974976
26.860018730163574
26.105865478515625
26.824188470840454
26.30229353904724
25.909512042999268
26.344843864440918
26.875597953796387
26.64358353614807
26.293701648712158
26.105400323867798
25.923829078674316
26.459393739700317
26.12454843521118
26.46568274497986
26.680766582489014
26.434882164001465
26.134257078170776
27.166515350341797
26.130608081817627
26.414518356323242
25.946590662002563
26.010980367660522
25.848283529281616
26.47013545036316
26.548375368118286
