0.2788999080657959
0.29714202880859375
0.2730848789215088
0.43491315841674805
0.27962493896484375
0.2814650535583496
0.5373358726501465
0.29289793968200684
0.5668120384216309
0.4016392230987549
0.3412740230560303
0.2963249683380127
0.2933659553527832
0.4484999179840088
0.27275586128234863
0.43383264541625977
0.30162692070007324
0.39614009857177734
0.302839994430542
0.4203817844390869
0.3256399631500244
0.43929576873779297
0.309589147567749
0.28063011169433594
0.29433512687683105
0.38318896293640137
0.28765010833740234
0.2838461399078369
0.3982658386230469
0.7986059188842773
0.31386804580688477
0.3891446590423584
0.30743408203125
0.3204538822174072
0.38403892517089844
0.3080449104309082
0.3030400276184082
0.5390958786010742
0.30518198013305664
0.27770495414733887
0.3497791290283203
0.3775341510772705
0.3576078414916992
0.3356189727783203
0.3898038864135742
0.30278611183166504
0.3053619861602783
0.43452000617980957
0.308687686920166
0.2491309642791748
0.40309691429138184
0.37049412727355957
0.3107948303222656
0.42058515548706055
0.2637367248535156
0.2747659683227539
0.31647491455078125
0.40903806686401367
0.24372601509094238
0.30358314514160156
0.3802170753479004
0.28357625007629395
0.27677297592163086
0.48139286041259766
0.2677750587463379
0.31728482246398926
0.33968496322631836
0.3773617744445801
0.26326799392700195
0.2890791893005371
0.4693789482116699
0.26466822624206543
0.2849159240722656
0.40299510955810547
0.3572070598602295
0.292816162109375
0.37352895736694336
0.26061296463012695
0.30994391441345215
0.5317039489746094
0.2696840763092041
0.2879958152770996
0.28353285789489746
0.410999059677124
0.26825404167175293
0.24364805221557617
0.36176586151123047
0.2810938358306885
0.35414719581604004
0.28525280952453613
0.3920249938964844
0.28295111656188965
0.6358880996704102
0.39997100830078125
0.485180139541626
0.26711201667785645
0.3109920024871826
0.5005180835723877
0.24584603309631348
0.32189416885375977
0.4344801902770996
0.29017090797424316
0.4403531551361084
0.3001830577850342
0.3462989330291748
0.28281307220458984
0.4051840305328369
0.40188097953796387
0.28138113021850586
0.41745901107788086
0.2521059513092041
0.2807128429412842
0.27094388008117676
0.4522209167480469
0.2974860668182373
0.27717018127441406
0.4927351474761963
0.273698091506958
0.32086801528930664
0.39507412910461426
0.4447970390319824
0.2989928722381592
0.2687199115753174
0.415363073348999
0.35202884674072266
0.28847384452819824
0.41013598442077637
0.3369932174682617
0.2776930332183838
0.4211571216583252
0.6291661262512207
0.2852160930633545
0.582176685333252
0.262814998626709
0.35170602798461914
0.2835850715637207
0.45880889892578125
0.27347874641418457
0.29308009147644043
0.4187309741973877
0.2660820484161377
0.3017888069152832
0.30591797828674316
0.3655431270599365
0.3326590061187744
0.4691581726074219
0.2697741985321045
0.2566361427307129
0.31372523307800293
0.3941080570220947
0.25609803199768066
0.3343820571899414
0.38961005210876465
0.2876729965209961
0.3068380355834961
0.31351399421691895
0.3801910877227783
0.31301021575927734
0.3033628463745117
0.47430896759033203
0.33634018898010254
0.5538089275360107
0.2876420021057129
0.3287649154663086
0.3265049457550049
0.4992551803588867
0.32945704460144043
0.4489920139312744
0.29400181770324707
0.3053567409515381
0.26157188415527344
0.4114968776702881
0.2729041576385498
0.24956488609313965
0.40752601623535156
0.3709371089935303
0.3164181709289551
0.4281790256500244
0.32745790481567383
0.2891509532928467
0.4923741817474365
0.34944915771484375
0.28879404067993164
0.3152749538421631
0.5129890441894531
0.3087880611419678
0.2760009765625
0.4184539318084717
0.3117408752441406
0.3406531810760498
0.39133310317993164
0.29801511764526367
0.27324819564819336
0.5682618618011475
0.2651240825653076
0.35597777366638184
0.49445486068725586
0.29705810546875
0.25344109535217285
0.2871525287628174
0.38766908645629883
0.28786301612854004
0.3048999309539795
0.453610897064209
0.27254819869995117
0.28882360458374023
0.2777261734008789
0.4591507911682129
0.28406620025634766
0.2844119071960449
0.3499131202697754
0.28037095069885254
0.2645719051361084
0.5381300449371338
0.2976529598236084
0.44261717796325684
0.3614821434020996
0.2919187545776367
0.27861499786376953
0.30296921730041504
0.40419697761535645
0.2763340473175049
0.40004897117614746
0.34157395362854004
0.28165268898010254
0.25418663024902344
0.3627200126647949
0.3905649185180664
0.28138303756713867
0.37394189834594727
0.27036213874816895
0.2768747806549072
0.26902198791503906
0.4231719970703125
0.25022101402282715
0.3286449909210205
0.3925161361694336
0.2744631767272949
0.27920007705688477
0.4418010711669922
0.3303070068359375
0.34459400177001953
0.39969301223754883
0.3296620845794678
0.273784875869751
0.3260180950164795
0.4253828525543213
0.3088359832763672
0.4112203121185303
0.26308608055114746
0.28214502334594727
0.44945311546325684
0.276731014251709
0.3818478584289551
0.2885909080505371
0.44405293464660645
0.29404306411743164
0.3988802433013916
0.2769191265106201
0.28226590156555176
0.2986729145050049
0.4264240264892578
0.2899200916290283
0.29517698287963867
0.37860918045043945
0.2589240074157715
0.25992822647094727
0.29894304275512695
0.3976879119873047
0.28943920135498047
0.25456786155700684
0.37132692337036133
0.2906382083892822
0.34926700592041016
0.40236997604370117
0.2639331817626953
0.2608790397644043
0.3166928291320801
0.47052717208862305
0.3100910186767578
0.308229923248291
0.41443586349487305
0.294802188873291
0.2701599597930908
0.4526021480560303
0.6493966579437256
0.2588188648223877
0.3355247974395752
0.5398569107055664
0.3343532085418701
0.3173050880432129
0.40061211585998535
0.32836294174194336
0.316608190536499
0.28868985176086426
0.42976903915405273
0.35497307777404785
0.41291189193725586
0.3483250141143799
0.26679515838623047
0.4862089157104492
0.2611689567565918
0.29152488708496094
0.2640981674194336
0.41807103157043457
0.26506996154785156
0.28455591201782227
0.4650259017944336
0.34839415550231934
0.3099849224090576
0.2826540470123291
0.3965458869934082
0.3102889060974121
0.26129603385925293
0.3597290515899658
0.2978339195251465
0.2813427448272705
0.3688650131225586
0.3044590950012207
0.31743407249450684
0.4919009208679199
0.5687680244445801
0.34717702865600586
0.356748104095459
0.25391411781311035
0.2854149341583252
0.41486406326293945
0.2929670810699463
0.32898807525634766
0.4206671714782715
0.2738628387451172
0.4273216724395752
0.40045595169067383
0.3392181396484375
0.2737088203430176
0.3242659568786621
0.6550486087799072
0.407977819442749
0.4033241271972656
0.28516387939453125
0.2690920829772949
0.3219311237335205
0.6425302028656006
0.33117103576660156
0.4661281108856201
0.2963438034057617
0.27983808517456055
0.34305500984191895
0.3949751853942871
0.27245211601257324
0.25909996032714844
0.40320825576782227
0.27997469902038574
0.27933406829833984
0.4178009033203125
0.2757537364959717
0.30754709243774414
0.4067409038543701
0.3734269142150879
0.2669980525970459
0.29332399368286133
0.44687485694885254
0.3030240535736084
0.30083274841308594
0.4791450500488281
0.279376745223999
0.2963390350341797
0.3976409435272217
0.26369214057922363
0.26819801330566406
0.29956817626953125
0.4305109977722168
0.3776090145111084
0.2798278331756592
0.4087257385253906
0.39262914657592773
0.2621181011199951
0.5826029777526855
0.4299588203430176
0.27495479583740234
0.29521799087524414
0.42606592178344727
0.39278697967529297
0.30078911781311035
0.4097020626068115
0.30168700218200684
0.32109570503234863
0.32703709602355957
0.3973851203918457
0.354168176651001
0.46781396865844727
0.24795889854431152
0.3115968704223633
0.490509033203125
0.27617597579956055
0.2901608943939209
0.2984738349914551
0.3573188781738281
0.3057889938354492
0.3022019863128662
0.373018741607666
0.4761638641357422
0.5615410804748535
0.26031994819641113
0.28815507888793945
0.30000901222229004
0.4093341827392578
0.31075096130371094
0.3152468204498291
0.531121015548706
0.3294181823730469
0.35630202293395996
0.3803730010986328
0.3803219795227051
0.4012451171875
0.4510660171508789
0.27743101119995117
0.255932092666626
0.34071993827819824
0.3634960651397705
0.31951093673706055
0.2781810760498047
0.3996012210845947
0.336637020111084
0.3258390426635742
0.44542694091796875
0.24667978286743164
0.24327898025512695
0.3238391876220703
0.42737412452697754
0.28982114791870117
0.3048899173736572
0.3741569519042969
0.32566285133361816
0.30550408363342285
0.4013795852661133
0.42014384269714355
0.4834442138671875
0.33272790908813477
0.37340521812438965
0.31432294845581055
0.43161582946777344
0.342850923538208
0.25346803665161133
0.3748438358306885
0.26070404052734375
0.2933681011199951
0.2986409664154053
0.3964681625366211
0.4594850540161133
0.37423110008239746
0.40123701095581055
0.29067206382751465
0.4116239547729492
0.4128708839416504
0.329547643661499
0.2841920852661133
0.2681081295013428
0.34445691108703613
0.2713320255279541
0.28928589820861816
0.428851842880249
0.3037590980529785
0.2880442142486572
0.4025251865386963
0.3159360885620117
0.3822648525238037
0.4526238441467285
0.26905202865600586
0.26602911949157715
0.5416700839996338
0.28381896018981934
0.2976498603820801
0.26237010955810547
0.4038076400756836
0.2652890682220459
0.29126811027526855
0.39172911643981934
0.2637350559234619
0.2576940059661865
0.44444918632507324
0.36109399795532227
0.5177710056304932
0.5137250423431396
0.27619004249572754
0.2570357322692871
0.31406712532043457
0.3783237934112549
0.27612805366516113
0.27013301849365234
0.45336484909057617
0.2677609920501709
0.24854421615600586
0.287337064743042
0.3759329319000244
0.4037508964538574
0.2660961151123047
0.4132990837097168
0.31625890731811523
0.2832460403442383
0.29739880561828613
0.41022586822509766
0.3124241828918457
0.4341158866882324
0.27407407760620117
0.3273649215698242
0.27874112129211426
0.4430830478668213
0.2732119560241699
0.24202799797058105
0.4274141788482666
0.2802307605743408
0.301724910736084
0.3120899200439453
0.39350080490112305
0.2981710433959961
0.2882997989654541
0.37322998046875
0.30224013328552246
0.4718499183654785
0.2844679355621338
0.32857608795166016
0.26511406898498535
0.47966718673706055
0.28445005416870117
0.27063417434692383
0.2873220443725586
0.40775084495544434
0.27335190773010254
0.41470885276794434
0.3167548179626465
0.2868621349334717
0.29223203659057617
0.3896660804748535
0.30143165588378906
0.5843410491943359
0.4284501075744629
0.30020713806152344
0.28154611587524414
0.3197288513183594
0.38266777992248535
0.2606949806213379
0.29362988471984863
0.4104030132293701
0.30226588249206543
0.2669401168823242
0.4047257900238037
0.3716108798980713
0.37842488288879395
0.41883420944213867
0.2914872169494629
0.2905101776123047
0.2981090545654297
0.4042689800262451
0.7853579521179199
0.25831103324890137
0.4511837959289551
0.30482912063598633
0.29086995124816895
0.40000200271606445
0.5509061813354492
0.2754790782928467
0.2917051315307617
0.44753289222717285
0.6527900695800781
0.33555078506469727
0.40755796432495117
0.2669649124145508
0.34555602073669434
0.626035213470459
0.33884215354919434
0.34975314140319824
0.30170607566833496
0.44005393981933594
0.4194362163543701
0.264132022857666
0.4870271682739258
0.29907894134521484
0.2708618640899658
0.40561795234680176
0.29045820236206055
0.3613860607147217
0.2945868968963623
0.4033229351043701
0.29085302352905273
0.6287100315093994
0.44487500190734863
0.26090407371520996
0.3151509761810303
0.2707338333129883
0.4000880718231201
0.30019402503967285
0.3073391914367676
0.45818305015563965
0.528184175491333
0.33461976051330566
0.40245699882507324
0.3221149444580078
0.3407878875732422
0.3979499340057373
0.2674849033355713
0.30959486961364746
0.2675352096557617
0.3828399181365967
0.27950501441955566
0.26740002632141113
0.36756014823913574
0.2610740661621094
0.28470611572265625
0.26570677757263184
0.36682701110839844
0.2435610294342041
0.26088404655456543
0.3983778953552246
0.2915191650390625
0.29011106491088867
0.2950270175933838
0.3819270133972168
0.27629590034484863
0.286221981048584
0.37401723861694336
0.28711414337158203
0.3353850841522217
0.3018510341644287
0.375568151473999
0.27645206451416016
0.2598741054534912
0.5055639743804932
0.2613041400909424
0.26533985137939453
0.4291799068450928
0.29210877418518066
0.31076598167419434
0.4397449493408203
0.3077719211578369
0.3347139358520508
0.3808901309967041
0.2563459873199463
0.25217199325561523
0.2729308605194092
0.3514389991760254
0.2841908931732178
0.27872276306152344
0.2619130611419678
0.36315298080444336
0.2672419548034668
0.3042910099029541
0.3696868419647217
0.3170511722564697
0.29435014724731445
0.4278390407562256
0.26076197624206543
0.2779276371002197
0.28724074363708496
0.4044167995452881
0.24962711334228516
0.2644970417022705
0.30405402183532715
0.3535346984863281
0.2648491859436035
0.2642350196838379
0.4416990280151367
0.32669973373413086
0.3052661418914795
0.35062503814697266
0.2525038719177246
0.2933938503265381
0.2714221477508545
0.46684718132019043
0.25870704650878906
0.3125638961791992
0.4101419448852539
0.30923914909362793
0.274367094039917
0.45830607414245605
0.27224302291870117
0.28175997734069824
0.5401139259338379
0.281984806060791
0.28354525566101074
0.2687249183654785
0.4030020236968994
0.3458888530731201
0.39770007133483887
0.4110379219055176
0.29030394554138184
0.2999749183654785
0.2963237762451172
0.41884303092956543
0.2924931049346924
0.29874110221862793
0.38181090354919434
0.27766895294189453
0.4692399501800537
0.32156896591186523
0.3583550453186035
0.521460771560669
0.25114893913269043
0.2654600143432617
0.3455221652984619
0.3650979995727539
0.309798002243042
0.2476198673248291
0.27729010581970215
0.35989999771118164
0.2684621810913086
0.44400906562805176
0.2803678512573242
0.23690509796142578
0.31837987899780273
0.3862130641937256
0.24588298797607422
0.2392749786376953
0.28028106689453125
0.3552680015563965
0.32250022888183594
0.4178929328918457
0.3049759864807129
0.27614498138427734
0.41654014587402344
0.317493200302124
0.2903597354888916
0.3279387950897217
0.36847877502441406
0.43777894973754883
0.27886509895324707
0.37001991271972656
0.42873406410217285
0.5701549053192139
0.30800604820251465
0.2998840808868408
0.3996438980102539
0.253648042678833
0.26473283767700195
0.24048113822937012
0.39342784881591797
0.30983901023864746
0.2693650722503662
0.30489492416381836
0.3573637008666992
0.23666715621948242
0.28177905082702637
0.3864598274230957
0.28090906143188477
0.312175989151001
0.2978990077972412
0.4875302314758301
0.29103994369506836
0.5696947574615479
0.29708313941955566
0.33206892013549805
0.31832098960876465
0.3731257915496826
0.2715151309967041
0.4358508586883545
0.3303067684173584
0.28174471855163574
0.33783912658691406
0.40999889373779297
0.3220829963684082
0.28273510932922363
0.4634861946105957
0.3447611331939697
0.43796682357788086
0.29531407356262207
0.2970438003540039
0.4352760314941406
0.3796839714050293
0.40197181701660156
0.2848491668701172
0.41706418991088867
0.2865159511566162
0.24782276153564453
0.39020419120788574
0.24758291244506836
0.3803410530090332
0.28765416145324707
0.4155571460723877
0.28494811058044434
0.2827329635620117
0.3615908622741699
0.2509441375732422
0.2738211154937744
0.2749209403991699
0.43089795112609863
0.28461217880249023
0.5262699127197266
0.24798011779785156
0.44431114196777344
0.3051300048828125
0.4122638702392578
0.3053901195526123
0.3033108711242676
0.4113311767578125
0.28328800201416016
0.29514503479003906
0.331496000289917
0.47339725494384766
0.2895832061767578
0.42290401458740234
0.4058229923248291
0.3196530342102051
0.29688072204589844
0.4111061096191406
0.2794492244720459
0.2776908874511719
0.36570000648498535
0.28548479080200195
0.3540370464324951
0.2652709484100342
0.41030311584472656
0.2708277702331543
0.40788698196411133
0.321012020111084
0.29983019828796387
0.30398011207580566
0.4168660640716553
0.30214905738830566
0.29674696922302246
0.4502749443054199
0.2973921298980713
0.36782288551330566
0.5149149894714355
0.3054537773132324
0.2956709861755371
0.5687308311462402
0.2562737464904785
0.2646939754486084
0.5586280822753906
0.2863180637359619
0.27683210372924805
0.2584691047668457
0.4196622371673584
0.31356000900268555
0.2781040668487549
0.43923187255859375
0.2740292549133301
0.3686368465423584
0.27920007705688477
0.40726566314697266
0.2630650997161865
0.27877306938171387
0.3863389492034912
0.28174495697021484
0.30261993408203125
0.2706928253173828
0.5145659446716309
0.35558009147644043
0.33646082878112793
0.4799051284790039
0.392960786819458
0.47209692001342773
0.29368114471435547
0.5165450572967529
0.2692999839782715
0.3740537166595459
0.2759590148925781
0.2834789752960205
0.4176490306854248
0.28508424758911133
0.27521300315856934
0.3045177459716797
0.4345550537109375
0.2611360549926758
0.4208080768585205
0.3182077407836914
0.29169392585754395
0.28296470642089844
0.5631411075592041
0.2754666805267334
0.275968074798584
0.4443960189819336
0.2829310894012451
0.2853879928588867
0.2943766117095947
0.4187791347503662
0.26790595054626465
0.30054521560668945
0.3718860149383545
0.25440502166748047
0.25777482986450195
0.40453505516052246
0.26936888694763184
0.323930025100708
0.4641859531402588
0.29229068756103516
0.26505112648010254
0.31803321838378906
0.4187331199645996
0.2582871913909912
0.44922971725463867
0.40642285346984863
0.27681612968444824
0.48790717124938965
0.4057188034057617
0.2736091613769531
0.2958388328552246
0.2617471218109131
0.39963603019714355
0.2912311553955078
0.2707340717315674
0.4347991943359375
0.3393568992614746
0.32130002975463867
0.28908514976501465
0.3451569080352783
0.3252389430999756
0.27634501457214355
0.32939887046813965
0.3080611228942871
0.27347898483276367
0.4003336429595947
0.29315805435180664
0.2925069332122803
0.45374083518981934
0.2578921318054199
0.4808030128479004
0.24965119361877441
0.3717019557952881
0.309934139251709
0.3191361427307129
0.406527042388916
0.3073751926422119
0.2824521064758301
0.5658729076385498
0.2867698669433594
0.2745521068572998
0.28194618225097656
0.40509486198425293
0.2532989978790283
0.4393589496612549
0.2656087875366211
0.34543275833129883
0.2870340347290039
0.3900411128997803
0.3739910125732422
0.41897010803222656
0.3567218780517578
0.30918407440185547
0.33553099632263184
0.42845892906188965
0.31052589416503906
0.4179220199584961
0.4977231025695801
0.2712440490722656
0.253140926361084
0.32326197624206543
0.4181227684020996
0.32538819313049316
0.2783060073852539
0.47263407707214355
0.31523704528808594
0.29972100257873535
0.3963189125061035
0.30151915550231934
0.2857792377471924
0.45072269439697266
0.2961580753326416
0.29247426986694336
0.43445682525634766
0.31845808029174805
0.29934096336364746
0.4290950298309326
0.2790038585662842
0.2616250514984131
0.3414590358734131
0.3379380702972412
0.2598869800567627
0.2911851406097412
0.7701058387756348
0.3058741092681885
0.30624914169311523
0.3784980773925781
0.25760507583618164
0.24950098991394043
0.28121471405029297
0.4007570743560791
0.28436970710754395
0.25710105895996094
0.4367351531982422
0.3081490993499756
0.26522183418273926
0.2633669376373291
0.4275698661804199
0.38674211502075195
0.7455728054046631
0.38690710067749023
0.27318310737609863
0.2635989189147949
0.3712000846862793
0.2974100112915039
0.286376953125
0.41723108291625977
0.2644839286804199
0.2919628620147705
0.2563052177429199
0.40276169776916504
0.2558310031890869
0.25820016860961914
0.3744380474090576
0.24352216720581055
0.2596547603607178
0.23660898208618164
0.3867762088775635
0.2940800189971924
0.27924609184265137
0.41434597969055176
0.26822376251220703
0.2850229740142822
0.502068042755127
0.27144289016723633
0.45781612396240234
0.2971680164337158
0.4120609760284424
0.2913782596588135
0.29441308975219727
0.37764501571655273
0.2811911106109619
0.2570040225982666
0.2535977363586426
0.3840188980102539
0.28388214111328125
0.40078306198120117
0.270920991897583
0.2867090702056885
0.6650002002716064
0.29523205757141113
0.2631559371948242
0.544440746307373
0.25744009017944336
0.3293478488922119
0.2788569927215576
0.40580010414123535
0.3018810749053955
0.24731206893920898
1.0205378532409668
0.2889530658721924
0.42501401901245117
0.38965916633605957
0.29663705825805664
0.3075098991394043
0.2700481414794922
0.37862396240234375
0.31208300590515137
0.3025691509246826
0.3633861541748047
0.3150818347930908
0.27145910263061523
0.41583704948425293
0.25539422035217285
0.35295796394348145
0.3863542079925537
0.3053417205810547
0.29062891006469727
0.637092113494873
0.2683720588684082
0.2704441547393799
0.32904601097106934
0.39626121520996094
0.3299219608306885
0.28751420974731445
0.4282262325286865
0.2706151008605957
0.5280907154083252
0.4627361297607422
0.26439714431762695
0.2847788333892822
0.304718017578125
0.3463602066040039
0.2927510738372803
0.2972400188446045
0.2994060516357422
0.4273390769958496
0.304520845413208
0.2704639434814453
0.3583989143371582
0.29070425033569336
0.29018378257751465
0.4689638614654541
0.27498507499694824
0.29810523986816406
0.2573981285095215
0.5779509544372559
0.3184182643890381
0.2695488929748535
0.39882612228393555
0.27774620056152344
0.3294358253479004
0.42716097831726074
0.26848387718200684
0.30484819412231445
0.28362464904785156
0.4235680103302002
0.24474573135375977
0.5761799812316895
0.30260491371154785
0.2782168388366699
0.24784302711486816
0.5445990562438965
0.41127490997314453
0.244675874710083
0.4307239055633545
0.2404170036315918
0.30324792861938477
0.3752579689025879
0.2791481018066406
0.2868039608001709
0.2606370449066162
0.45375990867614746
0.33159399032592773
0.3437838554382324
0.38218188285827637
0.5069642066955566
0.28682398796081543
0.28163695335388184
0.45497798919677734
0.5561971664428711
0.4077949523925781
0.27094602584838867
0.31998395919799805
0.2666192054748535
0.37110376358032227
0.30854201316833496
0.30124616622924805
0.5058701038360596
0.28293490409851074
0.3006908893585205
0.43472719192504883
0.35649800300598145
0.2884056568145752
0.2943751811981201
0.5353207588195801
0.33093690872192383
0.39596009254455566
0.2991511821746826
0.27347302436828613
0.5631148815155029
0.2757148742675781
0.28423094749450684
0.26078295707702637
0.46466922760009766
0.2802460193634033
0.407243013381958
0.3149240016937256
0.2692861557006836
0.28560519218444824
0.4038569927215576
0.29627299308776855
0.2683601379394531
0.4390418529510498
0.31292295455932617
0.30733489990234375
0.4560208320617676
0.26551198959350586
0.4650709629058838
0.33480286598205566
0.3713650703430176
0.2851109504699707
0.26968908309936523
0.3906261920928955
0.27213001251220703
0.28366804122924805
0.41808104515075684
0.2982461452484131
0.2719841003417969
0.3036210536956787
0.3931288719177246
0.34271907806396484
0.3973090648651123
0.27217864990234375
0.29702305793762207
0.28641223907470703
0.3943040370941162
0.3075270652770996
0.2694129943847656
0.28519392013549805
0.37423110008239746
0.3309760093688965
0.4255681037902832
0.30803894996643066
0.346235990524292
0.2817821502685547
0.4274320602416992
0.2984130382537842
0.2772481441497803
0.3772571086883545
0.29669904708862305
0.31205272674560547
0.40471673011779785
0.4135119915008545
0.28915905952453613
0.6093730926513672
0.27002811431884766
0.2672305107116699
0.3565707206726074
0.41589903831481934
0.3637821674346924
0.3532230854034424
0.42229700088500977
0.3039419651031494
0.2638709545135498
0.31166791915893555
0.4223299026489258
0.3306150436401367
0.4267280101776123
0.3304760456085205
0.2807590961456299
0.2779839038848877
0.4477958679199219
0.2650887966156006
0.27338504791259766
0.4073669910430908
0.2855250835418701
0.2697029113769531
0.30513501167297363
0.4118916988372803
0.29338598251342773
0.4070591926574707
0.28421807289123535
0.23979997634887695
0.2568180561065674
0.36769890785217285
0.4210970401763916
0.3003499507904053
0.2879512310028076
0.351945161819458
0.2763049602508545
0.4885702133178711
0.28564023971557617
0.307175874710083
0.34441661834716797
0.407487154006958
0.2879788875579834
0.3080286979675293
0.43848395347595215
0.5457451343536377
0.26245903968811035
0.3247561454772949
0.42594313621520996
0.27721095085144043
0.4243779182434082
0.2671968936920166
0.265869140625
0.32390713691711426
0.42615795135498047
0.30359792709350586
0.3043060302734375
0.6040759086608887
0.25621509552001953
0.29799795150756836
0.40729594230651855
0.32149291038513184
0.28966689109802246
0.24922609329223633
0.3789856433868408
0.2593801021575928
0.3791961669921875
0.4059178829193115
0.26650190353393555
0.2650580406188965
0.2597329616546631
0.4277482032775879
0.27496814727783203
0.35464000701904297
0.42418694496154785
0.3123629093170166
0.273266077041626
0.35158514976501465
0.41283297538757324
0.3034791946411133
0.29319000244140625
0.41480183601379395
0.2921881675720215
0.2973592281341553
0.344498872756958
0.28382420539855957
0.2653651237487793
0.351093053817749
0.24344372749328613
0.3443491458892822
0.30632901191711426
0.3997478485107422
0.6095740795135498
0.4532887935638428
0.3710780143737793
0.3290400505065918
0.2752819061279297
0.37666893005371094
0.40534114837646484
0.277907133102417
0.38910508155822754
0.30333995819091797
0.27934813499450684
0.29508399963378906
0.3330669403076172
0.33423900604248047
0.2827019691467285
0.3846008777618408
0.30226683616638184
0.267474889755249
0.39043402671813965
0.3686521053314209
0.3176751136779785
0.4678688049316406
0.259289026260376
0.2953789234161377
0.42089200019836426
0.37106895446777344
0.30171966552734375
0.26889610290527344
0.4024081230163574
0.23624014854431152
0.2697939872741699
0.3090169429779053
0.48767590522766113
0.29152512550354004
0.2639188766479492
0.4616830348968506
0.28779006004333496
0.2798922061920166
0.5894210338592529
0.30959606170654297
0.3004310131072998
0.30453014373779297
0.40129709243774414
0.31174492835998535
0.42771291732788086
0.28823423385620117
0.2974390983581543
0.4446721076965332
0.2523810863494873
0.2582831382751465
0.4530150890350342
0.41207075119018555
0.27408695220947266
0.28615784645080566
0.43004369735717773
0.30120015144348145
0.2949028015136719
0.32896971702575684
0.47077202796936035
0.2997870445251465
0.28760695457458496
0.390794038772583
0.285336971282959
0.2965841293334961
0.6137099266052246
0.2717781066894531
0.27716493606567383
0.3366222381591797
0.36930394172668457
0.3239591121673584
0.379453182220459
0.3737051486968994
0.28766584396362305
0.2916440963745117
0.4280691146850586
0.2648038864135742
0.3252742290496826
0.4132359027862549
0.3136630058288574
0.30071115493774414
0.2857649326324463
0.41710710525512695
0.3106667995452881
0.4076118469238281
0.26923608779907227
0.34183716773986816
0.6421980857849121
0.29197096824645996
0.30354905128479004
0.2528557777404785
0.38257694244384766
0.32230377197265625
0.3075265884399414
0.40192604064941406
0.2752208709716797
0.337155818939209
0.7592480182647705
0.3013021945953369
0.24605393409729004
0.279325008392334
0.3874051570892334
0.29718995094299316
0.26349878311157227
0.29392385482788086
0.3809192180633545
0.3725612163543701
0.26696157455444336
0.38941383361816406
0.3129570484161377
0.39325404167175293
0.715095043182373
0.289780855178833
0.5751931667327881
0.2891569137573242
0.3083839416503906
0.48915696144104004
0.2610149383544922
0.34081006050109863
0.3032259941101074
0.42563891410827637
0.31244969367980957
0.4560840129852295
0.25380587577819824
0.281235933303833
0.3032341003417969
0.3663480281829834
0.33023571968078613
0.3784489631652832
0.2672700881958008
0.2795078754425049
0.2753489017486572
0.37553977966308594
0.24492597579956055
0.2544572353363037
0.2916290760040283
0.37746715545654297
0.29100918769836426
0.2698841094970703
0.4604511260986328
0.2985799312591553
0.28271913528442383
0.31458497047424316
0.4085667133331299
0.26203203201293945
0.2706899642944336
0.42195606231689453
0.3193087577819824
0.28745293617248535
0.43516993522644043
0.2977888584136963
0.3341059684753418
0.4602999687194824
0.36118388175964355
0.3767058849334717
0.4005908966064453
0.30843591690063477
0.3083689212799072
0.2793581485748291
0.46309900283813477
0.2885150909423828
0.6082990169525146
0.3210928440093994
0.36475205421447754
0.24413394927978516
0.291705846786499
0.44816088676452637
0.291748046875
0.25780797004699707
0.4638550281524658
0.2538919448852539
0.5466887950897217
0.30497026443481445
0.39278268814086914
0.27731800079345703
0.4668772220611572
0.3850250244140625
0.26051998138427734
0.30446672439575195
0.4329702854156494
0.25815606117248535
0.26212310791015625
0.4374430179595947
0.30687785148620605
0.2811460494995117
0.42238306999206543
0.3967878818511963
0.28659582138061523
0.4667470455169678
0.2620201110839844
0.29668092727661133
0.3550381660461426
0.44474124908447266
0.2503950595855713
0.4785478115081787
0.2914547920227051
0.3599588871002197
0.47260260581970215
0.3088369369506836
0.2843050956726074
0.3277130126953125
0.3911409378051758
0.32354116439819336
0.3103148937225342
0.3875720500946045
0.27794504165649414
0.6442139148712158
0.26421093940734863
0.274212121963501
0.295835018157959
0.5927469730377197
0.24829888343811035
0.29743504524230957
0.42144107818603516
0.27724313735961914
0.2824876308441162
0.2810389995574951
0.5749270915985107
0.3475375175476074
0.3153040409088135
0.4208109378814697
0.327343225479126
0.3503870964050293
0.41252708435058594
0.2982630729675293
0.302562952041626
0.2782449722290039
0.3930807113647461
0.25707197189331055
0.3219289779663086
0.4079320430755615
0.3218698501586914
0.2945830821990967
0.43433570861816406
0.2595958709716797
0.2653350830078125
0.31140804290771484
0.432448148727417
0.3447139263153076
0.2695319652557373
0.28946614265441895
0.35607385635375977
0.3310861587524414
0.27568888664245605
0.40303802490234375
0.312330961227417
0.3283848762512207
0.42169809341430664
0.46080708503723145
0.389829158782959
0.40856003761291504
0.31862711906433105
0.3254239559173584
0.29166293144226074
0.4254028797149658
0.24205613136291504
0.3192298412322998
0.42322802543640137
0.29126811027526855
0.27618908882141113
0.44011807441711426
0.31619715690612793
0.27782297134399414
0.46361804008483887
0.2765979766845703
0.3527538776397705
0.6896929740905762
0.28066515922546387
0.2509887218475342
0.29674196243286133
0.3733651638031006
0.2908508777618408
0.2656588554382324
0.442857027053833
0.25630974769592285
0.45076823234558105
0.30425214767456055
0.41506218910217285
0.3255178928375244
0.322857141494751
0.3736898899078369
0.35415077209472656
0.2897181510925293
0.3087601661682129
0.38675880432128906
0.2855260372161865
0.27040576934814453
0.40357494354248047
0.2971820831298828
0.28444719314575195
0.4551360607147217
0.24385404586791992
0.3097829818725586
0.2913389205932617
0.375913143157959
0.3020920753479004
0.46209096908569336
0.5790729522705078
0.7992379665374756
0.4823639392852783
0.32854795455932617
0.29703807830810547
0.5281698703765869
0.4450860023498535
0.26046299934387207
0.27634501457214355
0.36768579483032227
0.2848551273345947
0.3076350688934326
0.3802330493927002
0.32351207733154297
0.30709099769592285
0.4262700080871582
0.2866220474243164
0.3648800849914551
0.27477002143859863
0.3939700126647949
0.3282768726348877
0.2902500629425049
0.37826991081237793
0.4058070182800293
0.28041911125183105
0.42923712730407715
0.2701988220214844
0.2709479331970215
0.32425594329833984
0.373380184173584
0.31895899772644043
0.6861131191253662
0.2808201313018799
0.28175783157348633
0.43426084518432617
0.2647440433502197
0.27394604682922363
0.25203967094421387
0.44854092597961426
0.2746567726135254
0.2767457962036133
0.27468013763427734
0.4914369583129883
0.27379298210144043
0.27063775062561035
0.43123698234558105
0.2560570240020752
0.31673407554626465
0.4029810428619385
0.2697291374206543
0.2440471649169922
0.3181421756744385
0.42756080627441406
0.4402918815612793
0.27486515045166016
0.5170290470123291
0.26993799209594727
0.3257579803466797
0.3001821041107178
0.3959059715270996
0.24738359451293945
0.2888951301574707
0.37993812561035156
0.3271777629852295
0.3098740577697754
0.4547441005706787
0.2657508850097656
0.33028721809387207
0.4302968978881836
0.2645101547241211
0.2571291923522949
0.3475379943847656
0.4583301544189453
0.35656166076660156
0.4224390983581543
0.40606021881103516
0.30136990547180176
0.3496530055999756
0.3066120147705078
0.44809508323669434
0.25948095321655273
0.31873297691345215
0.3721179962158203
0.3541572093963623
0.2787742614746094
0.43132972717285156
0.2935147285461426
0.2879009246826172
0.2898831367492676
0.4078960418701172
0.2842118740081787
0.2642951011657715
0.49123597145080566
0.27283716201782227
0.34523510932922363
0.29189014434814453
0.3488430976867676
0.2548489570617676
0.49769091606140137
0.2745399475097656
0.2828330993652344
0.6760640144348145
0.38871216773986816
0.34331798553466797
0.4926002025604248
0.36348795890808105
0.3595411777496338
0.43337106704711914
0.2709810733795166
0.4123191833496094
0.25954103469848633
0.39519619941711426
0.2645092010498047
0.28137803077697754
0.4263319969177246
0.29321908950805664
0.2783951759338379
0.2835550308227539
0.41945505142211914
0.28545522689819336
0.261242151260376
0.33685803413391113
0.4120960235595703
0.3207721710205078
0.2731208801269531
0.3746321201324463
0.2692742347717285
0.2741079330444336
0.40981626510620117
0.30549120903015137
0.30244994163513184
0.48435091972351074
0.31057262420654297
0.34217309951782227
0.4117581844329834
0.252565860748291
0.29195404052734375
0.44387125968933105
0.24933815002441406
0.2888021469116211
0.27149105072021484
0.3898780345916748
0.2711200714111328
0.28566908836364746
0.29463791847229004
0.42894411087036133
0.283336877822876
0.3962748050689697
0.4072721004486084
0.2894878387451172
0.26652002334594727
0.2914137840270996
0.3550739288330078
0.3554351329803467
0.4197821617126465
0.2500171661376953
0.4156219959259033
0.2613387107849121
0.3577229976654053
0.30507802963256836
0.28806495666503906
0.4591856002807617
0.24002790451049805
0.3202080726623535
0.3049030303955078
0.3381538391113281
0.28296589851379395
0.26194310188293457
0.408052921295166
0.2979738712310791
0.4083280563354492
0.4147191047668457
0.28311681747436523
0.33628392219543457
0.30437207221984863
0.4546537399291992
0.29534912109375
0.2584500312805176
0.3864140510559082
0.27333712577819824
0.3305649757385254
0.4306468963623047
0.29066896438598633
0.3113691806793213
0.33934903144836426
0.3900020122528076
0.319019079208374
0.4218409061431885
0.30217790603637695
0.3398451805114746
0.32877302169799805
0.39310598373413086
0.2612030506134033
0.49530887603759766
0.37736082077026367
0.2768709659576416
0.29894208908081055
0.41614603996276855
0.322800874710083
0.4619450569152832
0.31937718391418457
0.2921481132507324
0.4516940116882324
0.2898991107940674
0.27066898345947266
0.4411659240722656
0.25791287422180176
0.321274995803833
0.27919888496398926
0.48650312423706055
0.32094788551330566
0.2836577892303467
0.39849209785461426
0.27909111976623535
0.26247286796569824
0.282426118850708
0.405271053314209
0.2475900650024414
0.3191089630126953
0.4328501224517822
0.3550379276275635
0.32799410820007324
0.5504190921783447
0.2642362117767334
0.24701499938964844
0.3209381103515625
0.411456823348999
0.2760450839996338
0.3046579360961914
0.45783495903015137
0.29759979248046875
0.3220860958099365
0.5931329727172852
0.2674591541290283
0.32585883140563965
0.27127599716186523
0.3624260425567627
0.35489606857299805
0.3587629795074463
0.4725039005279541
0.3895280361175537
0.26637697219848633
0.28346896171569824
0.43178701400756836
0.271604061126709
0.25643205642700195
0.4330151081085205
0.2719762325286865
0.2900230884552002
0.2998337745666504
0.41711997985839844
0.2883920669555664
0.4549710750579834
0.2696540355682373
0.2906219959259033
0.45830416679382324
0.2558581829071045
0.2772359848022461
0.3533141613006592
0.407700777053833
0.4932596683502197
0.303617000579834
0.38664913177490234
0.2903459072113037
0.26199984550476074
0.3722801208496094
0.31823205947875977
0.2806558609008789
0.3949565887451172
0.2586390972137451
0.4945507049560547
0.36173415184020996
0.41160011291503906
0.3283350467681885
0.4201352596282959
0.3489220142364502
0.25053906440734863
0.27578115463256836
0.396756649017334
0.3133721351623535
0.4696991443634033
0.4112429618835449
0.27029895782470703
0.3017871379852295
0.44118809700012207
0.3133208751678467
0.28536009788513184
0.42832183837890625
0.2579481601715088
0.5241560935974121
0.26610398292541504
0.3533480167388916
0.2705249786376953
0.3911921977996826
0.4328432083129883
0.25779104232788086
0.26517200469970703
0.4134249687194824
0.29431700706481934
0.30312108993530273
0.27672815322875977
0.3906419277191162
0.2996060848236084
0.2926199436187744
0.4448282718658447
0.2688868045806885
0.26406407356262207
0.33458805084228516
0.39452314376831055
0.33336901664733887
0.26708316802978516
0.4035000801086426
0.27225303649902344
0.25791001319885254
0.26543116569519043
0.3977339267730713
0.3010067939758301
0.3536641597747803
0.38207483291625977
0.3714580535888672
0.31827807426452637
0.32021403312683105
0.37122106552124023
0.31387782096862793
0.44038891792297363
0.3326082229614258
0.31609106063842773
0.2828938961029053
0.440122127532959
0.288715124130249
0.265606164932251
0.4805119037628174
0.2783501148223877
0.27112698554992676
0.4461100101470947
0.30919599533081055
0.3003818988800049
0.2930281162261963
0.356187105178833
0.28079795837402344
0.2980790138244629
0.35385704040527344
0.2907681465148926
0.30585384368896484
0.4093210697174072
0.2918517589569092
0.306704044342041
0.2987329959869385
0.44231605529785156
0.3196709156036377
0.469728946685791
0.26429104804992676
0.35744404792785645
0.4989631175994873
0.305696964263916
0.25379204750061035
0.4570331573486328
0.2916440963745117
0.3159170150756836
0.32584595680236816
0.4673771858215332
0.2770369052886963
0.41295409202575684
0.2965390682220459
0.2758638858795166
0.33042001724243164
0.37037110328674316
0.2274339199066162
0.43352603912353516
0.283217191696167
0.2821969985961914
0.31006503105163574
0.4038548469543457
0.2552490234375
0.27095484733581543
0.3998136520385742
0.41928601264953613
0.45135021209716797
0.2872750759124756
0.27533984184265137
0.48639392852783203
0.40369606018066406
0.31159090995788574
0.3879117965698242
0.2530989646911621
0.2582879066467285
0.3599681854248047
0.3845336437225342
0.3461010456085205
0.38967108726501465
0.31162309646606445
0.3964967727661133
0.30921506881713867
0.3572368621826172
0.339108943939209
0.27562808990478516
0.4642491340637207
0.265484094619751
0.33198070526123047
0.41571784019470215
0.3134138584136963
0.44731807708740234
0.2983579635620117
0.3968520164489746
0.3377230167388916
0.41454410552978516
0.29985523223876953
0.2640061378479004
0.26917600631713867
0.41070103645324707
0.3733060359954834
0.3343629837036133
0.44153809547424316
0.3094041347503662
0.4058370590209961
0.43187975883483887
0.3256111145019531
0.2961690425872803
0.4294769763946533
0.261951208114624
0.31453895568847656
0.2896568775177002
0.5916750431060791
0.2870368957519531
0.2653191089630127
0.4261190891265869
0.2775239944458008
0.2957150936126709
0.2729308605194092
0.4115481376647949
0.26712703704833984
0.28148698806762695
0.5045509338378906
0.2501230239868164
0.3666360378265381
0.28307318687438965
0.4132871627807617
0.4288959503173828
0.3185110092163086
0.3544940948486328
0.25688791275024414
0.465731143951416
0.23592209815979004
0.3143432140350342
0.33834004402160645
0.4217820167541504
0.25800108909606934
0.31725525856018066
0.6658880710601807
0.2679569721221924
0.41871094703674316
0.25883984565734863
0.5742325782775879
0.3086850643157959
0.40590715408325195
0.2930021286010742
0.29267406463623047
0.46631503105163574
0.31897902488708496
0.30030012130737305
0.41723084449768066
0.48262500762939453
0.2720358371734619
0.525068998336792
0.33596014976501465
0.4495730400085449
0.5776090621948242
0.29894495010375977
0.2894887924194336
0.32043981552124023
0.45748400688171387
0.26731085777282715
0.4516150951385498
0.29141807556152344
0.288100004196167
0.27190375328063965
0.42807698249816895
0.33154916763305664
0.278764009475708
0.5128190517425537
0.26635122299194336
0.2742741107940674
0.42089319229125977
0.2855682373046875
0.29056596755981445
0.5179810523986816
0.26305198669433594
0.28579211235046387
0.2905919551849365
0.42543816566467285
0.44534778594970703
0.2532181739807129
0.4778010845184326
0.2623710632324219
0.3776111602783203
0.29637908935546875
0.4062931537628174
0.3147411346435547
0.2702059745788574
0.4026370048522949
0.29812002182006836
0.5304660797119141
0.27590203285217285
0.39650487899780273
0.3380141258239746
0.41933703422546387
0.3062431812286377
0.3209860324859619
0.522575855255127
0.3193666934967041
0.32099294662475586
0.42212390899658203
0.27372193336486816
0.32845115661621094
0.425447940826416
0.25965404510498047
0.3076746463775635
0.3346569538116455
0.4390401840209961
0.28241896629333496
0.41055989265441895
0.2575390338897705
0.35236620903015137
0.5545170307159424
0.4244379997253418
0.3869650363922119
0.2920081615447998
0.4744539260864258
0.2914700508117676
0.4405629634857178
0.3276958465576172
0.3186509609222412
0.32065892219543457
0.4136478900909424
0.27037906646728516
0.3589591979980469
0.3799290657043457
0.23415017127990723
0.27748990058898926
0.4377171993255615
0.3068199157714844
0.36989903450012207
0.521446943283081
0.3722686767578125
0.3061211109161377
0.3006579875946045
0.37419915199279785
0.4078788757324219
0.4342532157897949
0.281048059463501
0.3049659729003906
0.2937028408050537
0.38494205474853516
0.24912095069885254
0.2675290107727051
0.4136841297149658
0.29723167419433594
0.3654351234436035
0.26448893547058105
0.6346509456634521
0.2915768623352051
0.2803761959075928
0.4142739772796631
0.33782410621643066
0.478593111038208
0.542823076248169
0.2563190460205078
0.3292551040649414
0.3041832447052002
0.44202303886413574
0.28598999977111816
0.35598301887512207
0.4044029712677002
0.29207706451416016
0.28988099098205566
0.3254060745239258
0.3937110900878906
0.42159104347229004
0.457827091217041
0.276029109954834
0.3333580493927002
0.3120901584625244
0.4346480369567871
0.27288818359375
0.33935022354125977
0.5094919204711914
0.5843160152435303
0.35504889488220215
0.44507503509521484
0.29688000679016113
0.3245277404785156
0.27461910247802734
0.39583301544189453
0.29015183448791504
0.31696295738220215
0.4094979763031006
0.23436784744262695
0.3203418254852295
0.48580408096313477
0.26651811599731445
0.6260430812835693
0.32991790771484375
0.40053725242614746
0.3348240852355957
0.37036585807800293
0.27805519104003906
0.2742452621459961
0.34503602981567383
0.41886377334594727
0.31911516189575195
0.43222498893737793
0.2523620128631592
0.32207489013671875
0.3023338317871094
0.41805386543273926
0.266434907913208
0.3148937225341797
0.4623277187347412
0.2688319683074951
0.29462695121765137
0.3233978748321533
0.39543819427490234
0.29140806198120117
0.445026159286499
0.3415231704711914
0.532494068145752
0.43776488304138184
0.3319249153137207
0.2878720760345459
0.3102238178253174
0.39443111419677734
0.30905699729919434
0.43134307861328125
0.2679569721221924
0.2816901206970215
0.30906105041503906
0.4537959098815918
0.3865997791290283
0.2985110282897949
0.289355993270874
0.41655898094177246
0.31346607208251953
0.40974903106689453
0.26444101333618164
0.31847691535949707
0.30258893966674805
0.4103841781616211
0.28191590309143066
0.2984020709991455
0.37804198265075684
0.28644609451293945
0.38411521911621094
0.4299590587615967
0.3180830478668213
0.28415894508361816
0.4993460178375244
0.2694058418273926
0.2867450714111328
0.29364824295043945
0.4404728412628174
0.29833507537841797
0.5434370040893555
0.41323280334472656
0.30217504501342773
0.2949206829071045
0.307811975479126
0.5385289192199707
0.2864861488342285
0.41674280166625977
0.26505398750305176
0.45110177993774414
0.30809497833251953
0.44875216484069824
0.2920958995819092
0.3126368522644043
0.37574291229248047
0.3293919563293457
0.2992260456085205
0.43539881706237793
0.25472593307495117
0.286571741104126
0.3312869071960449
0.4134550094604492
0.29447174072265625
0.29902172088623047
0.4160640239715576
0.4090449810028076
0.2947061061859131
0.4109158515930176
0.27254605293273926
0.5378971099853516
0.40617918968200684
0.3211641311645508
0.27867698669433594
0.39284801483154297
0.2850210666656494
0.290647029876709
0.4293639659881592
0.3281550407409668
0.5798671245574951
0.29781389236450195
0.4903280735015869
0.28592586517333984
0.3700978755950928
0.30870985984802246
0.27634310722351074
0.3916909694671631
0.31552886962890625
0.2978169918060303
0.39587903022766113
0.31118297576904297
0.27846407890319824
0.44148802757263184
0.30361294746398926
0.34811902046203613
0.4163200855255127
0.3074820041656494
0.29521989822387695
0.4358088970184326
0.28304409980773926
0.31932783126831055
0.29050612449645996
0.40471315383911133
0.2899820804595947
0.29323697090148926
0.42681384086608887
0.29242897033691406
0.3247530460357666
0.41444921493530273
0.3156461715698242
0.3465309143066406
0.41134023666381836
0.3961188793182373
0.4805569648742676
0.4189639091491699
0.29006505012512207
0.4090590476989746
0.4329640865325928
0.3709290027618408
0.32511210441589355
0.2556579113006592
0.41774511337280273
0.4771730899810791
0.31520700454711914
0.469771146774292
0.3506290912628174
0.30306291580200195
0.44230008125305176
0.2967088222503662
0.2992260456085205
0.2968618869781494
0.411607027053833
0.32643699645996094
0.27280116081237793
0.5983810424804688
0.24498295783996582
0.28287506103515625
0.42089104652404785
0.3000986576080322
0.2689228057861328
0.5152630805969238
0.2600700855255127
0.35866808891296387
0.4248392581939697
0.3284721374511719
0.3155391216278076
0.28325366973876953
0.45373010635375977
0.25217509269714355
0.29976391792297363
0.4071331024169922
0.30008363723754883
0.293241024017334
0.47967100143432617
0.3041198253631592
0.3635528087615967
0.4300689697265625
0.26433777809143066
0.2969369888305664
0.33981895446777344
0.41731786727905273
0.26663994789123535
0.4032480716705322
0.32042908668518066
0.3506429195404053
0.3527960777282715
0.43909597396850586
0.3013179302215576
0.3008899688720703
0.4177582263946533
0.30051207542419434
0.3137352466583252
0.4080221652984619
0.26450395584106445
0.27463197708129883
0.47235107421875
0.34872984886169434
0.25217771530151367
0.2665722370147705
0.44214797019958496
0.3086209297180176
0.2754371166229248
0.6537401676177979
0.2860841751098633
0.26540613174438477
0.25473999977111816
0.389678955078125
0.2814199924468994
0.26070404052734375
0.31533122062683105
0.3767359256744385
0.2789289951324463
0.3344252109527588
0.47253918647766113
0.2378859519958496
0.4155871868133545
0.2801542282104492
0.3232090473175049
0.3444981575012207
0.3824150562286377
0.2863199710845947
0.25632476806640625
0.5987458229064941
0.29395270347595215
0.2572660446166992
0.4166259765625
0.34711313247680664
0.26749110221862793
0.4302802085876465
0.29647278785705566
0.4222080707550049
0.4449160099029541
0.3181140422821045
0.29786086082458496
0.4395430088043213
0.2725648880004883
0.2821359634399414
0.27509093284606934
0.40223002433776855
0.30187010765075684
0.3556790351867676
0.4249229431152344
0.2763381004333496
0.3329956531524658
0.4995558261871338
0.31276392936706543
0.3585209846496582
0.4909050464630127
0.254180908203125
0.29916906356811523
0.2792539596557617
0.41985511779785156
0.2861330509185791
0.30072689056396484
0.29932284355163574
0.396679162979126
0.2718381881713867
0.24570989608764648
0.3794419765472412
0.30840420722961426
0.2859771251678467
0.37700796127319336
0.257216215133667
0.2951788902282715
0.2917470932006836
0.40337491035461426
0.2613716125488281
0.34139585494995117
0.36365604400634766
0.5088989734649658
0.4179720878601074
0.33502888679504395
0.2590301036834717
0.28757596015930176
0.3781261444091797
0.29181599617004395
0.3346259593963623
0.3991260528564453
0.37037014961242676
0.2971031665802002
0.4304161071777344
0.32600998878479004
0.34523797035217285
0.41413021087646484
0.2864830493927002
0.32119202613830566
0.40652894973754883
0.47461771965026855
0.346815824508667
0.4036858081817627
0.285480260848999
0.30992889404296875
0.4341139793395996
0.27373814582824707
0.516758918762207
0.6371121406555176
0.3722810745239258
0.4750640392303467
0.31719017028808594
0.44594693183898926
0.26377296447753906
0.26638007164001465
0.3795168399810791
0.29012107849121094
0.31000399589538574
0.4046630859375
0.29500317573547363
0.33125782012939453
0.3877439498901367
0.2571539878845215
0.2544689178466797
0.40764689445495605
0.3874797821044922
0.2839350700378418
0.4194188117980957
0.28688907623291016
0.28691697120666504
0.2676060199737549
0.39818501472473145
0.33133697509765625
0.29639410972595215
0.29506683349609375
0.40623998641967773
0.26781415939331055
0.6854941844940186
0.3161430358886719
0.3075079917907715
0.32436394691467285
0.3864917755126953
0.3468630313873291
0.3955509662628174
0.2890801429748535
0.39998793601989746
0.29781365394592285
0.5591108798980713
0.37149691581726074
0.27105116844177246
0.43753623962402344
0.2899441719055176
0.4139702320098877
0.45203113555908203
0.2749440670013428
0.27747416496276855
0.2845802307128906
0.41800403594970703
0.31104421615600586
0.28284502029418945
0.29683399200439453
0.3875589370727539
0.285261869430542
0.4242229461669922
0.2734200954437256
0.27387213706970215
0.3502941131591797
0.41355109214782715
0.31343722343444824
0.4232151508331299
0.3918881416320801
0.2601768970489502
0.3533439636230469
0.2961440086364746
0.43692493438720703
0.33394622802734375
0.48522424697875977
0.3413710594177246
0.38485002517700195
0.5402629375457764
0.279371976852417
0.28826069831848145
0.34030699729919434
0.4169340133666992
0.3181891441345215
0.3202219009399414
0.44347691535949707
0.3469212055206299
0.2810678482055664
0.27822113037109375
0.43851399421691895
0.2679932117462158
0.4091150760650635
0.30741405487060547
0.3231492042541504
0.32465505599975586
0.3776519298553467
0.3347358703613281
0.3202838897705078
0.420320987701416
0.2893669605255127
0.42156076431274414
0.2771730422973633
0.27854108810424805
0.3131232261657715
0.5965321063995361
0.3371238708496094
0.3872039318084717
0.4049851894378662
0.30659008026123047
0.2865140438079834
0.31139707565307617
0.40540075302124023
0.2669641971588135
0.4308757781982422
0.24229812622070312
0.31279611587524414
0.316180944442749
0.42032694816589355
0.25271010398864746
0.4218900203704834
0.2907900810241699
0.2503528594970703
0.26871705055236816
0.37648582458496094
0.28282618522644043
0.28662681579589844
0.27080321311950684
0.5181610584259033
0.2895822525024414
0.5652999877929688
0.26116204261779785
0.27844905853271484
0.2916109561920166
0.3908219337463379
0.25107789039611816
0.2558121681213379
0.2785820960998535
0.3826639652252197
0.3148691654205322
0.3056368827819824
0.4108848571777344
0.3762798309326172
0.27426981925964355
0.36799168586730957
0.29236292839050293
0.29758381843566895
0.379849910736084
0.2715871334075928
0.27728271484375
0.39098191261291504
0.32210779190063477
0.24567198753356934
0.30986499786376953
0.4005281925201416
0.3290841579437256
0.27868103981018066
0.4123420715332031
0.27882909774780273
0.28127217292785645
0.4634101390838623
0.2773299217224121
0.28249502182006836
0.3014190196990967
0.40529417991638184
0.2835268974304199
0.33535289764404297
0.4039030075073242
0.24270200729370117
0.2840230464935303
0.41099071502685547
0.2760951519012451
0.28350400924682617
0.2714040279388428
0.38521790504455566
0.2520589828491211
0.26281189918518066
0.3797488212585449
0.24936890602111816
0.29854893684387207
0.2986409664154053
0.44002223014831543
0.29485201835632324
0.2760012149810791
0.42061710357666016
0.26424694061279297
0.24686098098754883
0.3753540515899658
0.2592620849609375
0.3137528896331787
0.4286019802093506
0.3113229274749756
0.27803587913513184
0.2835991382598877
0.44782209396362305
0.29485297203063965
0.2738640308380127
0.4985029697418213
0.27252912521362305
0.28649306297302246
0.27509093284606934
0.4045429229736328
0.26904797554016113
0.26200127601623535
0.2913479804992676
0.37325310707092285
0.3104071617126465
0.4162616729736328
0.29397106170654297
0.34947800636291504
0.5163381099700928
0.3291049003601074
0.25973987579345703
0.2969090938568115
0.42906904220581055
0.27560901641845703
0.28459596633911133
0.45685505867004395
0.3495359420776367
0.2629051208496094
0.27051806449890137
0.4468820095062256
0.2939159870147705
0.27286219596862793
0.46485304832458496
0.3173508644104004
0.31371283531188965
0.39968419075012207
0.2910468578338623
0.2575249671936035
0.316638708114624
0.5360348224639893
0.2883620262145996
0.2812211513519287
0.42224907875061035
0.3229992389678955
0.2774050235748291
0.29089879989624023
0.3905470371246338
0.27223706245422363
0.2742607593536377
0.43800806999206543
0.3096199035644531
0.28009510040283203
0.27553415298461914
0.41257309913635254
0.35900402069091797
0.3250110149383545
0.3857302665710449
0.3128480911254883
0.25590991973876953
0.2556722164154053
0.39963698387145996
0.35866594314575195
0.24532198905944824
0.43402981758117676
0.2676711082458496
0.43612217903137207
0.3961210250854492
0.43559694290161133
0.2984919548034668
0.29669904708862305
0.4351539611816406
0.24671077728271484
0.2758800983428955
0.3986549377441406
0.49484801292419434
0.2923719882965088
0.5020930767059326
0.45270419120788574
0.3135080337524414
0.33086705207824707
0.3881220817565918
0.2617051601409912
0.26868295669555664
0.5673859119415283
0.30492591857910156
0.3617720603942871
0.4167158603668213
0.29233407974243164
0.38260507583618164
0.4446539878845215
0.29162096977233887
0.34536004066467285
0.289046049118042
0.4543731212615967
0.28905701637268066
0.3956120014190674
0.3517601490020752
0.3066880702972412
0.42392492294311523
0.2659721374511719
0.32119107246398926
0.30298614501953125
0.37856268882751465
0.2899320125579834
0.3026301860809326
0.4268200397491455
0.2942466735839844
0.3293190002441406
0.41364312171936035
0.3010399341583252
0.5651900768280029
0.3865511417388916
0.2925839424133301
0.2889211177825928
0.30336976051330566
0.3790919780731201
0.3425760269165039
0.29031896591186523
0.41008996963500977
0.24735021591186523
0.27989625930786133
0.56272292137146
0.2865729331970215
0.3270390033721924
0.2978827953338623
0.5192170143127441
0.28463196754455566
0.2696552276611328
0.4733469486236572
0.25693798065185547
0.3051018714904785
0.4368479251861572
0.2855651378631592
0.26233601570129395
0.28513097763061523
0.41928911209106445
0.2945578098297119
0.25131821632385254
0.2989940643310547
0.38548994064331055
0.2747471332550049
0.3299241065979004
0.44144701957702637
0.26783084869384766
0.2856130599975586
0.4042508602142334
0.3241119384765625
0.3197910785675049
0.4233419895172119
0.30289292335510254
0.2918970584869385
0.419719934463501
0.299058198928833
0.2827000617980957
0.30534911155700684
0.37389397621154785
0.2531769275665283
0.3115980625152588
0.40075111389160156
0.517876148223877
0.4566338062286377
0.42435598373413086
0.2668941020965576
0.31764721870422363
0.31369519233703613
0.39354991912841797
0.37988805770874023
0.42449498176574707
0.2737710475921631
0.293133020401001
0.2821331024169922
0.43190503120422363
0.3141632080078125
0.3710329532623291
0.40927720069885254
0.30005693435668945
0.2744739055633545
0.27485084533691406
0.39044713973999023
0.367948055267334
0.28258705139160156
0.36536622047424316
0.27452993392944336
0.2567100524902344
0.43636107444763184
0.27927494049072266
0.29987001419067383
0.38797974586486816
0.3131420612335205
0.25715112686157227
0.283139705657959
0.41301417350769043
0.324124813079834
0.29102015495300293
0.4074280261993408
0.45819711685180664
0.2849540710449219
0.5480639934539795
0.2755920886993408
0.28150296211242676
0.3288540840148926
0.42597270011901855
0.3035562038421631
0.5292019844055176
0.3166489601135254
0.284775972366333
0.3262660503387451
0.3630979061126709
0.34225010871887207
0.4370279312133789
0.3472020626068115
0.336226224899292
0.42607927322387695
0.3458898067474365
0.2934250831604004
0.24859404563903809
0.40962910652160645
0.3111109733581543
0.2811729907989502
0.41998791694641113
0.3670351505279541
0.3014988899230957
0.39478182792663574
0.28121304512023926
0.2680850028991699
0.2564120292663574
0.4849426746368408
0.2616088390350342
0.2819030284881592
0.45531177520751953
0.2663850784301758
0.2641611099243164
0.41107892990112305
0.5304880142211914
0.33014369010925293
0.2622220516204834
0.46291303634643555
0.5339510440826416
0.29081201553344727
0.3071870803833008
0.409649133682251
0.3301272392272949
0.45087170600891113
0.40798068046569824
0.27410006523132324
0.24396800994873047
0.40738797187805176
0.27294206619262695
0.36613988876342773
0.47902894020080566
0.29784393310546875
0.2635979652404785
0.4590921401977539
0.28265905380249023
0.2781391143798828
0.4692420959472656
0.4489140510559082
0.4375951290130615
0.30162906646728516
0.42557382583618164
0.26206088066101074
0.26664090156555176
0.4005589485168457
0.40419912338256836
0.2785799503326416
0.5003349781036377
0.2998368740081787
0.3302910327911377
0.6311900615692139
0.2606179714202881
0.4559779167175293
0.3478200435638428
0.4430420398712158
0.2998950481414795
0.42044687271118164
0.3272058963775635
0.3478968143463135
0.26393795013427734
0.5074889659881592
0.2811300754547119
0.24539899826049805
0.3857722282409668
0.3099839687347412
0.28139209747314453
0.2601289749145508
0.4730541706085205
0.306041955947876
0.8448169231414795
0.32051682472229004
0.32776808738708496
0.2713189125061035
0.3882451057434082
0.2996351718902588
0.26971983909606934
0.38920116424560547
0.3149130344390869
0.45560479164123535
0.47774171829223633
0.26085400581359863
0.2701449394226074
0.32221412658691406
0.40749382972717285
0.2727968692779541
0.3050858974456787
0.4588048458099365
0.2786998748779297
0.3458869457244873
0.3052518367767334
0.4085221290588379
0.2884840965270996
0.27187204360961914
0.37799596786499023
0.29180407524108887
0.3658599853515625
0.296947717666626
0.37881970405578613
0.2577230930328369
0.2815248966217041
0.6364028453826904
0.28404808044433594
0.2603600025177002
0.6508030891418457
0.3476090431213379
0.2801940441131592
0.2821781635284424
0.39812493324279785
0.25383615493774414
0.2802598476409912
0.37901806831359863
0.3459591865539551
0.289309024810791
0.32670164108276367
0.4101369380950928
0.24831104278564453
0.4488561153411865
0.38378000259399414
0.26773691177368164
0.25046515464782715
0.37567996978759766
0.2468090057373047
0.3359060287475586
0.3048686981201172
0.4160768985748291
0.26253604888916016
0.27959585189819336
0.3823740482330322
0.3164660930633545
0.3017759323120117
0.4043159484863281
0.30862998962402344
0.3002030849456787
0.4303700923919678
0.3092637062072754
0.3015291690826416
0.26404309272766113
0.4027690887451172
0.28291869163513184
0.28432297706604004
0.29105305671691895
0.4000539779663086
0.3247530460357666
0.2832050323486328
0.43080782890319824
0.4015030860900879
0.3026580810546875
0.4536631107330322
0.2699711322784424
0.25525999069213867
0.25357580184936523
0.3814418315887451
0.2869529724121094
0.2974059581756592
0.47063612937927246
0.2996199131011963
0.3373568058013916
0.2704918384552002
0.39581871032714844
0.3081929683685303
0.32576704025268555
0.5890488624572754
0.27022600173950195
0.42350101470947266
0.2805788516998291
0.34261083602905273
0.3194432258605957
0.41078996658325195
0.27510809898376465
0.25466084480285645
0.41348791122436523
0.325206995010376
0.2877626419067383
0.42122483253479004
0.29332518577575684
0.3401529788970947
0.3086097240447998
0.39006686210632324
0.34319162368774414
0.556755781173706
0.2626669406890869
0.2791588306427002
0.544309139251709
0.37323522567749023
0.28871893882751465
0.5204019546508789
0.31937217712402344
0.36071109771728516
0.5108399391174316
0.2773709297180176
0.37529897689819336
0.27065086364746094
0.4006636142730713
0.26943492889404297
0.260239839553833
0.4069399833679199
0.26177191734313965
0.27469491958618164
0.45911502838134766
0.5142288208007812
0.32639575004577637
0.5457820892333984
0.26173925399780273
0.5243072509765625
0.325620174407959
0.3734438419342041
0.2626016139984131
0.30465197563171387
0.3889279365539551
0.24773693084716797
0.2770500183105469
0.47068190574645996
0.3234100341796875
0.3044419288635254
0.4208409786224365
0.35434699058532715
0.29823899269104004
0.3939969539642334
0.3048560619354248
0.36902403831481934
0.4440598487854004
0.28569984436035156
0.30676698684692383
0.5044960975646973
0.29683709144592285
0.28280115127563477
0.3256561756134033
0.45401597023010254
0.29506707191467285
0.2925748825073242
0.5866420269012451
0.4053511619567871
0.3918130397796631
0.33211493492126465
0.31615495681762695
0.43212223052978516
0.25972509384155273
0.30303502082824707
0.3157811164855957
0.45264101028442383
0.3024778366088867
0.4261760711669922
0.5087170600891113
0.337648868560791
0.2713148593902588
0.39758920669555664
0.30049896240234375
0.2742481231689453
0.4177870750427246
0.2643449306488037
0.35584592819213867
0.49376702308654785
0.3131420612335205
0.2859230041503906
0.2703690528869629
0.402616024017334
0.4046921730041504
0.26114797592163086
0.4131500720977783
0.27297091484069824
0.3312828540802002
0.29711103439331055
0.4392080307006836
0.2850310802459717
0.27458977699279785
0.38953685760498047
0.28656792640686035
0.5566420555114746
0.27152299880981445
0.43196797370910645
0.3623850345611572
0.28549790382385254
0.38408875465393066
0.28322315216064453
0.29571104049682617
0.40074896812438965
0.2574119567871094
0.6082348823547363
0.29243969917297363
0.25680088996887207
0.32387304306030273
0.3650500774383545
0.3616819381713867
0.39010190963745117
0.28347301483154297
0.369002103805542
0.4764220714569092
0.2683899402618408
0.27702879905700684
0.27945804595947266
0.4059000015258789
0.3535451889038086
0.2820301055908203
0.43057703971862793
0.3210337162017822
0.2594888210296631
0.46553492546081543
0.325390100479126
0.39102888107299805
0.46175408363342285
0.2642550468444824
0.35121917724609375
0.2697479724884033
0.4132359027862549
0.27316999435424805
0.30582594871520996
0.2947990894317627
0.42690587043762207
0.3287839889526367
0.45865607261657715
0.29208898544311523
0.3103621006011963
0.5027470588684082
0.4903268814086914
0.2945418357849121
0.4425780773162842
0.29535508155822754
0.2962169647216797
0.46068596839904785
0.33191800117492676
0.3440561294555664
0.32397007942199707
0.7060060501098633
0.2985849380493164
0.27375292778015137
0.5236890316009521
0.2945539951324463
0.4792439937591553
0.2722280025482178
0.30886268615722656
0.3248908519744873
0.42006707191467285
0.2945699691772461
0.2941250801086426
0.405102014541626
0.35985684394836426
0.3079838752746582
0.43855977058410645
0.27367496490478516
0.4120159149169922
0.511868953704834
0.27231287956237793
0.3299291133880615
0.42638707160949707
0.26372814178466797
0.41370677947998047
0.3108389377593994
0.391754150390625
0.2830231189727783
0.3267478942871094
0.421314001083374
0.3797171115875244
0.2834208011627197
0.38550400733947754
0.29593896865844727
0.30467915534973145
0.3908836841583252
0.3024880886077881
0.2760591506958008
0.41117405891418457
0.30340099334716797
0.3348839282989502
0.41748499870300293
0.26073694229125977
0.35643601417541504
0.32805299758911133
0.4145650863647461
0.25348901748657227
0.28422093391418457
0.44475793838500977
0.7232198715209961
0.5030269622802734
0.31667184829711914
0.28609490394592285
0.512462854385376
0.3659060001373291
0.2917776107788086
0.30419397354125977
0.4059581756591797
0.3155090808868408
0.2937130928039551
0.38304615020751953
0.3249359130859375
0.3073248863220215
0.3002970218658447
0.380018949508667
0.3028719425201416
0.26085782051086426
0.43174123764038086
0.27826523780822754
0.3707869052886963
0.4138929843902588
0.31459903717041016
0.28438305854797363
0.4183468818664551
0.3290290832519531
0.27800798416137695
0.282149076461792
0.4090580940246582
0.24915790557861328
0.29091906547546387
0.4188711643218994
0.2516458034515381
0.2954719066619873
0.2830989360809326
0.3835000991821289
0.2802889347076416
0.31903767585754395
0.4182572364807129
0.2572638988494873
0.2597010135650635
0.4398198127746582
0.30659985542297363
0.3228151798248291
0.2543959617614746
0.4137451648712158
0.37497591972351074
0.5110902786254883
0.24935293197631836
0.867009162902832
0.3322291374206543
0.3975241184234619
0.3183629512786865
0.28855299949645996
0.4067389965057373
0.3046300411224365
0.288100004196167
0.38058924674987793
0.2923440933227539
0.3457210063934326
0.5621809959411621
0.4563150405883789
0.30205512046813965
0.3284151554107666
0.4073359966278076
0.30567312240600586
0.4987609386444092
0.24261999130249023
0.5439469814300537
0.4750831127166748
0.2819678783416748
0.30137085914611816
0.30267977714538574
0.4092121124267578
0.2891829013824463
0.2756490707397461
0.4349808692932129
0.32747697830200195
0.24247479438781738
0.4667689800262451
0.26186394691467285
0.2942841053009033
0.3030860424041748
0.40108799934387207
0.2946290969848633
0.2720022201538086
0.4770669937133789
0.2973330020904541
0.2887721061706543
0.29462695121765137
0.43591880798339844
0.35102295875549316
0.280001163482666
0.37155699729919434
0.34863901138305664
0.32353782653808594
0.3852231502532959
0.27614474296569824
0.2920517921447754
0.4541800022125244
0.27962303161621094
0.40345025062561035
0.28841519355773926
0.3919789791107178
0.30496907234191895
0.27151989936828613
0.4563016891479492
0.32690000534057617
0.28394103050231934
0.29048609733581543
0.37894201278686523
0.3229837417602539
0.45846009254455566
0.3936190605163574
0.27776408195495605
0.5283560752868652
0.275238037109375
0.29227209091186523
0.2696568965911865
0.4750399589538574
0.282012939453125
0.38984107971191406
0.43555188179016113
0.28501176834106445
0.30033302307128906
0.3021657466888428
0.46272706985473633
0.29576897621154785
0.2592339515686035
0.396817684173584
0.2858591079711914
0.3279249668121338
0.37749695777893066
0.5217130184173584
0.36862611770629883
0.29183101654052734
0.4058959484100342
0.4439048767089844
0.5195651054382324
0.27722597122192383
0.31621313095092773
0.2867300510406494
0.3835771083831787
0.3377821445465088
0.26693296432495117
0.8095550537109375
0.348376989364624
0.2804379463195801
0.2645761966705322
0.47885918617248535
0.3207590579986572
0.2833549976348877
0.31705617904663086
0.41507720947265625
0.31267714500427246
0.44840502738952637
0.35643911361694336
0.2987511157989502
0.30782604217529297
0.39258503913879395
0.2892601490020752
0.2482128143310547
0.5953149795532227
0.34502601623535156
0.32469797134399414
0.378385066986084
0.30316996574401855
0.37481117248535156
0.3941009044647217
0.2712376117706299
0.30160999298095703
0.26662492752075195
0.38300395011901855
0.32031679153442383
0.46322011947631836
0.2403559684753418
0.2595100402832031
0.2921102046966553
0.4070580005645752
0.26350903511047363
0.3096749782562256
0.3095860481262207
0.38724613189697266
0.2757570743560791
0.2907590866088867
0.4556570053100586
0.33870887756347656
0.4670131206512451
0.3086240291595459
0.4092991352081299
0.2884860038757324
0.4214179515838623
0.24889302253723145
0.30912017822265625
0.4178009033203125
0.2526130676269531
0.3250138759613037
0.4985921382904053
0.2814018726348877
0.2702651023864746
0.33975982666015625
0.41161608695983887
0.3040142059326172
0.254871129989624
0.5368461608886719
0.30667710304260254
0.35799598693847656
0.44283175468444824
0.3343839645385742
0.26460790634155273
0.6498639583587646
0.4489870071411133
0.28356504440307617
0.5167670249938965
0.2993021011352539
0.4561936855316162
0.3211028575897217
0.41936302185058594
0.2891199588775635
0.2782909870147705
0.41416287422180176
0.5593791007995605
0.30670714378356934
0.4154629707336426
0.3012700080871582
0.4743170738220215
0.6367659568786621
0.45972704887390137
0.30429697036743164
0.4276909828186035
0.24269509315490723
0.3093140125274658
0.2759370803833008
0.384768009185791
0.28437113761901855
0.2854630947113037
0.2888028621673584
0.35487818717956543
0.3065922260284424
0.3160738945007324
0.3994269371032715
0.30959320068359375
0.48389601707458496
0.41837191581726074
0.32799506187438965
0.29370689392089844
0.3099491596221924
0.48267507553100586
0.26526808738708496
0.3002610206604004
0.43482089042663574
0.269118070602417
0.2877321243286133
0.43062496185302734
0.26099395751953125
0.253756046295166
0.39896082878112793
0.2765629291534424
0.2706000804901123
0.3241996765136719
0.39241600036621094
0.34380602836608887
0.5010735988616943
0.27361321449279785
0.28281474113464355
0.30396413803100586
0.3903670310974121
0.2991018295288086
0.264254093170166
0.555988073348999
0.3270988464355469
0.3416941165924072
0.2941622734069824
0.3747251033782959
0.29447317123413086
0.2776639461517334
0.4251091480255127
0.31194519996643066
0.2874879837036133
0.47897791862487793
0.3225700855255127
0.3122439384460449
0.44175291061401367
0.37445783615112305
0.3210747241973877
0.25333404541015625
0.4231910705566406
0.29390501976013184
0.43628406524658203
0.4194681644439697
0.27364468574523926
0.2844240665435791
0.4473409652709961
0.2568998336791992
0.39113497734069824
0.26705288887023926
0.4615969657897949
0.322005033493042
0.26265907287597656
0.38811802864074707
0.26799821853637695
0.26695919036865234
0.4605100154876709
0.290024995803833
0.33900022506713867
0.2710552215576172
0.49425816535949707
0.3491981029510498
0.3012681007385254
0.41449713706970215
0.4854898452758789
0.29412007331848145
0.5387270450592041
0.30313587188720703
0.30318498611450195
0.42473864555358887
0.3050699234008789
0.3638148307800293
0.28476881980895996
0.3998727798461914
0.3016660213470459
0.25301384925842285
0.39279603958129883
0.27980709075927734
0.25858020782470703
0.7193381786346436
0.2750680446624756
0.3718438148498535
0.3605809211730957
0.27665209770202637
0.3007850646972656
0.2877922058105469
0.3818330764770508
0.35344886779785156
0.317702054977417
0.579632043838501
0.3183870315551758
0.2892589569091797
0.2723519802093506
0.44275808334350586
0.2754509449005127
0.4233362674713135
0.2685689926147461
0.409743070602417
0.2999889850616455
0.4075169563293457
0.31037402153015137
0.35504913330078125
0.4956519603729248
0.32327699661254883
0.34804797172546387
0.427656888961792
0.2696800231933594
0.29613685607910156
0.44359517097473145
0.30550384521484375
0.43462300300598145
0.2953360080718994
0.3855557441711426
0.3733828067779541
0.3151381015777588
0.46252989768981934
0.26580309867858887
0.41666316986083984
0.31224584579467773
0.3145411014556885
0.26483988761901855
0.3866848945617676
0.2918059825897217
0.273500919342041
0.4319941997528076
0.2807488441467285
0.267362117767334
0.6920101642608643
0.26940107345581055
0.2620820999145508
0.5594918727874756
0.2867732048034668
0.3432340621948242
0.310164213180542
0.49499011039733887
0.2648332118988037
0.5943560600280762
0.27778196334838867
0.32680225372314453
0.2673158645629883
0.36898303031921387
0.2938089370727539
0.3928689956665039
0.5064132213592529
0.2726609706878662
0.27754712104797363
0.33946800231933594
0.38947510719299316
0.25284504890441895
0.2804429531097412
0.2868039608001709
0.5012550354003906
0.28765201568603516
0.28514695167541504
0.4315650463104248
0.36478686332702637
0.4424910545349121
0.39345693588256836
0.2704508304595947
0.5256190299987793
0.2786438465118408
0.7373631000518799
0.2756340503692627
0.3973510265350342
0.325685977935791
0.27732110023498535
0.38429903984069824
0.2864079475402832
0.2758631706237793
0.5335249900817871
0.28733277320861816
0.3197751045227051
0.26822805404663086
0.41482114791870117
0.30580687522888184
0.3174409866333008
0.4523928165435791
0.29992198944091797
0.29403185844421387
0.31537699699401855
0.41681599617004395
0.3124051094055176
0.4430570602416992
0.3120880126953125
0.3390481472015381
0.3273890018463135
0.4198780059814453
0.3745417594909668
0.29134607315063477
0.4873950481414795
0.43610167503356934
0.29717302322387695
0.39375805854797363
0.2820911407470703
0.2579810619354248
0.4723167419433594
0.30413103103637695
0.48416876792907715
0.2862420082092285
0.42139601707458496
0.2721858024597168
0.31513500213623047
0.4282686710357666
0.3017721176147461
0.43033504486083984
0.5422351360321045
0.35251307487487793
0.31382298469543457
0.4597759246826172
0.347531795501709
0.29540300369262695
0.27161097526550293
0.4012570381164551
0.2783191204071045
0.27704310417175293
0.4133939743041992
0.29621410369873047
0.300670862197876
0.2730100154876709
0.42374515533447266
0.2335970401763916
0.31397581100463867
0.4198489189147949
0.35974812507629395
0.2935221195220947
0.38005495071411133
0.3805422782897949
0.2636849880218506
0.40784525871276855
0.36811304092407227
0.25809407234191895
0.3799760341644287
0.30515313148498535
0.3144869804382324
0.6168320178985596
0.2872788906097412
0.33571290969848633
0.514411211013794
0.2620069980621338
0.2633240222930908
0.31047582626342773
0.4284322261810303
0.4053647518157959
0.3065500259399414
0.4107339382171631
0.316281795501709
0.31586217880249023
0.32637691497802734
0.38562798500061035
0.3318660259246826
0.308607816696167
0.3838019371032715
0.2973158359527588
0.30415797233581543
0.34671711921691895
0.28013110160827637
0.2909810543060303
0.3851330280303955
0.27545690536499023
0.274569034576416
0.41997408866882324
0.2906680107116699
0.3250010013580322
0.28026604652404785
0.4547278881072998
0.2552659511566162
0.39823007583618164
0.2734830379486084
0.392794132232666
0.9014859199523926
0.519768238067627
0.2644810676574707
0.3397181034088135
0.29876279830932617
0.3879990577697754
0.2727029323577881
0.3205850124359131
0.39786195755004883
0.27808690071105957
0.2976419925689697
0.5700640678405762
0.26520204544067383
0.2961719036102295
0.30206990242004395
0.3782210350036621
0.6344640254974365
0.3801238536834717
0.4194619655609131
0.2591671943664551
0.2945840358734131
0.2808568477630615
0.4138648509979248
0.30739808082580566
0.29758191108703613
0.48757004737854004
0.2891700267791748
0.3268461227416992
0.28418397903442383
0.45575714111328125
0.29589414596557617
0.25968003273010254
0.43485593795776367
0.31783103942871094
0.26419901847839355
0.6652731895446777
0.29408907890319824
0.3962712287902832
0.27990174293518066
0.40003013610839844
0.3506941795349121
0.5249030590057373
0.2714669704437256
0.3932769298553467
0.3052089214324951
0.39811205863952637
0.27376389503479004
0.2770049571990967
0.3606557846069336
0.2902810573577881
0.3942229747772217
0.47107386589050293
0.2628350257873535
0.2976400852203369
0.4133720397949219
0.2838900089263916
0.3210029602050781
0.2858281135559082
0.4237709045410156
0.30942320823669434
0.3102231025695801
0.4326300621032715
0.2920410633087158
0.30272507667541504
0.39286017417907715
0.2944209575653076
0.3102889060974121
0.4321920871734619
0.30263781547546387
0.27161717414855957
0.45284581184387207
0.31683897972106934
0.3158690929412842
0.2881498336791992
0.42245006561279297
0.31627416610717773
0.42486119270324707
0.2893979549407959
0.26153087615966797
0.28711891174316406
0.538118839263916
0.5508718490600586
0.25915002822875977
0.3783879280090332
0.31470584869384766
0.2684061527252197
0.4312310218811035
0.2908658981323242
0.3403017520904541
0.522254228591919
0.37374210357666016
0.29311299324035645
0.3776257038116455
0.2781219482421875
0.30636119842529297
0.2713508605957031
0.402630090713501
0.3110790252685547
0.40561795234680176
0.41480088233947754
0.33651208877563477
0.368725061416626
0.4023730754852295
0.28815603256225586
0.34420323371887207
0.2624030113220215
0.41373467445373535
0.2957489490509033
0.281160831451416
0.43013906478881836
0.2837860584259033
0.2839531898498535
0.3371591567993164
0.4647810459136963
0.2686300277709961
0.46563100814819336
0.2812330722808838
0.2814218997955322
0.25656795501708984
0.3710310459136963
0.24746298789978027
0.27365899085998535
0.314011812210083
0.4213142395019531
0.30521106719970703
0.5271580219268799
0.2879519462585449
0.2558770179748535
0.31876516342163086
0.43909597396850586
0.24495887756347656
0.3270747661590576
0.4343249797821045
0.28983068466186523
0.33335304260253906
0.43063998222351074
0.2695651054382324
0.25812196731567383
0.27767419815063477
0.4039270877838135
0.3318309783935547
0.32918691635131836
0.4382779598236084
0.2624547481536865
0.2498619556427002
0.2858567237854004
0.36184024810791016
0.28441405296325684
0.28534698486328125
0.4064459800720215
0.5219416618347168
0.3498649597167969
0.4169619083404541
0.2936060428619385
0.34894561767578125
0.4486708641052246
0.4509398937225342
0.2792220115661621
0.4793989658355713
0.2808380126953125
0.28786611557006836
0.4646768569946289
0.2792947292327881
0.4036111831665039
0.46115875244140625
0.30410313606262207
0.3927900791168213
0.4205341339111328
0.29782605171203613
0.3055121898651123
0.32617902755737305
0.40750598907470703
0.27657508850097656
0.31969404220581055
0.4612441062927246
0.31867384910583496
0.29823803901672363
0.3906288146972656
0.2596731185913086
0.2903170585632324
0.5618579387664795
0.27269697189331055
0.273953914642334
0.4066948890686035
0.3053760528564453
0.29357266426086426
0.4413778781890869
0.2605907917022705
0.30507516860961914
0.2587709426879883
0.3848562240600586
0.27991509437561035
0.4019660949707031
0.3797781467437744
0.3513009548187256
0.2621901035308838
0.4446258544921875
0.2617330551147461
0.29591822624206543
0.24902701377868652
0.4057168960571289
0.312363862991333
0.29163289070129395
0.4057018756866455
0.3398170471191406
0.2855091094970703
0.26764893531799316
0.5073568820953369
0.2857511043548584
0.4097769260406494
0.2459120750427246
0.2815268039703369
0.45708298683166504
0.3108386993408203
0.2991831302642822
0.2772219181060791
0.3771078586578369
0.2600560188293457
0.29900407791137695
0.4256610870361328
0.2628140449523926
0.26624178886413574
0.27885890007019043
0.3591642379760742
0.28128600120544434
0.301149845123291
0.3506159782409668
0.28060388565063477
0.4490838050842285
0.28157997131347656
0.27204012870788574
0.5108382701873779
0.2698698043823242
0.25691914558410645
0.2817678451538086
0.42986083030700684
0.314877986907959
0.27554893493652344
0.3995530605316162
0.25235509872436523
0.32872796058654785
0.2497577667236328
0.41254210472106934
0.2630960941314697
0.3194088935852051
0.5398321151733398
0.2690589427947998
0.2952878475189209
0.2843790054321289
0.35993289947509766
0.29830408096313477
0.38562917709350586
0.39974212646484375
0.2385878562927246
0.4555680751800537
0.2984018325805664
0.24262094497680664
0.26616811752319336
0.3841979503631592
0.3094758987426758
0.33976292610168457
0.3711850643157959
0.354478120803833
0.3020200729370117
0.4605128765106201
0.2898120880126953
0.2799961566925049
0.4514148235321045
0.2523000240325928
0.5280041694641113
0.2833240032196045
0.3718299865722656
0.2928318977355957
0.30497002601623535
0.490231990814209
0.24875807762145996
0.3162720203399658
0.29242897033691406
0.33257198333740234
0.2473888397216797
0.31396913528442383
0.4128451347351074
0.2595970630645752
0.28342103958129883
0.3593578338623047
0.279818058013916
0.22733402252197266
0.4263169765472412
0.30952000617980957
0.3528900146484375
0.5530481338500977
0.3574519157409668
0.2516300678253174
0.29321813583374023
0.35621213912963867
0.31609106063842773
0.31593990325927734
0.46373915672302246
0.3062906265258789
0.5059549808502197
0.27759623527526855
0.2796452045440674
0.31755900382995605
0.4312000274658203
0.2618567943572998
0.2832481861114502
0.4506058692932129
0.24537110328674316
0.27681803703308105
0.3477809429168701
0.37599706649780273
0.264603853225708
0.380842924118042
0.2806110382080078
0.281343936920166
0.3809211254119873
0.30988526344299316
0.2604410648345947
0.2920670509338379
0.38048791885375977
0.2867298126220703
0.49054408073425293
0.26859378814697266
0.2657461166381836
0.3134651184082031
0.4761669635772705
0.6419479846954346
0.26173901557922363
0.45188307762145996
0.32735109329223633
0.25893616676330566
0.4253549575805664
0.30641794204711914
0.32525062561035156
0.3151590824127197
0.4315989017486572
0.2787811756134033
0.5804309844970703
0.27753710746765137
0.4243922233581543
0.27982068061828613
0.4236290454864502
0.2917492389678955
0.3357198238372803
0.42648863792419434
0.3000612258911133
0.27687597274780273
0.43458986282348633
0.34793806076049805
0.349945068359375
0.3002159595489502
0.35505104064941406
0.24349713325500488
0.2563350200653076
0.43608880043029785
0.4353358745574951
0.2770650386810303
0.5446150302886963
0.27304792404174805
0.27237606048583984
0.2852752208709717
0.37615394592285156
0.300335168838501
0.36446213722229004
0.5670030117034912
0.2501540184020996
0.28956007957458496
0.38488197326660156
0.2516500949859619
0.3695371150970459
0.25721001625061035
0.42174196243286133
0.250551700592041
0.5461111068725586
0.4092988967895508
0.45885276794433594
0.3010830879211426
0.3820490837097168
0.28017210960388184
0.2812080383300781
0.4912388324737549
0.28137683868408203
0.3588898181915283
0.5362057685852051
0.36606407165527344
0.26818227767944336
0.2852342128753662
0.8604922294616699
0.27315402030944824
0.27809691429138184
0.4070601463317871
0.3243410587310791
0.35225605964660645
0.3023202419281006
0.3867311477661133
0.3050670623779297
0.27008605003356934
0.42721986770629883
0.2857520580291748
0.3754730224609375
0.2683839797973633
0.40555787086486816
0.3477640151977539
0.3135230541229248
0.4589660167694092
0.2736091613769531
0.2502748966217041
0.4178180694580078
0.2544820308685303
0.2849390506744385
0.2602360248565674
0.3476901054382324
0.29329395294189453
0.43279314041137695
0.2879149913787842
0.260023832321167
0.2679758071899414
0.4089081287384033
0.2644648551940918
0.28637123107910156
0.39121103286743164
0.25705409049987793
0.2696552276611328
0.2840280532836914
0.41824889183044434
0.39162492752075195
0.2776529788970947
0.5289669036865234
0.2726418972015381
0.29342007637023926
0.45095205307006836
0.3342461585998535
0.3094618320465088
0.27147889137268066
0.41984081268310547
0.2655930519104004
0.28595495223999023
0.40401387214660645
0.2730588912963867
0.32421302795410156
0.3840618133544922
0.3375279903411865
0.2805969715118408
0.5037689208984375
0.34873008728027344
0.3149850368499756
0.33139777183532715
0.42380309104919434
0.28533411026000977
0.2967689037322998
0.3356461524963379
0.3175008296966553
0.2750511169433594
0.3731989860534668
0.24976611137390137
0.3306581974029541
0.592315673828125
0.3086841106414795
0.2861618995666504
0.3593180179595947
0.4362490177154541
0.3378431797027588
0.27496814727783203
0.3423750400543213
0.2809767723083496
0.2449800968170166
0.38707494735717773
0.23661184310913086
0.2807426452636719
0.4021461009979248
0.2429208755493164
0.26020312309265137
0.2636430263519287
0.399738073348999
0.3826141357421875
0.2845890522003174
0.4156012535095215
0.37246012687683105
0.26401495933532715
0.29100465774536133
0.3450009822845459
0.334475040435791
0.4024641513824463
0.30454516410827637
0.30225491523742676
0.32956910133361816
0.3531060218811035
0.41118907928466797
0.4400928020477295
0.2406930923461914
0.285722017288208
0.40488171577453613
0.3644530773162842
0.3095839023590088
0.2815229892730713
0.3910350799560547
0.3174631595611572
0.2645599842071533
0.5317881107330322
0.28836607933044434
0.2618582248687744
0.28656792640686035
0.36530303955078125
0.2907240390777588
0.27721309661865234
0.42496705055236816
0.2592489719390869
0.31049323081970215
0.4163477420806885
0.2906758785247803
0.2596008777618408
0.285336971282959
0.40076494216918945
0.2865140438079834
0.28748178482055664
0.3988618850708008
0.2565140724182129
0.35666394233703613
0.4399709701538086
0.2474830150604248
0.2668039798736572
0.7710399627685547
0.2895350456237793
0.30979204177856445
0.3023049831390381
0.5783491134643555
0.310697078704834
0.38849592208862305
0.29651618003845215
0.24994611740112305
0.28313112258911133
0.4133310317993164
0.28970813751220703
0.3424530029296875
0.4060862064361572
0.258281946182251
0.29023313522338867
0.2905611991882324
0.4031250476837158
0.2665870189666748
0.26654696464538574
0.42294788360595703
0.2662951946258545
0.3090341091156006
0.3466520309448242
0.35172200202941895
0.27098870277404785
0.2406151294708252
0.41106605529785156
0.318087100982666
0.28177785873413086
0.3080930709838867
0.3533899784088135
0.2827022075653076
0.28302001953125
0.3750569820404053
0.35990285873413086
0.31412506103515625
0.4213879108428955
0.31265902519226074
0.5234911441802979
0.44565415382385254
0.2911670207977295
0.2586510181427002
0.4090840816497803
0.2658200263977051
0.293346643447876
0.29891490936279297
0.3958320617675781
0.3157799243927002
0.291370153427124
0.3545420169830322
0.28849291801452637
0.3866407871246338
0.39121007919311523
0.27599000930786133
0.32700586318969727
0.30038881301879883
0.39787769317626953
0.2673048973083496
0.2497570514678955
0.35939598083496094
0.4126291275024414
0.27120184898376465
0.2674441337585449
0.4195988178253174
0.31569814682006836
0.2426760196685791
0.38614320755004883
0.28719496726989746
0.3014559745788574
0.41184496879577637
0.30956411361694336
0.2657349109649658
0.3231010437011719
0.3988509178161621
0.29114413261413574
0.2823190689086914
0.3036649227142334
0.35262298583984375
0.36480283737182617
0.5788969993591309
0.27052903175354004
0.3269639015197754
0.29499316215515137
0.38881707191467285
0.29735779762268066
0.42261505126953125
0.34908509254455566
0.2601449489593506
0.3131859302520752
0.39777588844299316
0.3150620460510254
0.3785121440887451
0.4050440788269043
0.27897191047668457
0.3333859443664551
0.3708949089050293
0.3535151481628418
0.2631876468658447
0.27879810333251953
0.36441588401794434
0.2712209224700928
0.30595898628234863
0.40833401679992676
0.2836151123046875
0.33071398735046387
0.2921888828277588
0.46907997131347656
0.36211323738098145
0.34513282775878906
0.39782118797302246
0.2515091896057129
0.2805449962615967
0.42634105682373047
0.29859018325805664
0.27621006965637207
0.4578580856323242
0.30651426315307617
0.2861480712890625
0.33692002296447754
0.39087605476379395
0.2782318592071533
0.30087900161743164
0.37293195724487305
0.28214073181152344
0.2734639644622803
0.6905312538146973
0.27153515815734863
0.2786877155303955
0.39522576332092285
0.2742490768432617
0.2674288749694824
0.4571390151977539
0.28450870513916016
0.26848602294921875
0.3113720417022705
0.40642499923706055
0.3161137104034424
0.3807530403137207
0.37485289573669434
0.27340006828308105
0.2956550121307373
0.298583984375
0.42353105545043945
0.37327003479003906
0.42766809463500977
0.33124589920043945
0.38749194145202637
0.4485359191894531
0.27373385429382324
0.3445460796356201
0.2717888355255127
0.3757197856903076
0.3612790107727051
0.5498006343841553
0.27404093742370605
0.2934842109680176
0.34232425689697266
0.4062011241912842
0.3337070941925049
0.3094208240509033
0.38997793197631836
0.3204348087310791
0.46604013442993164
0.37822699546813965
0.359464168548584
0.43665194511413574
0.318634033203125
0.27730584144592285
0.3213498592376709
0.42450976371765137
0.2829880714416504
0.8477838039398193
0.33581113815307617
0.279695987701416
0.3276231288909912
0.41574716567993164
0.28539299964904785
0.356935977935791
0.36626696586608887
0.2791891098022461
0.2984161376953125
0.2886478900909424
0.44601917266845703
0.2997250556945801
0.3449971675872803
0.4122469425201416
0.3371012210845947
0.28422117233276367
0.561039924621582
0.30922603607177734
0.35188913345336914
0.3199801445007324
0.459244966506958
0.27177906036376953
0.30591297149658203
0.4404871463775635
0.4208700656890869
0.29357099533081055
0.3798384666442871
0.2850990295410156
0.26706886291503906
0.2734527587890625
0.7623591423034668
0.26256227493286133
0.29125285148620605
0.4305887222290039
0.7790000438690186
0.24982118606567383
0.28085803985595703
0.393402099609375
0.3060910701751709
0.2593238353729248
0.427095890045166
0.31251096725463867
0.2698028087615967
0.2688448429107666
0.37772178649902344
0.4517338275909424
0.25742506980895996
0.43878602981567383
0.27382397651672363
0.26634907722473145
0.442824125289917
0.3192908763885498
0.25664210319519043
0.25515294075012207
0.43641090393066406
0.2957437038421631
0.270111083984375
0.2736392021179199
0.3840029239654541
0.289931058883667
0.3148031234741211
0.3545868396759033
0.2711679935455322
0.28762316703796387
0.39858198165893555
0.26641201972961426
0.377640962600708
0.46687769889831543
0.5574789047241211
0.2694268226623535
0.2913961410522461
0.4255828857421875
0.32214784622192383
0.2779576778411865
0.49416160583496094
0.29139184951782227
0.3136320114135742
0.5093212127685547
0.2666778564453125
0.32149720191955566
0.28927087783813477
0.36762285232543945
0.2765231132507324
0.284243106842041
0.5269720554351807
0.2947728633880615
0.2903158664703369
0.3022339344024658
0.39197802543640137
0.2541999816894531
0.2989647388458252
0.45330095291137695
0.26826024055480957
0.28948497772216797
0.3466150760650635
0.3356289863586426
0.29802775382995605
0.2658689022064209
0.41895413398742676
0.30904603004455566
0.2844979763031006
0.3993561267852783
0.29615092277526855
0.28804588317871094
0.4705660343170166
0.28424906730651855
0.3119499683380127
0.37031102180480957
0.31502509117126465
0.33074092864990234
0.5047478675842285
0.34345102310180664
0.43587303161621094
0.25377917289733887
0.27661800384521484
0.3615150451660156
0.42267322540283203
0.27059507369995117
0.2760770320892334
0.41356515884399414
0.3049490451812744
0.2767491340637207
0.27179384231567383
0.44228506088256836
0.3561058044433594
0.26401209831237793
0.2881581783294678
0.38302111625671387
0.32459115982055664
0.280379056930542
0.4287419319152832
0.3773508071899414
0.313931941986084
0.422698974609375
0.2941622734069824
0.3204619884490967
0.4308161735534668
0.28214406967163086
0.33704376220703125
0.3179941177368164
0.3635408878326416
0.28996706008911133
0.4723842144012451
0.2719900608062744
0.28620100021362305
0.30292701721191406
0.39531469345092773
0.3384060859680176
0.30883169174194336
0.4310619831085205
0.24671316146850586
0.27094101905822754
0.3983337879180908
0.3146548271179199
0.27222299575805664
0.57961106300354
0.2976868152618408
0.35465097427368164
0.28070497512817383
0.39868998527526855
0.2344510555267334
0.2865571975708008
0.4417710304260254
0.34708595275878906
0.30587315559387207
0.2790799140930176
0.41083788871765137
0.2846949100494385
0.30510592460632324
0.4185221195220947
0.25922608375549316
0.24903416633605957
0.2625741958618164
0.4403250217437744
0.30893707275390625
0.2917029857635498
0.4444551467895508
0.2747931480407715
0.29036498069763184
0.39009666442871094
0.2560861110687256
0.2958989143371582
0.348952054977417
0.4382331371307373
0.34667015075683594
0.3150289058685303
0.4754049777984619
0.3111739158630371
0.2689197063446045
0.42374300956726074
0.306441068649292
0.24963593482971191
0.32275891304016113
0.3631319999694824
0.2593100070953369
0.2792179584503174
0.4147031307220459
0.24233603477478027
0.3524038791656494
0.41657590866088867
0.28402113914489746
0.3934760093688965
0.4946169853210449
0.3503081798553467
0.2609241008758545
0.8573930263519287
0.3802337646484375
0.29425501823425293
0.47436022758483887
0.2579209804534912
0.27098798751831055
0.2769780158996582
0.37788891792297363
0.25165867805480957
0.6967999935150146
0.30764222145080566
0.3741326332092285
0.2692430019378662
0.2558619976043701
0.5024869441986084
0.25325512886047363
0.25865602493286133
0.27440524101257324
0.42842769622802734
0.27834486961364746
0.2669649124145508
0.38730311393737793
0.31320691108703613
0.26770710945129395
0.27161717414855957
0.3659498691558838
0.3023068904876709
0.2636070251464844
0.3797118663787842
0.3019580841064453
0.2912740707397461
0.38995885848999023
0.28029608726501465
0.3298656940460205
0.2916591167449951
0.4269099235534668
0.31561875343322754
0.4226059913635254
0.3812587261199951
0.30684494972229004
0.2883138656616211
0.28319501876831055
0.4016430377960205
0.29831409454345703
0.3433809280395508
0.379626989364624
0.26790904998779297
0.2547800540924072
0.3157970905303955
0.41076111793518066
0.2731499671936035
0.4266631603240967
0.3051590919494629
0.36658501625061035
0.4480171203613281
0.2801380157470703
0.28067803382873535
0.3402218818664551
0.454193115234375
0.24589300155639648
0.2653200626373291
0.41159772872924805
0.31961703300476074
0.28517699241638184
0.4969820976257324
0.2768430709838867
0.3007340431213379
0.3222637176513672
0.41158294677734375
0.28663086891174316
0.2943758964538574
0.6407830715179443
0.29764413833618164
0.3777031898498535
0.3274500370025635
0.26467084884643555
0.44284915924072266
0.3374512195587158
0.2401900291442871
0.30398082733154297
0.4162006378173828
0.24813103675842285
0.26055097579956055
0.576427698135376
0.3302011489868164
0.2474970817565918
0.41120100021362305
0.2594587802886963
0.29230189323425293
0.2863011360168457
0.38895106315612793
0.3326900005340576
0.30407071113586426
0.47129201889038086
0.2989957332611084
0.3295109272003174
0.44560694694519043
0.25143909454345703
0.2648332118988037
0.3505110740661621
0.3659541606903076
0.2820398807525635
0.320725679397583
0.40273618698120117
0.5174930095672607
0.39017701148986816
0.5112128257751465
0.3092529773712158
0.30548787117004395
0.4512619972229004
0.28705501556396484
0.27199411392211914
0.26091790199279785
0.38867783546447754
0.33092784881591797
0.27854180335998535
0.40775394439697266
0.26489710807800293
0.27274203300476074
0.412492036819458
0.305419921875
0.29108119010925293
0.2876560688018799
0.4089391231536865
0.28621602058410645
0.2679169178009033
0.39714598655700684
0.28699302673339844
0.3064591884613037
0.5324678421020508
0.29975390434265137
0.2825002670288086
0.2856559753417969
0.43204498291015625
0.2725210189819336
0.25899696350097656
0.39942407608032227
0.29093289375305176
0.27350807189941406
0.3022639751434326
0.43398594856262207
0.30563807487487793
0.29940104484558105
0.4364039897918701
0.3129770755767822
0.29564404487609863
0.4120371341705322
0.24675202369689941
0.3374760150909424
0.5410418510437012
0.2668149471282959
0.26316094398498535
0.4150400161743164
0.3161039352416992
0.284473180770874
0.4087820053100586
0.37512993812561035
0.28067898750305176
0.4574739933013916
0.2764320373535156
0.30373096466064453
0.2685980796813965
0.37668585777282715
0.27935099601745605
0.3030538558959961
0.468080997467041
0.30317091941833496
0.34587693214416504
0.4004678726196289
0.2707531452178955
0.3428478240966797
0.3086280822753906
0.3898470401763916
0.28405094146728516
0.3184010982513428
0.41192626953125
0.47809767723083496
0.29005908966064453
0.39404916763305664
0.2701430320739746
0.321502685546875
0.4146711826324463
0.30582308769226074
0.2750668525695801
0.27199721336364746
0.4069080352783203
0.3149240016937256
0.27551817893981934
0.4432380199432373
0.28920602798461914
0.3091740608215332
0.2591860294342041
0.4172792434692383
0.5357990264892578
0.3048548698425293
0.41519689559936523
0.3379960060119629
0.42873501777648926
0.27155494689941406
0.39522814750671387
0.28319716453552246
0.31266021728515625
0.39939188957214355
0.301044225692749
0.4491281509399414
0.2850821018218994
0.43617987632751465
0.30088019371032715
0.39672207832336426
0.2653517723083496
0.4589869976043701
0.28707218170166016
0.24320101737976074
0.3401017189025879
0.416532039642334
0.3103501796722412
0.40137195587158203
0.27568602561950684
0.2883579730987549
0.27292704582214355
0.36400794982910156
0.2976341247558594
0.31742000579833984
0.2704958915710449
0.435028076171875
0.27225184440612793
0.27012109756469727
0.5531609058380127
0.31315183639526367
0.2706151008605957
0.5879251956939697
0.2770650386810303
0.2722949981689453
0.48049187660217285
0.40238308906555176
0.27858805656433105
0.4385800361633301
0.2675650119781494
0.3168318271636963
0.27608704566955566
0.4425039291381836
0.3097209930419922
0.3312649726867676
0.4235420227050781
0.2741830348968506
0.23766708374023438
0.2771022319793701
0.43405699729919434
0.3056831359863281
0.3055140972137451
0.43921899795532227
0.26686716079711914
0.27835679054260254
0.6634361743927002
0.3113081455230713
0.2576117515563965
0.28192996978759766
0.48781609535217285
0.30538201332092285
0.3408021926879883
0.37646913528442383
0.30500006675720215
0.5055680274963379
0.3009021282196045
0.29666709899902344
0.2882511615753174
0.4281790256500244
0.3723139762878418
0.41848087310791016
0.5132040977478027
0.28673410415649414
0.4725339412689209
0.4238889217376709
0.2735459804534912
0.2883930206298828
0.9832320213317871
0.313493013381958
0.39282989501953125
0.44148993492126465
0.35445690155029297
0.3024787902832031
0.33775901794433594
0.37480592727661133
0.3228731155395508
0.44950103759765625
0.28906989097595215
0.24243402481079102
0.2702009677886963
0.38832712173461914
0.32250022888183594
0.30092787742614746
0.45623183250427246
0.2963848114013672
0.31346917152404785
0.3028998374938965
0.44173574447631836
0.3758211135864258
0.3802361488342285
0.4019498825073242
0.29986119270324707
0.25072407722473145
0.3969240188598633
0.3745710849761963
0.3092350959777832
0.30584216117858887
0.4897918701171875
0.29436397552490234
0.5166451930999756
0.35761499404907227
0.34700870513916016
0.27017784118652344
0.37302684783935547
0.2904181480407715
0.2433772087097168
0.3686859607696533
0.3156590461730957
0.43015503883361816
