0.00453495979309082
0.013297080993652344
0.014373064041137695
0.012040853500366211
0.013891935348510742
0.01187586784362793
0.014497995376586914
0.012838125228881836
0.014832019805908203
0.013575077056884766
0.013767004013061523
0.007541179656982422
0.01123809814453125
0.009306907653808594
0.014418840408325195
0.008996963500976562
0.012154817581176758
0.012192010879516602
0.009823083877563477
0.010581016540527344
0.01230311393737793
0.012877941131591797
0.012298107147216797
0.012209892272949219
0.0061910152435302734
0.01232290267944336
0.016911983489990234
0.00972294807434082
0.013869047164916992
0.011540889739990234
0.0063610076904296875
0.01412510871887207
0.0097198486328125
0.013156890869140625
0.013139963150024414
0.01471710205078125
0.014128923416137695
0.011123180389404297
0.007727146148681641
0.0038421154022216797
0.010467052459716797
0.010841846466064453
0.01404714584350586
0.009493827819824219
0.010010004043579102
0.01610398292541504
0.015424966812133789
0.012377023696899414
0.01564192771911621
0.009268045425415039
0.014582157135009766
0.014636039733886719
0.015587806701660156
0.01176595687866211
0.01324009895324707
0.00951385498046875
0.013397932052612305
0.01359105110168457
0.005352973937988281
0.0033597946166992188
0.00799703598022461
0.013717889785766602
0.015237092971801758
0.008411884307861328
0.008903026580810547
0.010497093200683594
0.0074498653411865234
0.00450897216796875
0.003922939300537109
0.010524988174438477
0.010000944137573242
0.01683974266052246
0.01049184799194336
0.01206827163696289
0.014911890029907227
0.013514995574951172
0.009918928146362305
0.013792991638183594
0.015666961669921875
0.006829977035522461
0.006432056427001953
0.003319978713989258
0.014109134674072266
0.008436918258666992
0.0039310455322265625
0.006481170654296875
0.009037971496582031
0.01124262809753418
0.011634111404418945
0.011358976364135742
0.012624979019165039
0.011627912521362305
0.012551069259643555
0.010174036026000977
0.008152008056640625
0.010353803634643555
0.014497995376586914
0.014483928680419922
0.012366056442260742
0.010526895523071289
0.011909008026123047
0.0063669681549072266
0.004934072494506836
0.014655113220214844
0.01328420639038086
0.010814905166625977
0.009347915649414062
0.01740717887878418
0.01469111442565918
0.013766050338745117
0.014308929443359375
0.014195919036865234
0.01566004753112793
0.017864704132080078
0.014362096786499023
0.015980005264282227
0.015396833419799805
0.014441967010498047
0.013002872467041016
0.014858007431030273
0.012852907180786133
0.015111923217773438
0.01656794548034668
0.013551950454711914
0.015636205673217773
0.00947880744934082
0.009370088577270508
0.01828598976135254
0.014892816543579102
0.01352691650390625
0.014068126678466797
0.012667179107666016
0.011827945709228516
0.013596773147583008
0.0066068172454833984
0.005316972732543945
0.015334129333496094
0.01696491241455078
0.015321016311645508
0.01590704917907715
0.00630497932434082
0.006722211837768555
0.006646871566772461
0.006315946578979492
0.0068051815032958984
0.0034699440002441406
0.011399984359741211
0.014180898666381836
0.014970064163208008
0.01493692398071289
0.00615692138671875
0.010043859481811523
0.0062160491943359375
0.004225969314575195
0.004431009292602539
0.003554821014404297
0.013496875762939453
0.01753687858581543
0.013672828674316406
0.014861106872558594
0.008511066436767578
0.019736051559448242
0.01512765884399414
0.013604879379272461
0.007463932037353516
0.00465703010559082
0.01102900505065918
0.016028165817260742
0.010429143905639648
0.009324073791503906
0.016088008880615234
0.014140129089355469
0.011796951293945312
0.016726970672607422
0.0108489990234375
0.010257244110107422
0.008463144302368164
0.012017965316772461
0.006211996078491211
0.009788036346435547
0.009870052337646484
0.010937929153442383
0.013775110244750977
0.013880014419555664
0.015607833862304688
0.01496124267578125
0.014824867248535156
0.014487028121948242
0.009569883346557617
0.0064280033111572266
0.013810873031616211
0.01581096649169922
0.012115001678466797
0.01454615592956543
0.013806819915771484
0.008599996566772461
0.014935970306396484
0.015195846557617188
0.008438825607299805
0.006615161895751953
0.007576942443847656
0.009226083755493164
0.012398004531860352
0.011586904525756836
0.016331911087036133
0.013028860092163086
0.012803077697753906
0.015562057495117188
0.012525081634521484
0.014885187149047852
0.01601886749267578
0.013339996337890625
0.014473915100097656
0.013839006423950195
0.011950016021728516
0.012428998947143555
0.011397123336791992
0.01032400131225586
0.013217926025390625
0.009178876876831055
0.013007879257202148
0.014896154403686523
0.013048887252807617
0.013891935348510742
0.0068721771240234375
0.0064849853515625
0.00443720817565918
0.004750967025756836
0.003993034362792969
0.009031057357788086
0.0059528350830078125
0.0036737918853759766
0.011193037033081055
0.01594710350036621
0.011111021041870117
0.01406407356262207
0.011252880096435547
0.013377904891967773
0.015089035034179688
0.014045953750610352
0.006165027618408203
0.008751153945922852
0.007143974304199219
0.003939151763916016
0.01252889633178711
0.012995004653930664
0.012753963470458984
0.013880014419555664
0.00899195671081543
0.014455080032348633
0.008414030075073242
0.0051648616790771484
0.0042209625244140625
0.003773212432861328
0.00804901123046875
0.008955955505371094
0.009427785873413086
0.010079145431518555
0.008600950241088867
0.007458925247192383
0.009718179702758789
0.010720014572143555
0.017529010772705078
0.010318994522094727
0.009441137313842773
0.015771865844726562
0.016216039657592773
0.009263038635253906
0.010490179061889648
0.012563943862915039
0.014629125595092773
0.008723974227905273
0.010238170623779297
0.01540684700012207
0.013895988464355469
0.014062881469726562
0.015243053436279297
0.016505002975463867
0.012688875198364258
0.015437841415405273
0.01175689697265625
0.012015104293823242
0.005656003952026367
0.0037779808044433594
0.00993204116821289
0.011784076690673828
0.008655071258544922
0.014580011367797852
0.006147861480712891
0.004678010940551758
0.004317045211791992
0.003763914108276367
0.0037429332733154297
0.010178089141845703
0.008727073669433594
0.01046299934387207
0.015717029571533203
0.014473915100097656
0.009711980819702148
0.009122133255004883
0.010046005249023438
0.015028953552246094
0.014067888259887695
0.01364588737487793
0.016319990158081055
0.013145923614501953
0.015312910079956055
0.009813785552978516
0.011634111404418945
0.012300968170166016
0.00834512710571289
0.003930091857910156
0.005759000778198242
0.0045969486236572266
0.006070137023925781
0.004867076873779297
0.003484964370727539
0.013993024826049805
0.01197504997253418
0.012351036071777344
0.0150299072265625
0.011818885803222656
0.011972904205322266
0.010026931762695312
0.01077890396118164
0.008970975875854492
0.01589488983154297
0.007032155990600586
0.013118982315063477
0.011787891387939453
0.014666080474853516
0.012756109237670898
0.01661086082458496
0.012644052505493164
0.014756917953491211
0.015317201614379883
0.009808063507080078
0.009377717971801758
0.01685190200805664
0.007028102874755859
0.013049840927124023
0.016113996505737305
0.015048742294311523
0.014117956161499023
0.015622138977050781
0.006137847900390625
0.014770984649658203
0.00687408447265625
0.00518798828125
0.0068700313568115234
0.01302194595336914
0.008209943771362305
0.008686065673828125
0.013288736343383789
0.012896060943603516
0.009485006332397461
0.012309074401855469
0.01328587532043457
0.011752843856811523
0.011891841888427734
0.013559103012084961
0.005569934844970703
0.012899160385131836
0.010026931762695312
0.013673067092895508
0.01592087745666504
0.006385087966918945
0.0036468505859375
0.013522148132324219
0.01135396957397461
0.013725042343139648
0.01073908805847168
0.01054692268371582
0.014573097229003906
0.010138988494873047
0.009361982345581055
0.008092164993286133
0.016123056411743164
0.012871026992797852
0.010598897933959961
0.010044097900390625
0.012141942977905273
0.01622605323791504
0.015136003494262695
0.014256000518798828
0.015311002731323242
0.014191865921020508
0.014158964157104492
0.015258073806762695
0.013731956481933594
0.014175891876220703
0.008337020874023438
0.013164043426513672
0.015685081481933594
0.01673102378845215
0.009616851806640625
0.011469841003417969
0.01302790641784668
0.013993978500366211
0.01687002182006836
0.014072895050048828
0.00952291488647461
0.015671968460083008
0.007637977600097656
0.01473093032836914
0.013735055923461914
0.015942811965942383
0.01488184928894043
0.014138936996459961
0.011952877044677734
0.014374017715454102
0.01287388801574707
0.013151168823242188
0.010724067687988281
0.0047760009765625
0.003495931625366211
0.009538888931274414
0.005727052688598633
0.017056941986083984
0.008526086807250977
0.012847185134887695
0.010455131530761719
0.01654505729675293
0.014331817626953125
0.01671600341796875
0.013326168060302734
0.013534069061279297
0.011210918426513672
0.015084028244018555
0.012029886245727539
0.010668039321899414
0.013139009475708008
0.010206937789916992
0.01254892349243164
0.008168935775756836
0.004392862319946289
0.004146099090576172
0.009464025497436523
0.010390996932983398
0.01091909408569336
0.008665800094604492
0.008301973342895508
0.00568699836730957
0.011431217193603516
0.010527849197387695
0.016358137130737305
0.019328832626342773
0.007907867431640625
0.016447067260742188
0.012969970703125
0.014124870300292969
0.010172843933105469
0.013096094131469727
0.012395143508911133
0.01121377944946289
0.008823871612548828
0.013692855834960938
0.011288166046142578
0.009061098098754883
0.014139890670776367
0.01470494270324707
0.007575035095214844
0.009852886199951172
0.0048961639404296875
0.006081104278564453
0.004603862762451172
0.003693103790283203
0.005316019058227539
0.003667116165161133
0.01565384864807129
0.012718915939331055
0.012700080871582031
0.014127969741821289
0.009809017181396484
0.005024909973144531
0.014842987060546875
0.011494874954223633
0.0134429931640625
0.01595020294189453
0.014084100723266602
0.016701221466064453
0.010879993438720703
0.009869098663330078
0.015022039413452148
0.013606071472167969
0.008581876754760742
0.014868974685668945
0.012742042541503906
0.013039112091064453
0.013222932815551758
0.012164831161499023
0.013214111328125
0.01695108413696289
0.015516996383666992
0.012609004974365234
0.015171051025390625
0.012371063232421875
0.014320135116577148
0.011546611785888672
0.012946844100952148
0.012066125869750977
0.009881973266601562
0.010355949401855469
0.01779794692993164
0.015797853469848633
0.012239933013916016
0.012051820755004883
0.015429973602294922
0.016556978225708008
0.017928123474121094
0.013492107391357422
0.013601064682006836
0.012696981430053711
0.010924100875854492
0.005321979522705078
0.006852149963378906
0.003906965255737305
0.010693073272705078
0.008660078048706055
0.014600038528442383
0.012527942657470703
0.014219999313354492
0.00923299789428711
0.01363515853881836
0.014252185821533203
0.01477193832397461
0.012373924255371094
0.011503934860229492
0.00789189338684082
0.013494014739990234
0.011987924575805664
0.0114898681640625
0.014181137084960938
0.013180017471313477
0.01375889778137207
0.013705015182495117
0.014934062957763672
0.01448822021484375
0.014269113540649414
0.01318502426147461
0.015193700790405273
0.01259303092956543
0.014906883239746094
0.016628026962280273
0.012468814849853516
0.014093875885009766
0.015362977981567383
0.008612871170043945
0.004997968673706055
0.014355897903442383
0.013953924179077148
0.009654045104980469
0.012087106704711914
0.011658906936645508
0.009335041046142578
0.016588926315307617
0.012065887451171875
0.012033939361572266
0.012822866439819336
0.005799055099487305
0.0037200450897216797
0.005365848541259766
0.0033719539642333984
0.012228965759277344
0.005816936492919922
0.0037360191345214844
0.012698888778686523
0.013267993927001953
0.011141061782836914
0.013513803482055664
0.011759042739868164
0.010908842086791992
0.004901885986328125
0.005532979965209961
0.010010957717895508
0.0052928924560546875
0.013633012771606445
0.009845972061157227
0.005599021911621094
0.010988950729370117
0.012904882431030273
0.016305923461914062
0.007797956466674805
0.013564825057983398
0.00917196273803711
0.013049125671386719
0.008836984634399414
0.013572931289672852
0.015702009201049805
0.014509916305541992
0.016082048416137695
0.013339996337890625
0.013396978378295898
0.009001016616821289
0.006472110748291016
0.01648712158203125
0.01229405403137207
0.013592958450317383
0.0175931453704834
0.013360977172851562
0.013375043869018555
0.014739990234375
0.01414799690246582
0.013345956802368164
0.010392904281616211
0.012736082077026367
0.01482701301574707
0.006442070007324219
0.003901958465576172
0.013225078582763672
0.007139921188354492
0.014327049255371094
0.014957904815673828
0.01480722427368164
0.009663820266723633
0.006376981735229492
0.01281595230102539
0.016263961791992188
0.013498067855834961
0.009408950805664062
0.015231132507324219
0.007662057876586914
0.005875825881958008
0.0047261714935302734
0.012867927551269531
0.010515928268432617
0.015053033828735352
0.010985136032104492
0.013870000839233398
0.010210990905761719
0.011995077133178711
0.008840084075927734
0.007946968078613281
0.006301164627075195
0.004760026931762695
0.0036339759826660156
0.011657953262329102
0.0048868656158447266
0.011169910430908203
0.013590097427368164
0.012454986572265625
0.011922836303710938
0.012932777404785156
0.010233640670776367
0.0074579715728759766
0.00592803955078125
0.016254901885986328
0.00966787338256836
0.017592191696166992
0.011034011840820312
0.014518976211547852
0.013561010360717773
0.013864994049072266
0.0076999664306640625
0.013103961944580078
0.012413978576660156
0.007375955581665039
0.0059740543365478516
0.0036211013793945312
0.003498077392578125
0.005885124206542969
0.009254932403564453
0.014339923858642578
0.009158134460449219
0.014204025268554688
0.015254020690917969
0.01129603385925293
0.006865024566650391
0.004044055938720703
0.008352041244506836
0.013855934143066406
0.012877941131591797
0.012974023818969727
0.008183956146240234
0.010740041732788086
0.007009983062744141
0.0042459964752197266
0.0098419189453125
0.0058209896087646484
0.003922939300537109
0.0048139095306396484
0.004876136779785156
0.0033991336822509766
0.00414586067199707
0.0039479732513427734
0.004392147064208984
0.003442049026489258
0.0037751197814941406
0.004058837890625
0.0037648677825927734
0.0036978721618652344
0.0034682750701904297
0.009740829467773438
0.008912086486816406
0.010120153427124023
0.010476112365722656
0.011258125305175781
0.012505054473876953
0.00813603401184082
0.006430149078369141
0.010618925094604492
0.00897216796875
0.010605096817016602
0.013283967971801758
0.006290912628173828
0.003905057907104492
0.013196945190429688
0.01150202751159668
0.012724876403808594
0.014055013656616211
0.0067310333251953125
0.008693933486938477
0.016902923583984375
0.007281064987182617
0.015192031860351562
0.01052403450012207
0.013164043426513672
0.01693892478942871
0.01510000228881836
0.009368896484375
0.01442098617553711
0.015408992767333984
0.011389017105102539
0.013647079467773438
0.007393836975097656
0.006093740463256836
0.00450897216796875
0.004163980484008789
0.013451099395751953
0.009657859802246094
0.012660980224609375
0.011950016021728516
0.013751029968261719
0.01019597053527832
0.008466005325317383
0.006012916564941406
0.0041921138763427734
0.013667821884155273
0.012794971466064453
0.012279987335205078
0.012547016143798828
0.005280017852783203
0.0037250518798828125
0.010828971862792969
0.008610010147094727
0.012204885482788086
0.01567816734313965
0.013058900833129883
0.01577615737915039
0.009896993637084961
0.013101816177368164
0.015298128128051758
0.012825965881347656
0.013817071914672852
0.014292001724243164
0.009518861770629883
0.009580135345458984
0.014348030090332031
0.012677907943725586
0.010812044143676758
0.015076160430908203
0.01081705093383789
0.009276866912841797
0.008515119552612305
0.00973200798034668
0.007784128189086914
0.010642051696777344
0.005053997039794922
0.0084381103515625
0.01398015022277832
0.013792037963867188
0.01563119888305664
0.01279902458190918
0.009506940841674805
0.005060911178588867
0.003681182861328125
0.003741025924682617
0.004945039749145508
0.013802051544189453
0.017275094985961914
0.007894039154052734
0.011268854141235352
0.009529829025268555
0.014817953109741211
0.014384031295776367
0.01351785659790039
0.014210939407348633
0.013036966323852539
0.006070852279663086
0.010671854019165039
0.014669179916381836
0.011301040649414062
0.013368844985961914
0.008152008056640625
0.013049125671386719
0.014863014221191406
0.011301040649414062
0.0060901641845703125
0.004582881927490234
0.00415802001953125
0.010033130645751953
0.014271020889282227
0.011363029479980469
0.017191171646118164
0.009080886840820312
0.004803895950317383
0.016903162002563477
0.009664773941040039
0.008221149444580078
0.008085012435913086
0.010186195373535156
0.012865066528320312
0.013416051864624023
0.010056018829345703
0.007621049880981445
0.012426137924194336
0.013625860214233398
0.013732194900512695
0.013084173202514648
0.012025833129882812
0.014274120330810547
0.007069110870361328
0.004744052886962891
0.004477977752685547
0.003609180450439453
0.0059850215911865234
0.013128042221069336
0.01342320442199707
0.007485151290893555
0.006400108337402344
0.004459857940673828
0.012774944305419922
0.008283138275146484
0.004469871520996094
0.008998870849609375
0.011493921279907227
0.005329132080078125
0.011354923248291016
0.013988018035888672
0.019121885299682617
0.016321182250976562
0.010539054870605469
0.012501001358032227
0.013408184051513672
0.01229405403137207
0.012898921966552734
0.012529850006103516
0.013254165649414062
0.015156030654907227
0.01329493522644043
0.012629985809326172
0.0052831172943115234
0.004661083221435547
0.014351844787597656
0.009325981140136719
0.01395726203918457
0.015691041946411133
0.012406110763549805
0.006029844284057617
0.012242794036865234
0.008092880249023438
0.004395008087158203
0.0041141510009765625
0.003237009048461914
0.01393890380859375
0.014767885208129883
0.013022184371948242
0.014439105987548828
0.009080886840820312
0.00919198989868164
0.011860132217407227
0.01188206672668457
0.016582965850830078
0.016002893447875977
0.01137089729309082
0.013942956924438477
0.014622688293457031
0.011079072952270508
0.015173912048339844
0.01453709602355957
0.01415395736694336
0.008378028869628906
0.008215904235839844
0.014422178268432617
0.014199018478393555
0.011349916458129883
0.006145954132080078
0.0044019222259521484
0.009147882461547852
0.012613058090209961
0.013085126876831055
0.015737056732177734
0.009154081344604492
0.013864994049072266
0.011630058288574219
0.013345003128051758
0.012601852416992188
0.013781070709228516
0.012335062026977539
0.012863874435424805
0.014367103576660156
0.013342618942260742
0.01344609260559082
0.014142990112304688
0.013842105865478516
0.014490127563476562
0.008748054504394531
0.01359701156616211
0.013789892196655273
0.013649225234985352
0.01337575912475586
0.010432958602905273
0.004725933074951172
0.006854057312011719
0.00568699836730957
0.006402015686035156
0.004932880401611328
0.003528118133544922
0.014584064483642578
0.013675928115844727
0.01617288589477539
0.016180992126464844
0.007475852966308594
0.005296945571899414
0.016086101531982422
0.011862039566040039
0.012819051742553711
0.009283781051635742
0.011780023574829102
0.013247013092041016
0.013256072998046875
0.014322042465209961
0.011642217636108398
0.013633012771606445
0.011256933212280273
0.01103520393371582
0.009585142135620117
0.005727052688598633
0.005319118499755859
0.006307125091552734
0.004347085952758789
0.013549089431762695
0.014457941055297852
0.012234926223754883
0.013419151306152344
0.012240171432495117
0.004609823226928711
0.003629922866821289
0.014360189437866211
0.015508174896240234
0.009020090103149414
0.018198013305664062
0.011126041412353516
0.016317129135131836
0.014878034591674805
0.010807991027832031
0.01627492904663086
0.012440919876098633
0.012348175048828125
0.007230043411254883
0.0036339759826660156
0.011698007583618164
0.016630172729492188
0.013418912887573242
0.012317895889282227
0.013914108276367188
0.009849071502685547
0.013521909713745117
0.013738870620727539
0.012310981750488281
0.014060020446777344
0.014265060424804688
0.010656118392944336
0.006115913391113281
0.01288914680480957
0.009985923767089844
0.009863853454589844
0.01653599739074707
0.00840902328491211
0.00934600830078125
0.015529870986938477
0.010960102081298828
0.01804494857788086
0.01513814926147461
0.01503300666809082
0.012488126754760742
0.015059947967529297
0.013683080673217773
0.009842872619628906
0.013758182525634766
0.011577129364013672
0.016240835189819336
0.008324146270751953
0.014818906784057617
0.01144099235534668
0.01253819465637207
0.01082301139831543
0.012369871139526367
0.01456594467163086
0.01234292984008789
0.01398611068725586
0.012410879135131836
0.013970136642456055
0.010978937149047852
0.010750055313110352
0.010600090026855469
0.0046579837799072266
0.011942148208618164
0.015470027923583984
0.015239953994750977
0.015481948852539062
0.009607076644897461
0.01638007164001465
0.00999593734741211
0.013390064239501953
0.016662120819091797
0.007853031158447266
0.012528181076049805
0.015465974807739258
0.013660192489624023
0.008224964141845703
0.007033109664916992
0.007640838623046875
0.01090097427368164
0.007545948028564453
0.005864143371582031
0.005716800689697266
0.004836082458496094
0.014161825180053711
0.00718998908996582
0.005479097366333008
0.009595155715942383
0.01601696014404297
0.004311084747314453
0.004350900650024414
0.005324125289916992
0.005460977554321289
0.004021883010864258
0.014842033386230469
0.009645938873291016
0.014853954315185547
0.011447906494140625
0.011228799819946289
0.013150215148925781
0.009492158889770508
0.011954784393310547
0.01137399673461914
0.012331962585449219
0.007947921752929688
0.004993915557861328
0.003370046615600586
0.014479875564575195
0.013998985290527344
0.00713801383972168
0.00597381591796875
0.006522178649902344
0.004417896270751953
0.012759208679199219
0.008211851119995117
0.00986790657043457
0.009943962097167969
0.01591801643371582
0.013647794723510742
0.013508081436157227
0.01389312744140625
0.014280080795288086
0.012920856475830078
0.007860183715820312
0.00934600830078125
0.013031959533691406
0.010864019393920898
0.006283998489379883
0.004848957061767578
0.014879941940307617
0.015938997268676758
0.012948036193847656
0.008599996566772461
0.008017778396606445
0.01375889778137207
0.00781702995300293
0.014976024627685547
0.01140904426574707
0.012102127075195312
0.007189035415649414
0.008629083633422852
0.009055137634277344
0.010076045989990234
0.010525941848754883
0.005260944366455078
0.004158973693847656
0.014970064163208008
0.015494108200073242
0.015598058700561523
0.007941007614135742
0.010158061981201172
0.006346940994262695
0.004052877426147461
0.01332402229309082
0.01532602310180664
0.011837005615234375
0.011276960372924805
0.014825105667114258
0.012769937515258789
0.010223627090454102
0.009732961654663086
0.012875080108642578
0.012806177139282227
0.015163898468017578
0.014663934707641602
0.01470494270324707
0.012585163116455078
0.012814998626708984
0.009034872055053711
0.0046291351318359375
0.004975080490112305
0.00426483154296875
0.012337923049926758
0.007462978363037109
0.012257099151611328
0.0123291015625
0.014076948165893555
0.009345054626464844
0.015488862991333008
0.013920068740844727
0.011085987091064453
0.00881814956665039
0.010315895080566406
0.005934953689575195
0.005120992660522461
0.009736061096191406
0.007405996322631836
0.009588956832885742
0.005368947982788086
0.005372047424316406
0.0036439895629882812
0.014755010604858398
0.013735055923461914
0.012463808059692383
0.017045021057128906
0.006738901138305664
0.004081010818481445
0.011965036392211914
0.015102863311767578
0.008400917053222656
0.005188941955566406
0.009280920028686523
0.01388096809387207
0.013168096542358398
0.009892940521240234
0.01100611686706543
0.013505220413208008
0.008992910385131836
0.007261991500854492
0.015482902526855469
0.013897895812988281
0.014899015426635742
0.012440919876098633
0.009145021438598633
0.008860111236572266
0.0068950653076171875
0.00518488883972168
0.009483098983764648
0.007688999176025391
0.013576984405517578
0.015163898468017578
0.010510921478271484
0.00523686408996582
0.0153350830078125
0.009104013442993164
0.011640071868896484
0.009701013565063477
0.00985407829284668
0.015475034713745117
0.011295080184936523
0.014010190963745117
0.015057086944580078
0.012344121932983398
0.01318502426147461
0.015735864639282227
0.011896133422851562
0.012389183044433594
0.015408039093017578
0.0104827880859375
0.005861043930053711
0.007864952087402344
0.004459857940673828
0.013689041137695312
0.014405012130737305
0.011863946914672852
0.005942106246948242
0.006411075592041016
0.012661933898925781
0.016588926315307617
0.009790182113647461
0.016193151473999023
0.018510818481445312
0.008607864379882812
0.004736185073852539
0.015215873718261719
0.013734102249145508
0.014786005020141602
0.014070987701416016
0.008234977722167969
0.0050389766693115234
0.016319990158081055
0.008321046829223633
0.008395910263061523
0.011605024337768555
0.011916875839233398
0.012316703796386719
0.014512062072753906
0.009595870971679688
0.0073719024658203125
0.014142036437988281
0.006464958190917969
0.0050051212310791016
0.014527082443237305
0.014996051788330078
0.011813163757324219
0.009361982345581055
0.009276866912841797
0.004952907562255859
0.00689697265625
0.016767024993896484
0.013345956802368164
0.010254144668579102
0.013741016387939453
0.009290933609008789
0.015539884567260742
0.014382123947143555
0.014496088027954102
0.01243901252746582
0.006539106369018555
0.013620853424072266
0.009376049041748047
0.01172184944152832
0.013233184814453125
0.009330987930297852
0.012992143630981445
0.010537862777709961
0.009582996368408203
0.006947994232177734
0.005274057388305664
0.014538049697875977
0.014434814453125
0.007873058319091797
0.0055811405181884766
0.0073490142822265625
0.003931999206542969
0.00854802131652832
0.004878044128417969
0.003885984420776367
0.016108036041259766
0.006802797317504883
0.011229991912841797
0.016491174697875977
0.01417994499206543
0.016211986541748047
0.013843059539794922
0.01084589958190918
0.013422966003417969
0.01392817497253418
0.009649038314819336
0.014967918395996094
0.011934995651245117
0.009042978286743164
0.014865875244140625
0.006979942321777344
0.011054039001464844
0.00776982307434082
0.009808063507080078
0.009611129760742188
0.011361837387084961
0.010095834732055664
0.01321101188659668
0.009425878524780273
0.012519121170043945
0.010756969451904297
0.010419845581054688
0.008040904998779297
0.013654947280883789
0.009958982467651367
0.004884958267211914
0.010493993759155273
0.00833582878112793
0.012759923934936523
0.015413999557495117
0.010825872421264648
0.008720159530639648
0.013519048690795898
0.007501125335693359
0.004847049713134766
0.011753082275390625
0.012685060501098633
0.009582996368408203
0.015264034271240234
0.010527849197387695
0.014867067337036133
0.015645980834960938
0.01306295394897461
0.014089822769165039
0.014452934265136719
0.01305079460144043
0.01282501220703125
0.012639045715332031
0.010097980499267578
0.014938831329345703
0.013616085052490234
0.014796972274780273
0.011991024017333984
0.012826919555664062
0.00836801528930664
0.009727954864501953
0.013777971267700195
0.013258934020996094
0.006329059600830078
0.00955510139465332
0.01420903205871582
0.0142669677734375
0.014680147171020508
0.009243965148925781
0.016475915908813477
0.013463973999023438
0.011439085006713867
0.01323080062866211
0.014290094375610352
0.013231039047241211
0.006398916244506836
0.005692958831787109
0.014341115951538086
0.012266874313354492
0.012726068496704102
0.012984037399291992
0.012701988220214844
0.006660938262939453
0.013947010040283203
0.013987064361572266
0.009713888168334961
0.009980916976928711
0.008166074752807617
0.009970664978027344
0.005110979080200195
0.006021976470947266
0.01296687126159668
0.011713027954101562
0.014821052551269531
0.009221076965332031
0.0072247982025146484
0.005088090896606445
0.0033731460571289062
0.010833024978637695
0.006140947341918945
0.0039730072021484375
0.0038590431213378906
0.011037826538085938
0.01042485237121582
0.007239103317260742
0.0055811405181884766
0.014678955078125
0.012146234512329102
0.013787984848022461
0.013768911361694336
0.01503300666809082
0.013873815536499023
0.013261079788208008
0.01532602310180664
0.013267993927001953
0.015917062759399414
0.01057291030883789
0.013051986694335938
0.00809788703918457
0.01459193229675293
0.01394796371459961
0.008579015731811523
0.014088869094848633
0.017782926559448242
0.01481318473815918
0.010215044021606445
0.016631126403808594
0.00881195068359375
0.007575035095214844
0.015774011611938477
0.01222991943359375
0.01378011703491211
0.015458822250366211
0.013746976852416992
0.012745857238769531
0.014117956161499023
0.011240005493164062
0.011704206466674805
0.0073010921478271484
0.00780487060546875
0.012962102890014648
0.011757850646972656
0.009979963302612305
0.009205818176269531
0.01599407196044922
0.011832952499389648
0.0065000057220458984
0.006073951721191406
0.012969017028808594
0.008137941360473633
0.011884927749633789
0.005185127258300781
0.005154132843017578
0.005126953125
0.0033309459686279297
0.011327028274536133
0.004914045333862305
0.0043179988861083984
0.003738880157470703
0.015738964080810547
0.014886140823364258
0.015224933624267578
0.01108098030090332
0.00917196273803711
0.013926267623901367
0.012420892715454102
0.011243820190429688
0.01338505744934082
0.009630918502807617
0.004673957824707031
0.009482860565185547
0.0050029754638671875
0.00393986701965332
0.015231132507324219
0.013895988464355469
0.01263880729675293
0.015402078628540039
0.007956981658935547
0.009109973907470703
0.0055141448974609375
0.010761022567749023
0.016675949096679688
0.01279902458190918
0.007436037063598633
0.006937980651855469
0.003609895706176758
0.0032961368560791016
0.012938976287841797
0.009419918060302734
0.013084888458251953
0.015197038650512695
0.014689922332763672
0.014790058135986328
0.012273073196411133
0.012402057647705078
0.01016998291015625
0.01314997673034668
0.013786792755126953
0.009862184524536133
0.011103153228759766
0.013956069946289062
0.010838985443115234
0.013586997985839844
0.01090693473815918
0.014101982116699219
0.012660980224609375
0.007058143615722656
0.009062051773071289
0.009907960891723633
0.01282811164855957
0.008440971374511719
0.004029035568237305
0.0034780502319335938
0.013622045516967773
0.006888866424560547
0.012273073196411133
0.014404058456420898
0.010029792785644531
0.014978170394897461
0.01603412628173828
0.008340835571289062
0.012356996536254883
0.014966011047363281
0.014278888702392578
0.013483047485351562
0.012314081192016602
0.014770984649658203
0.01464986801147461
0.008217096328735352
0.0044329166412353516
0.01373600959777832
0.011245965957641602
0.01264500617980957
0.01397085189819336
0.009499788284301758
0.012854814529418945
0.015052080154418945
0.013921976089477539
0.00657200813293457
0.00882101058959961
0.01397395133972168
0.012178897857666016
0.016069889068603516
0.01151585578918457
0.012206077575683594
0.0070459842681884766
0.004563093185424805
0.003954172134399414
0.003328084945678711
0.003659963607788086
0.01296091079711914
0.01031804084777832
0.016772985458374023
0.006963968276977539
0.0075550079345703125
0.010068893432617188
0.011347055435180664
0.010210037231445312
0.014225959777832031
0.01267099380493164
0.012480020523071289
0.013844013214111328
0.013325214385986328
0.008434057235717773
0.013508081436157227
0.009014129638671875
0.010587930679321289
0.008809089660644531
0.011271953582763672
0.01306605339050293
0.010850191116333008
0.005425930023193359
0.014554977416992188
0.010901927947998047
0.013410806655883789
0.013012886047363281
0.00592803955078125
0.004960060119628906
0.004227876663208008
0.0039598941802978516
0.012213945388793945
0.01223301887512207
0.007470130920410156
0.0042879581451416016
0.009613990783691406
0.010432004928588867
0.013163089752197266
0.0064280033111572266
0.004348039627075195
0.00900411605834961
0.005380868911743164
0.00562596321105957
0.01201486587524414
0.010031938552856445
0.012995004653930664
0.015373945236206055
0.013714075088500977
0.016574859619140625
0.013345956802368164
0.01069498062133789
0.015564918518066406
0.013811826705932617
0.012998104095458984
0.008949995040893555
0.017734050750732422
0.01164102554321289
0.013457059860229492
0.01536107063293457
0.01112508773803711
0.004673957824707031
0.0050771236419677734
0.013124942779541016
0.014744997024536133
0.0170900821685791
0.008829116821289062
0.014165163040161133
0.013529062271118164
0.010360956192016602
0.017096996307373047
0.009688854217529297
0.014356136322021484
0.01649308204650879
0.012333869934082031
0.014435052871704102
0.014431953430175781
0.006220102310180664
0.013939142227172852
0.012635946273803711
0.014668941497802734
0.013242006301879883
0.008906841278076172
0.01507115364074707
0.017006874084472656
0.01291203498840332
0.014982938766479492
0.015438079833984375
0.016038894653320312
0.014000177383422852
0.015393972396850586
0.008689165115356445
0.010637998580932617
0.013597965240478516
0.012878179550170898
0.012772083282470703
0.011729955673217773
0.013046979904174805
0.012836933135986328
0.01073598861694336
0.007025003433227539
0.01393890380859375
0.005872011184692383
0.004556894302368164
0.004239082336425781
0.0035500526428222656
0.010261058807373047
0.016601085662841797
0.009405136108398438
0.006157875061035156
0.0035369396209716797
0.004394054412841797
0.011952877044677734
0.010748147964477539
0.012259960174560547
0.007823944091796875
0.004775047302246094
0.009927034378051758
0.014871835708618164
0.01031804084777832
0.009838104248046875
0.012150049209594727
0.014413118362426758
0.014012813568115234
0.012809038162231445
0.011389970779418945
0.012944936752319336
0.006084918975830078
0.004933834075927734
0.014487028121948242
0.012243986129760742
0.012056112289428711
0.01417684555053711
0.007947206497192383
0.01076507568359375
0.011538028717041016
0.009649038314819336
0.005326032638549805
0.011004924774169922
0.005493879318237305
0.010338068008422852
0.00848078727722168
0.005465984344482422
0.0103759765625
0.00539088249206543
0.015505790710449219
0.009307146072387695
0.012174606323242188
0.013734102249145508
0.0070879459381103516
0.01328897476196289
0.01032114028930664
0.013288021087646484
0.013720989227294922
0.011460065841674805
0.012312889099121094
0.013279914855957031
0.014048099517822266
0.007089138031005859
0.005616903305053711
0.003820180892944336
0.012629985809326172
0.012031078338623047
0.012555122375488281
0.011113166809082031
0.004279136657714844
0.004661083221435547
0.003573894500732422
0.003679037094116211
0.0048809051513671875
0.0036368370056152344
0.004670858383178711
0.0037069320678710938
0.0035800933837890625
0.004452943801879883
0.003576040267944336
0.004724979400634766
0.0035190582275390625
0.004745006561279297
0.0035860538482666016
0.004365205764770508
0.005202054977416992
0.014319181442260742
0.016247034072875977
0.008826017379760742
0.015655994415283203
0.009560108184814453
0.010072946548461914
0.01942896842956543
0.014407157897949219
0.009827136993408203
0.016336917877197266
0.014883995056152344
0.01415109634399414
0.015069961547851562
0.014909982681274414
0.00972294807434082
0.015722990036010742
0.014895915985107422
0.012003898620605469
0.01541590690612793
0.01468205451965332
0.015012979507446289
0.00584101676940918
0.008913040161132812
0.005958080291748047
0.006690025329589844
0.015023946762084961
0.009928703308105469
0.01034402847290039
0.01909017562866211
0.010244131088256836
0.017101049423217773
0.014885902404785156
0.009338855743408203
0.009764909744262695
0.01009678840637207
0.016131877899169922
0.013787984848022461
0.010482072830200195
0.016176223754882812
0.014594078063964844
0.008842945098876953
0.01448202133178711
0.015491962432861328
0.008195161819458008
0.004693031311035156
0.01094818115234375
0.013372182846069336
0.013478994369506836
0.014541149139404297
0.009799957275390625
0.007478952407836914
0.012880086898803711
0.006832122802734375
0.004132986068725586
0.014523029327392578
0.012660980224609375
0.012743949890136719
0.01042795181274414
0.01211690902709961
0.008532047271728516
0.00593113899230957
0.0036270618438720703
0.0037679672241210938
0.013896942138671875
0.012997865676879883
0.012979984283447266
0.009658098220825195
0.009222030639648438
0.013748884201049805
0.006482839584350586
0.005110979080200195
0.003904104232788086
0.009567975997924805
0.012274026870727539
0.017356157302856445
0.01056218147277832
0.011131048202514648
0.011153936386108398
0.012851953506469727
0.014225959777832031
0.01579904556274414
0.013030052185058594
0.013720989227294922
0.01374197006225586
0.01324605941772461
0.015776872634887695
0.013852834701538086
0.007063865661621094
0.014837026596069336
0.01697397232055664
0.012552022933959961
0.00822591781616211
0.011323928833007812
0.01438593864440918
0.015833139419555664
0.015002965927124023
0.008761882781982422
0.00536799430847168
0.014747142791748047
0.009910106658935547
0.012334108352661133
0.01213693618774414
0.01723003387451172
0.007944107055664062
0.005558967590332031
0.004572153091430664
0.013868093490600586
0.013776063919067383
0.010230779647827148
0.012717008590698242
0.01278996467590332
0.007102012634277344
0.013751983642578125
0.0076351165771484375
0.012849092483520508
0.012125015258789062
0.01340484619140625
0.01833510398864746
0.010151147842407227
0.007135868072509766
0.01387786865234375
0.010261058807373047
0.005797147750854492
0.011569023132324219
0.013131141662597656
0.012263059616088867
0.013514041900634766
0.007660627365112305
0.013794898986816406
0.008291959762573242
0.009396076202392578
0.009306907653808594
0.013576030731201172
0.011368036270141602
0.005105018615722656
0.00409388542175293
0.016453981399536133
0.007813215255737305
0.011549949645996094
0.01247096061706543
0.013909101486206055
0.013228893280029297
0.014142990112304688
0.009278059005737305
0.011918067932128906
0.010391950607299805
0.008352041244506836
0.012368917465209961
0.009068965911865234
0.013718843460083008
0.014307975769042969
0.008854866027832031
0.013143062591552734
0.012773990631103516
0.007081031799316406
0.005151987075805664
0.014168977737426758
0.009817123413085938
0.01196599006652832
0.012470006942749023
0.014225006103515625
0.009755134582519531
0.010334014892578125
0.012959957122802734
0.0129241943359375
0.013391971588134766
0.006323099136352539
0.012371063232421875
0.00790095329284668
0.00690007209777832
0.004270792007446289
0.012627840042114258
0.006469011306762695
0.00935983657836914
0.01190185546875
0.007013797760009766
0.013550043106079102
0.005014181137084961
0.017487049102783203
0.011646032333374023
0.004583120346069336
0.006284952163696289
0.0037260055541992188
0.014842987060546875
0.007678031921386719
0.004271030426025391
0.004121065139770508
0.013041019439697266
0.015572071075439453
0.0069849491119384766
0.004555940628051758
0.016620874404907227
0.012862920761108398
0.01419377326965332
0.01147007942199707
0.013432025909423828
0.01561117172241211
0.016393661499023438
0.010365962982177734
0.014518976211547852
0.013891935348510742
0.010644197463989258
0.014075994491577148
0.015925168991088867
0.007161140441894531
0.006315946578979492
0.013023853302001953
0.012975931167602539
0.012452125549316406
0.010843992233276367
0.013411998748779297
0.0060651302337646484
0.014149904251098633
0.009738922119140625
0.012258052825927734
0.01595282554626465
0.008388042449951172
0.005978822708129883
0.004514932632446289
0.013097047805786133
0.009209871292114258
0.015295982360839844
0.012480020523071289
0.012705087661743164
0.008311033248901367
0.005533933639526367
0.011512041091918945
0.007034778594970703
0.004505157470703125
0.013544082641601562
0.011719942092895508
0.011757135391235352
0.010657072067260742
0.012022018432617188
0.009753942489624023
0.008075952529907227
0.006977081298828125
0.013521909713745117
0.009707927703857422
0.005563020706176758
0.0035851001739501953
0.007570028305053711
0.011649847030639648
0.013895034790039062
0.015259027481079102
0.010041952133178711
0.0099639892578125
0.006643772125244141
0.005934953689575195
0.0034940242767333984
0.004721164703369141
0.0046749114990234375
0.012887954711914062
0.009853839874267578
0.015126943588256836
0.010069847106933594
0.009001016616821289
0.015147924423217773
0.011734962463378906
0.01621699333190918
0.014232873916625977
0.005568027496337891
0.011733770370483398
0.011038064956665039
0.011214971542358398
0.011991024017333984
0.008234977722167969
0.013583898544311523
0.015450000762939453
0.012099027633666992
0.011500120162963867
0.012190818786621094
0.007502079010009766
0.011347055435180664
0.008975028991699219
0.014616012573242188
0.013137102127075195
0.00943613052368164
0.008003950119018555
0.012924909591674805
0.009770870208740234
0.013704061508178711
0.00797581672668457
0.01214909553527832
0.012862205505371094
0.01091909408569336
0.016234874725341797
0.015212059020996094
0.013523101806640625
0.014732122421264648
0.015652894973754883
0.015298843383789062
0.01120901107788086
0.009552955627441406
0.005576133728027344
0.005291938781738281
0.012812137603759766
0.012919902801513672
0.013514995574951172
0.011348962783813477
0.012472867965698242
0.0062258243560791016
0.01045083999633789
0.019346952438354492
0.013366937637329102
0.01630687713623047
0.013687849044799805
0.008563041687011719
0.005309104919433594
0.0035920143127441406
0.008056879043579102
0.010576963424682617
0.015393972396850586
0.009525060653686523
0.014930009841918945
0.011945962905883789
0.011830806732177734
0.01308894157409668
0.009582042694091797
0.0123138427734375
0.00893712043762207
0.011192083358764648
0.0059490203857421875
0.008723974227905273
0.005769014358520508
0.0035791397094726562
0.00863790512084961
0.0045011043548583984
0.007997989654541016
0.015179157257080078
0.009649038314819336
0.013302087783813477
0.010818004608154297
0.008337020874023438
0.013643980026245117
0.012021064758300781
0.009618043899536133
0.006559133529663086
0.012463808059692383
0.01497197151184082
0.011201143264770508
0.009823799133300781
0.005822896957397461
0.006969928741455078
0.004875898361206055
0.01253819465637207
0.00980997085571289
0.01533198356628418
0.014288902282714844
0.010137796401977539
0.014202117919921875
0.01102304458618164
0.011404037475585938
0.012403011322021484
0.012716054916381836
0.012288093566894531
0.008980989456176758
0.0037348270416259766
0.010879993438720703
0.014085054397583008
0.012434959411621094
0.014924049377441406
0.009580850601196289
0.012107133865356445
0.007882118225097656
0.003946065902709961
0.003793001174926758
0.004528045654296875
0.013788938522338867
0.00811004638671875
0.01412820816040039
0.010124921798706055
0.013225078582763672
0.012201070785522461
0.006415128707885742
0.007586956024169922
0.00521087646484375
0.0044820308685302734
0.004127025604248047
0.013548135757446289
0.016733169555664062
0.009402036666870117
0.00922703742980957
0.012059926986694336
0.013691902160644531
0.013997077941894531
0.015481948852539062
0.011648893356323242
0.012082815170288086
0.015913009643554688
0.009469985961914062
0.008133888244628906
0.0056231021881103516
0.011928081512451172
0.013944864273071289
0.015324115753173828
0.011572122573852539
0.011183023452758789
0.009635210037231445
0.011562108993530273
0.007250785827636719
0.004050016403198242
0.00693511962890625
0.0047228336334228516
0.013020992279052734
0.0066411495208740234
0.01400613784790039
0.01421213150024414
0.01079702377319336
0.01247715950012207
0.01034402847290039
0.0049021244049072266
0.004341840744018555
0.004617929458618164
0.010780811309814453
0.0069599151611328125
0.01544499397277832
0.01330709457397461
0.010506868362426758
0.018993139266967773
0.01563405990600586
0.01512598991394043
0.012688875198364258
0.015321969985961914
0.014971017837524414
0.011978864669799805
0.016474008560180664
0.01199483871459961
0.012836933135986328
0.012074947357177734
0.013957023620605469
0.011929988861083984
0.010954856872558594
0.010141134262084961
0.00950002670288086
0.012334823608398438
0.007950067520141602
0.0045070648193359375
0.0036401748657226562
0.012240886688232422
0.010291099548339844
0.014697074890136719
0.015578031539916992
0.006350040435791016
0.0038089752197265625
0.010691165924072266
0.01399993896484375
0.01144099235534668
0.009919166564941406
0.012610912322998047
0.009232044219970703
0.007502079010009766
0.004581928253173828
0.008687019348144531
0.013247013092041016
0.014514923095703125
0.012225151062011719
0.009984016418457031
0.00922393798828125
0.008914947509765625
0.012676000595092773
0.012156009674072266
0.012221813201904297
0.013683795928955078
0.012899160385131836
0.012485980987548828
0.008688926696777344
0.0035719871520996094
0.01427602767944336
0.020220041275024414
0.01645493507385254
0.014903068542480469
0.008118152618408203
0.015578985214233398
0.015573978424072266
0.016591787338256836
0.01470184326171875
0.009294986724853516
0.014406204223632812
0.010626077651977539
0.014779090881347656
0.011475086212158203
0.01435708999633789
0.009401082992553711
0.013319015502929688
0.014706850051879883
0.013921976089477539
0.012341022491455078
0.010635852813720703
0.00522613525390625
0.003962039947509766
0.0034830570220947266
0.015852928161621094
0.014086008071899414
0.009601116180419922
0.010352849960327148
0.005196094512939453
0.01400303840637207
0.015489816665649414
0.011851787567138672
0.015475034713745117
0.013151884078979492
0.0067670345306396484
0.014303922653198242
0.010970115661621094
0.009057044982910156
0.016130924224853516
0.014203071594238281
0.014278173446655273
0.014137029647827148
0.013854026794433594
0.013944864273071289
0.013339042663574219
0.006479024887084961
0.012382030487060547
0.014856100082397461
0.014190912246704102
0.015124082565307617
0.011372089385986328
0.006188869476318359
0.009582042694091797
0.004926204681396484
0.003857135772705078
0.013681888580322266
0.008755207061767578
0.010209083557128906
0.01046299934387207
0.013161897659301758
0.014971017837524414
0.0137939453125
0.013431072235107422
0.015234231948852539
0.007364988327026367
0.013283967971801758
0.009141921997070312
0.006228923797607422
0.0061130523681640625
0.004881858825683594
0.012527942657470703
0.008769035339355469
0.013577938079833984
0.010950088500976562
0.009478092193603516
0.009840965270996094
0.006189107894897461
0.0044438838958740234
0.005672931671142578
0.0034401416778564453
0.01211094856262207
0.006973981857299805
0.014987945556640625
0.012832164764404297
0.013461112976074219
0.008263111114501953
0.003995180130004883
0.006700038909912109
0.004775047302246094
0.012007951736450195
0.014059066772460938
0.013342142105102539
0.008907079696655273
0.013094902038574219
0.013839960098266602
0.009122848510742188
0.014890909194946289
0.010776996612548828
0.012635946273803711
0.012701988220214844
0.012675046920776367
0.01268911361694336
0.009450197219848633
0.013138055801391602
0.017052888870239258
0.010781049728393555
0.009278059005737305
0.011291980743408203
0.0053730010986328125
0.005796909332275391
0.00445103645324707
0.013788938522338867
0.0159451961517334
0.012843847274780273
0.011806011199951172
0.008018970489501953
0.006648063659667969
0.004394054412841797
0.004446983337402344
0.0040149688720703125
0.01425313949584961
0.012041807174682617
0.015818119049072266
0.0071909427642822266
0.0049610137939453125
0.006293058395385742
0.013186216354370117
0.011706113815307617
0.015425920486450195
0.013689994812011719
0.006826162338256836
0.00922703742980957
0.005239009857177734
0.013336896896362305
0.00644683837890625
0.013592004776000977
0.01414799690246582
0.013641834259033203
0.010116100311279297
0.007735013961791992
0.006899118423461914
0.00978994369506836
0.00816488265991211
0.0062139034271240234
0.004415988922119141
0.0033020973205566406
0.003993034362792969
0.014079093933105469
0.011885881423950195
0.012521982192993164
0.0103759765625
0.005340099334716797
0.013643026351928711
0.00701904296875
0.005146026611328125
0.0041828155517578125
0.011580944061279297
0.010159015655517578
0.00970911979675293
0.007776975631713867
0.018220901489257812
0.014686822891235352
0.011752128601074219
0.012306928634643555
0.006927967071533203
0.010558128356933594
0.006923198699951172
0.007449150085449219
0.013000965118408203
0.012682914733886719
0.01335287094116211
0.012525081634521484
0.00784611701965332
0.009618997573852539
0.0060079097747802734
0.003481626510620117
0.01119089126586914
0.01371002197265625
0.010902881622314453
0.008118152618408203
0.005931854248046875
0.007992982864379883
0.01590418815612793
0.006412982940673828
0.004770040512084961
0.015250205993652344
0.0128021240234375
0.00972604751586914
0.016830921173095703
0.013263940811157227
0.008905887603759766
0.01136922836303711
0.014341115951538086
0.012982845306396484
0.014199972152709961
0.013383150100708008
0.012526988983154297
0.014636039733886719
0.012694835662841797
0.009845972061157227
0.015388011932373047
0.00793004035949707
0.01329493522644043
0.014638185501098633
0.010442018508911133
0.01364278793334961
0.009080886840820312
0.0051422119140625
0.01628899574279785
0.015376091003417969
0.00921487808227539
0.015275955200195312
0.013918876647949219
0.012117147445678711
0.015667200088500977
0.011646032333374023
0.00728297233581543
0.005923032760620117
0.013200044631958008
0.01495504379272461
0.013270139694213867
0.013255834579467773
0.008864879608154297
0.010786056518554688
0.005995035171508789
0.010481119155883789
0.015849590301513672
0.012820005416870117
0.008285045623779297
0.005667209625244141
0.0065190792083740234
0.0061969757080078125
0.004970073699951172
0.012132883071899414
0.0165250301361084
0.008085012435913086
0.014216184616088867
0.017364025115966797
0.012991905212402344
0.013405084609985352
0.01504206657409668
0.013646841049194336
0.011359930038452148
0.006821155548095703
0.010757923126220703
0.012959957122802734
0.012746095657348633
0.013679027557373047
0.01125192642211914
0.011831998825073242
0.011152982711791992
0.010982990264892578
0.009309053421020508
0.012241840362548828
0.007417917251586914
0.0038208961486816406
0.008542776107788086
0.013797998428344727
0.013493061065673828
0.012511014938354492
0.00565791130065918
0.011578083038330078
0.005966901779174805
0.014364004135131836
0.016495943069458008
0.01393580436706543
0.00852513313293457
0.013638973236083984
0.013720989227294922
0.010399103164672852
0.009846925735473633
0.013685941696166992
0.01253509521484375
0.012439966201782227
0.009945154190063477
0.010151863098144531
0.013532161712646484
0.01036691665649414
0.0047261714935302734
0.004199028015136719
0.005127906799316406
0.015035152435302734
0.014513015747070312
0.01253199577331543
0.012700080871582031
0.011226892471313477
0.005060911178588867
0.013164997100830078
0.00992584228515625
0.01520395278930664
0.0059490203857421875
0.012836217880249023
0.00757908821105957
0.004174232482910156
0.010896921157836914
0.01462101936340332
0.01414799690246582
0.012243032455444336
0.010325193405151367
0.014610052108764648
0.008452177047729492
0.01368093490600586
0.014065027236938477
0.012864112854003906
0.014647960662841797
0.013422012329101562
0.01164698600769043
0.013722896575927734
0.009757041931152344
0.009930133819580078
0.013269901275634766
0.012015819549560547
0.012929201126098633
0.009028911590576172
0.004730939865112305
0.009622812271118164
0.009510040283203125
0.0062520503997802734
0.008774042129516602
0.010618209838867188
0.01435399055480957
0.017954111099243164
0.00985097885131836
0.013230085372924805
0.016315937042236328
0.01462411880493164
0.01238393783569336
0.009285211563110352
0.01326298713684082
0.013392925262451172
0.006225109100341797
0.009331941604614258
0.01636481285095215
0.01417994499206543
0.013364076614379883
0.015060186386108398
0.013891935348510742
0.012502908706665039
0.011797904968261719
0.008336067199707031
0.004889965057373047
0.003414154052734375
0.011623859405517578
0.0106658935546875
0.012388944625854492
0.013921976089477539
0.010329961776733398
0.013622045516967773
0.012869119644165039
0.013041019439697266
0.011903047561645508
0.007519960403442383
0.013782978057861328
0.014946937561035156
0.015079975128173828
0.013115882873535156
0.013709068298339844
0.012923955917358398
0.011476993560791016
0.01399087905883789
0.014309883117675781
0.013056039810180664
0.0164949893951416
0.007318973541259766
0.015318155288696289
0.009829998016357422
0.014319896697998047
0.011351823806762695
0.01453399658203125
0.013165950775146484
0.01169586181640625
0.012440919876098633
0.011168956756591797
0.013055086135864258
0.012857198715209961
0.012764930725097656
0.007969141006469727
0.011923074722290039
0.00937199592590332
0.008786916732788086
0.010535001754760742
0.009214162826538086
0.011470794677734375
0.00974893569946289
0.01320505142211914
0.013966083526611328
0.01145792007446289
0.013900041580200195
0.01236104965209961
0.013923883438110352
0.00839996337890625
0.015109062194824219
0.008651018142700195
0.014672040939331055
0.014534950256347656
0.009513139724731445
0.014281034469604492
0.010053157806396484
0.010308027267456055
0.017115116119384766
0.008609771728515625
0.01341104507446289
0.014948606491088867
0.013960123062133789
0.014074087142944336
0.008586883544921875
0.011776924133300781
0.013041973114013672
0.016611099243164062
0.011691093444824219
0.014384984970092773
0.012359857559204102
0.007185935974121094
0.012365102767944336
0.009847879409790039
0.0057070255279541016
0.0054779052734375
0.0060918331146240234
0.01502084732055664
0.01225590705871582
0.01397395133972168
0.008069992065429688
0.004640817642211914
0.00695490837097168
0.0051691532135009766
0.0033321380615234375
0.010599136352539062
0.007627010345458984
0.010989904403686523
0.015397071838378906
0.012643098831176758
0.01355886459350586
0.016826868057250977
0.014243125915527344
0.012853860855102539
0.015037059783935547
0.008180856704711914
0.00483393669128418
0.005126953125
0.004199981689453125
0.003860950469970703
0.003350973129272461
0.010977983474731445
0.014307975769042969
0.012284040451049805
0.012212038040161133
0.006147146224975586
0.016700029373168945
0.008669853210449219
0.00518798828125
0.004534006118774414
0.012153148651123047
0.012712955474853516
0.008358001708984375
0.008050918579101562
0.008524894714355469
0.004973888397216797
0.0062291622161865234
0.004633903503417969
0.010711669921875
0.0069980621337890625
0.004063129425048828
0.012446165084838867
0.008109092712402344
0.013772010803222656
0.009337902069091797
0.010394096374511719
0.014503955841064453
0.006740093231201172
0.003509998321533203
0.00439000129699707
0.014328956604003906
0.009212970733642578
0.005086183547973633
0.003796100616455078
0.013844966888427734
0.014039993286132812
0.012161970138549805
0.009843111038208008
0.012452840805053711
0.007351875305175781
0.007358074188232422
0.005758047103881836
0.0051767826080322266
0.008065938949584961
0.009572029113769531
0.011811017990112305
0.011744022369384766
0.007051229476928711
0.009104013442993164
0.011391878128051758
0.011867046356201172
0.013449907302856445
0.01600790023803711
0.010720014572143555
0.009305000305175781
0.011690855026245117
0.0076160430908203125
0.014106988906860352
0.01989889144897461
0.015324115753173828
0.009565114974975586
0.016635894775390625
0.011254072189331055
0.014990806579589844
0.01265406608581543
0.011868715286254883
0.013520002365112305
0.014568090438842773
0.014343976974487305
0.01303410530090332
0.014231204986572266
0.012169122695922852
0.008063077926635742
0.015479087829589844
0.012247085571289062
0.009557008743286133
0.008920907974243164
0.011873960494995117
0.008894920349121094
0.012867927551269531
0.00780797004699707
0.0056438446044921875
0.004310131072998047
0.015450000762939453
0.009431123733520508
0.01560211181640625
0.016862154006958008
0.01055002212524414
0.009547948837280273
0.01360011100769043
0.013643980026245117
0.013566017150878906
0.010092020034790039
0.01444101333618164
0.012556076049804688
0.009829044342041016
0.009703874588012695
0.011133909225463867
0.011516094207763672
0.01466989517211914
0.0053539276123046875
0.010499000549316406
0.006487846374511719
0.003911018371582031
0.003906965255737305
0.0033731460571289062
0.008118867874145508
0.01468801498413086
0.008443117141723633
0.010232925415039062
0.0062618255615234375
0.011105060577392578
0.012015104293823242
0.007256984710693359
0.004561185836791992
0.004023075103759766
0.01339101791381836
0.00938105583190918
0.013411998748779297
0.013137102127075195
0.012756109237670898
0.014688968658447266
0.009072065353393555
0.004121065139770508
0.004261970520019531
0.01184391975402832
0.01380300521850586
0.013427019119262695
0.015540838241577148
0.01417088508605957
0.014483928680419922
0.013262033462524414
0.011960983276367188
0.009360790252685547
0.012491941452026367
0.009207963943481445
0.0042459964752197266
0.008210897445678711
0.01157999038696289
0.011761903762817383
0.015711069107055664
0.0072820186614990234
0.013960123062133789
0.009860992431640625
0.011981010437011719
0.006598949432373047
0.012012004852294922
0.014306068420410156
0.014940977096557617
0.015352010726928711
0.016299962997436523
0.010480880737304688
0.013623952865600586
0.01395106315612793
0.014595746994018555
0.012536048889160156
0.012717962265014648
0.013415098190307617
0.011933088302612305
0.014634847640991211
0.006554126739501953
0.010995864868164062
0.01372218132019043
0.013572216033935547
0.01256704330444336
0.012612104415893555
0.011272907257080078
0.006093025207519531
0.015196084976196289
0.01662302017211914
0.013756990432739258
0.009078025817871094
0.009496927261352539
0.016232013702392578
0.013350963592529297
0.012855052947998047
0.013864994049072266
0.010642051696777344
0.013283014297485352
0.009599924087524414
0.012692928314208984
0.012407064437866211
0.0142669677734375
0.010718107223510742
0.010833978652954102
0.011040210723876953
0.010983943939208984
0.012379884719848633
0.005894899368286133
0.01057291030883789
0.011996030807495117
0.012652158737182617
0.01471400260925293
0.012173891067504883
0.006954193115234375
0.013092994689941406
0.0058519840240478516
0.0043489933013916016
0.014987945556640625
0.013993978500366211
0.01379084587097168
0.009855031967163086
0.011990070343017578
0.015780925750732422
0.01104283332824707
0.014332056045532227
0.014412164688110352
0.012818098068237305
0.012598991394042969
0.012406110763549805
0.012620210647583008
0.007222890853881836
0.012058019638061523
0.01401376724243164
0.01395416259765625
0.011599063873291016
0.011361122131347656
0.007112026214599609
0.015128135681152344
0.007100105285644531
0.005532026290893555
0.012668848037719727
0.007673978805541992
0.011921882629394531
0.012429952621459961
0.012014150619506836
0.011874914169311523
0.00746607780456543
0.0042378902435302734
0.004052162170410156
0.012173891067504883
0.009949922561645508
0.014168024063110352
0.010198116302490234
0.016286134719848633
0.008316993713378906
0.0055980682373046875
0.013300180435180664
0.012695074081420898
0.013264894485473633
0.012478113174438477
0.014330148696899414
0.013763904571533203
0.010445833206176758
0.014799833297729492
0.011047124862670898
0.010619163513183594
0.013698101043701172
0.013453006744384766
0.009936094284057617
0.010498046875
0.004608869552612305
0.0048220157623291016
0.013623952865600586
0.013367891311645508
0.013245820999145508
0.0073699951171875
0.00492405891418457
0.0036840438842773438
0.01250004768371582
0.015051126480102539
0.010101079940795898
0.013302087783813477
0.017524003982543945
0.010024070739746094
0.014177799224853516
0.011142969131469727
0.014835119247436523
0.013028144836425781
0.008862972259521484
0.004091978073120117
0.009797811508178711
0.01055288314819336
0.01306295394897461
0.013264179229736328
0.012701988220214844
0.010274171829223633
0.011070013046264648
0.008934974670410156
0.006404876708984375
0.008114099502563477
0.005638837814331055
0.0033130645751953125
0.015064001083374023
0.013699054718017578
0.010277986526489258
0.017444133758544922
0.007880926132202148
0.004004955291748047
0.004161834716796875
0.004029035568237305
0.013454914093017578
0.006533145904541016
0.013423919677734375
0.00999307632446289
0.014599084854125977
0.014535903930664062
0.018455982208251953
0.013031005859375
0.013620138168334961
0.01612114906311035
0.013384103775024414
0.012494087219238281
0.014805078506469727
0.013130903244018555
0.014501094818115234
0.015182971954345703
0.013898134231567383
0.013534784317016602
0.01172184944152832
0.00843191146850586
0.005398988723754883
0.0032989978790283203
0.013406991958618164
0.0125579833984375
0.013663053512573242
0.014726877212524414
0.007502079010009766
0.006999015808105469
0.004628181457519531
0.014394044876098633
0.009870052337646484
0.009247064590454102
0.018912076950073242
0.014101982116699219
0.011800050735473633
0.0140380859375
0.013402938842773438
0.012891054153442383
0.014958858489990234
0.012555837631225586
0.00946807861328125
0.012090206146240234
0.01247406005859375
0.012394905090332031
0.012408971786499023
0.009640932083129883
0.010977029800415039
0.01258397102355957
0.010676145553588867
0.006118059158325195
0.012888908386230469
0.015461206436157227
0.013091087341308594
0.012063980102539062
0.007953166961669922
0.011878013610839844
0.0077741146087646484
0.014137029647827148
0.00581812858581543
0.015552043914794922
0.009536981582641602
0.013932943344116211
0.010210990905761719
0.011899948120117188
0.01465606689453125
0.018681049346923828
0.012645959854125977
0.015488147735595703
0.008343935012817383
0.013380050659179688
0.01590704917907715
0.009222745895385742
0.013705015182495117
0.014607906341552734
0.011754989624023438
0.0134429931640625
0.009179830551147461
0.012619972229003906
0.012765169143676758
0.01416015625
0.011844873428344727
0.01306009292602539
0.010290145874023438
0.004091978073120117
0.00923299789428711
0.004177093505859375
0.006920814514160156
0.014679670333862305
0.00959014892578125
0.010806083679199219
0.014681100845336914
0.009631872177124023
0.011300086975097656
0.014030933380126953
0.009303808212280273
0.013920783996582031
0.013010978698730469
0.010940790176391602
0.010648965835571289
0.012188911437988281
0.00799417495727539
0.007784128189086914
0.011797904968261719
0.006618976593017578
0.008684158325195312
0.00960683822631836
0.013143062591552734
0.008713960647583008
0.016669034957885742
0.011562108993530273
0.012055158615112305
0.00514984130859375
0.006084918975830078
0.015655994415283203
0.01046895980834961
0.011892080307006836
0.008383989334106445
0.004380941390991211
0.003847837448120117
0.004971027374267578
0.009474992752075195
0.006175994873046875
0.003445863723754883
0.00989389419555664
0.01387786865234375
0.008196830749511719
0.009121894836425781
0.013846158981323242
0.00912785530090332
0.00816488265991211
0.015893936157226562
0.015547990798950195
0.013443946838378906
0.013983011245727539
0.015195846557617188
0.007595062255859375
0.00469207763671875
0.011553049087524414
0.014966964721679688
0.01246500015258789
0.012870073318481445
0.01468205451965332
0.008569955825805664
0.005460977554321289
0.004851102828979492
0.004345893859863281
0.01520395278930664
0.012808799743652344
0.008301019668579102
0.011491060256958008
0.007512807846069336
0.003565073013305664
0.004185914993286133
0.014697074890136719
0.014544010162353516
0.010405778884887695
0.015329122543334961
0.0163421630859375
0.012428998947143555
0.013088226318359375
0.00902104377746582
0.012991905212402344
0.012350082397460938
0.014330148696899414
0.013627052307128906
0.009825944900512695
0.008553028106689453
0.005712985992431641
0.01402592658996582
0.012861967086791992
0.010421037673950195
0.00717616081237793
0.005480051040649414
0.003654956817626953
0.0059430599212646484
0.004391908645629883
0.009296894073486328
0.008606910705566406
0.013077020645141602
0.013149023056030273
0.009969949722290039
0.009907007217407227
0.012594938278198242
0.011006832122802734
0.014132022857666016
0.011754035949707031
0.013463020324707031
0.0076220035552978516
0.008172035217285156
0.012811899185180664
0.013863086700439453
0.013614177703857422
0.013167858123779297
0.014430046081542969
0.008307933807373047
0.005393028259277344
0.017277956008911133
0.007791042327880859
0.0053598880767822266
0.004135847091674805
0.0037899017333984375
0.008044004440307617
0.016366958618164062
0.012101888656616211
0.011978864669799805
0.008330106735229492
0.013895988464355469
0.006630897521972656
0.013738155364990234
0.015321016311645508
0.011324882507324219
0.014544010162353516
0.00939321517944336
0.012169122695922852
0.014122962951660156
0.00782012939453125
0.01293802261352539
0.014690876007080078
0.010972023010253906
0.00987100601196289
0.0063250064849853516
0.010780096054077148
0.009155988693237305
0.011907100677490234
0.00541996955871582
0.004739999771118164
0.011771917343139648
0.006056070327758789
0.0037658214569091797
0.003942966461181641
0.00434112548828125
0.00970602035522461
0.014014005661010742
0.015406131744384766
0.014286041259765625
0.0058441162109375
0.004853963851928711
0.013669013977050781
0.014766931533813477
0.013672113418579102
0.013151168823242188
0.013818025588989258
0.009055852890014648
0.008376121520996094
0.011985063552856445
0.005824089050292969
0.013890981674194336
0.015696048736572266
0.01412820816040039
0.011495828628540039
0.014204978942871094
0.009073972702026367
0.015666961669921875
0.014319896697998047
0.012495994567871094
0.015424013137817383
0.006915092468261719
0.014079093933105469
0.015506982803344727
0.008622169494628906
0.012670040130615234
0.010046958923339844
0.01105499267578125
0.01044011116027832
0.009629011154174805
0.00904083251953125
0.014861106872558594
0.013520002365112305
0.01732611656188965
0.011753082275390625
0.014018058776855469
0.01563882827758789
0.012941122055053711
0.012954950332641602
0.015210866928100586
0.013292074203491211
0.011895895004272461
0.0159759521484375
0.013579130172729492
0.008871078491210938
0.0065190792083740234
0.004392147064208984
0.009758949279785156
0.009379148483276367
0.0074138641357421875
0.017106056213378906
0.014278888702392578
0.01225900650024414
0.015498876571655273
0.013773918151855469
0.015614986419677734
0.009365081787109375
0.013549089431762695
0.012243986129760742
0.012753009796142578
0.010316133499145508
0.013314962387084961
0.014045000076293945
0.014988183975219727
0.012630939483642578
0.006745100021362305
0.004755973815917969
0.009437084197998047
0.009456872940063477
0.014174938201904297
0.014868021011352539
0.010862112045288086
0.00836491584777832
0.01237797737121582
0.017015933990478516
0.011445999145507812
0.007390022277832031
0.013917922973632812
0.01671123504638672
0.0059051513671875
0.004227161407470703
0.005947113037109375
0.012753963470458984
0.013080120086669922
0.012807130813598633
0.010241031646728516
0.012619972229003906
0.009134054183959961
0.006860971450805664
0.006411075592041016
0.009562969207763672
0.005659818649291992
0.01395416259765625
0.009704828262329102
0.01168680191040039
0.012719869613647461
0.013235092163085938
0.010767936706542969
0.006124019622802734
0.005624055862426758
0.007005929946899414
0.005239009857177734
0.008653879165649414
0.004808187484741211
0.0033791065216064453
0.004010915756225586
0.003793001174926758
0.0133209228515625
0.014316797256469727
0.014496803283691406
0.012468099594116211
0.013329029083251953
0.010031938552856445
0.013456106185913086
0.012835979461669922
0.010345935821533203
0.011630058288574219
0.012888908386230469
0.013284921646118164
0.011564016342163086
0.012969970703125
0.012253999710083008
0.016762971878051758
0.012344837188720703
0.009680986404418945
0.0054018497467041016
0.007533073425292969
0.010110616683959961
0.010689973831176758
0.012820005416870117
0.005743980407714844
0.007509708404541016
0.004848957061767578
0.0035190582275390625
0.013843774795532227
0.013218879699707031
0.00876307487487793
0.01575303077697754
0.013380050659179688
0.014213085174560547
0.016470909118652344
0.012081146240234375
0.013289928436279297
0.010849952697753906
0.010521888732910156
0.0066950321197509766
0.0054090023040771484
0.004199028015136719
0.01639699935913086
0.007297039031982422
0.009077072143554688
0.00557398796081543
0.013169050216674805
0.013077974319458008
0.013335943222045898
0.008651018142700195
0.012292861938476562
0.008542060852050781
0.007669925689697266
0.005358219146728516
0.012338876724243164
0.00716090202331543
0.004344940185546875
0.013609170913696289
0.015249013900756836
0.013059854507446289
0.007497072219848633
0.005015850067138672
0.009743928909301758
0.015243053436279297
0.013473033905029297
0.009917974472045898
0.012018918991088867
0.011876106262207031
0.01260685920715332
0.012484073638916016
0.004829883575439453
0.012243032455444336
0.0169680118560791
0.012607097625732422
0.014555931091308594
0.01232290267944336
0.011872053146362305
0.01553797721862793
0.012931108474731445
0.014283180236816406
0.012327909469604492
0.013536930084228516
0.007804155349731445
0.010410785675048828
0.013401985168457031
0.014912843704223633
0.014554738998413086
0.00906991958618164
0.012001991271972656
0.01056814193725586
0.006006002426147461
0.012590169906616211
0.013535022735595703
0.013406038284301758
0.014230966567993164
0.006514787673950195
0.008239984512329102
0.012270927429199219
0.006430864334106445
0.005399942398071289
0.006484031677246094
0.012671947479248047
0.009112834930419922
0.012048959732055664
0.01379084587097168
0.015286922454833984
0.012178897857666016
0.012186050415039062
0.006777048110961914
0.013340950012207031
0.014059066772460938
0.011709928512573242
0.014681100845336914
0.01658177375793457
0.017208099365234375
0.012573957443237305
0.01372218132019043
0.016089916229248047
0.012952089309692383
0.013276815414428711
0.014290094375610352
0.012948989868164062
0.012065887451171875
0.011297941207885742
0.01299285888671875
0.01395416259765625
0.0162961483001709
0.009474992752075195
0.014358758926391602
0.01454615592956543
0.014925956726074219
0.012761831283569336
0.009921073913574219
0.016523122787475586
0.01071310043334961
0.012926816940307617
0.009991168975830078
0.013300895690917969
0.008669853210449219
0.004277944564819336
0.0072438716888427734
0.011298894882202148
0.014802932739257812
0.015008926391601562
0.010135889053344727
0.011956930160522461
0.012340068817138672
0.0061070919036865234
0.005920886993408203
0.0048160552978515625
0.003765106201171875
0.006712913513183594
0.00414586067199707
0.014071941375732422
0.009495019912719727
0.013720989227294922
0.013814926147460938
0.007124900817871094
0.007200002670288086
0.0057392120361328125
0.003787994384765625
0.006440162658691406
0.0037539005279541016
0.012740135192871094
0.008281946182250977
0.009476900100708008
0.01699090003967285
0.010313987731933594
0.016561031341552734
0.01571798324584961
0.014354944229125977
0.015267133712768555
0.01564788818359375
0.013630151748657227
0.008527040481567383
0.011812925338745117
0.01487112045288086
0.013616800308227539
0.011350870132446289
0.0059621334075927734
0.011413097381591797
0.013844966888427734
0.012916088104248047
0.011222124099731445
0.007134914398193359
0.01504206657409668
0.014827966690063477
0.009361982345581055
0.00913381576538086
0.013807058334350586
0.01288604736328125
0.01912212371826172
0.008336067199707031
0.01373910903930664
0.005978822708129883
0.005797147750854492
0.013197898864746094
0.0076410770416259766
0.012729883193969727
0.016857147216796875
0.015021085739135742
0.014844179153442383
0.00663304328918457
0.0045239925384521484
0.0051271915435791016
0.003729104995727539
0.014744043350219727
0.01230001449584961
0.013814210891723633
0.013171911239624023
0.01376199722290039
0.007444143295288086
0.014698982238769531
0.007556915283203125
0.004664182662963867
0.010457038879394531
0.013733863830566406
0.016561031341552734
0.010455846786499023
0.010381937026977539
0.015320062637329102
0.013188838958740234
0.010019063949584961
0.01499319076538086
0.013838052749633789
0.014137029647827148
0.0077190399169921875
0.012848138809204102
0.0061261653900146484
0.0038449764251708984
0.014346837997436523
0.01384592056274414
0.011708974838256836
0.012147188186645508
0.007030010223388672
0.007030963897705078
0.00896000862121582
0.007537126541137695
0.0073888301849365234
0.012346029281616211
0.009118080139160156
0.014046907424926758
0.014371871948242188
0.010725021362304688
0.0061070919036865234
0.013799905776977539
0.010319948196411133
0.007938146591186523
0.004333019256591797
0.004410982131958008
0.004991054534912109
0.0042459964752197266
0.013523101806640625
0.00757598876953125
0.00432896614074707
0.010318994522094727
0.013291120529174805
0.012474775314331055
0.007603168487548828
0.004319190979003906
0.004265785217285156
0.003877878189086914
0.016049861907958984
0.014966964721679688
0.013544082641601562
0.015265941619873047
0.009992122650146484
0.012285947799682617
0.014925241470336914
0.008345842361450195
0.014116048812866211
0.013974905014038086
0.013931989669799805
0.009602069854736328
0.006557941436767578
0.005348920822143555
0.013386964797973633
0.014908075332641602
0.009465932846069336
0.01214289665222168
0.013938188552856445
0.009479999542236328
0.015527009963989258
0.008040904998779297
0.013481855392456055
0.017126083374023438
0.006042957305908203
0.006710052490234375
0.005349874496459961
0.00347900390625
0.005424976348876953
0.0037920475006103516
0.003936052322387695
0.005081892013549805
0.003715991973876953
0.0046901702880859375
0.006551980972290039
0.011705875396728516
0.009428977966308594
0.014672994613647461
0.009654998779296875
0.013805866241455078
0.01179814338684082
0.012367010116577148
0.007158994674682617
0.015822887420654297
0.00874018669128418
0.009361982345581055
0.016643047332763672
0.015986919403076172
0.015285968780517578
0.015527009963989258
0.015880107879638672
0.015542984008789062
0.009757041931152344
0.016089916229248047
0.016650915145874023
0.012962102890014648
0.013545989990234375
0.016783952713012695
0.008968114852905273
0.008714914321899414
0.009775161743164062
0.014706850051879883
0.01556706428527832
0.01404881477355957
0.009958982467651367
0.013665914535522461
0.009227991104125977
0.01563286781311035
0.011975765228271484
0.01330113410949707
0.009585857391357422
0.013664960861206055
0.015748023986816406
0.01279902458190918
0.013180017471313477
0.008960962295532227
0.009868144989013672
0.015314102172851562
0.012541055679321289
0.00983881950378418
0.0065729618072509766
0.007498025894165039
0.006124973297119141
0.003631114959716797
0.010221004486083984
0.012459039688110352
0.00893092155456543
0.014930963516235352
0.00728607177734375
0.00995492935180664
0.014829158782958984
0.014239072799682617
0.010530948638916016
0.005248069763183594
0.016002893447875977
0.012923002243041992
0.01500701904296875
0.008081197738647461
0.012192964553833008
0.013972043991088867
0.013002157211303711
0.010385990142822266
0.015080690383911133
0.01355600357055664
0.008218050003051758
0.006844043731689453
0.012751102447509766
0.010951042175292969
0.0134429931640625
0.013959169387817383
0.009299993515014648
0.015175104141235352
0.015176057815551758
0.014311075210571289
0.011332988739013672
0.014895915985107422
0.013748884201049805
0.012918949127197266
0.014742136001586914
0.012346744537353516
0.011328935623168945
0.014189004898071289
0.007577180862426758
0.012614011764526367
0.00875997543334961
0.0045070648193359375
0.004055976867675781
0.003894805908203125
0.007697105407714844
0.004834890365600586
0.0037059783935546875
0.004474163055419922
0.009714126586914062
0.011569023132324219
0.006733894348144531
0.011228084564208984
0.01016092300415039
0.010246992111206055
0.010794878005981445
0.0056798458099365234
0.007030010223388672
0.00869607925415039
0.008582115173339844
0.010502099990844727
0.011876106262207031
0.015020132064819336
0.01283884048461914
0.011120080947875977
0.007236957550048828
0.004782915115356445
0.0040400028228759766
0.01376795768737793
0.009985923767089844
0.016366958618164062
0.012812137603759766
0.013872861862182617
0.010185003280639648
0.01600790023803711
0.013655900955200195
0.013029098510742188
0.014638900756835938
0.007873058319091797
0.010113954544067383
0.012781143188476562
0.005764007568359375
0.005498170852661133
0.008146047592163086
0.009696006774902344
0.010123014450073242
0.010451078414916992
0.012154817581176758
0.010560989379882812
0.010956048965454102
0.008121013641357422
0.0050067901611328125
0.003957986831665039
0.004323005676269531
0.011332988739013672
0.012892007827758789
0.011539936065673828
0.011560916900634766
0.008399009704589844
0.004945039749145508
0.00931096076965332
0.004461050033569336
0.004340171813964844
0.0036051273345947266
0.011939048767089844
0.014417886734008789
0.011425971984863281
0.01335287094116211
0.015893220901489258
0.016318082809448242
0.009682178497314453
0.006532192230224609
0.012089014053344727
0.010411977767944336
0.013659000396728516
0.007288932800292969
0.01090383529663086
0.010580062866210938
0.005168914794921875
0.007209062576293945
0.005570888519287109
0.010773181915283203
0.01656484603881836
0.013503074645996094
0.012414932250976562
0.01450204849243164
0.012432098388671875
0.012131214141845703
0.015462636947631836
0.012188196182250977
0.014442920684814453
0.017650127410888672
0.007428884506225586
0.012626886367797852
0.015949010848999023
0.0077860355377197266
0.015286922454833984
0.00834798812866211
0.011617898941040039
0.016997098922729492
0.009109020233154297
0.012965917587280273
0.014168024063110352
0.008841991424560547
0.006428956985473633
0.014491081237792969
0.01341700553894043
0.014075040817260742
0.008443117141723633
0.012923955917358398
0.013298988342285156
0.015352010726928711
0.010384798049926758
0.013293981552124023
0.01645183563232422
0.014039993286132812
0.014777183532714844
0.011847972869873047
0.005747079849243164
0.004373073577880859
0.011714935302734375
0.008765935897827148
0.011821985244750977
0.015547037124633789
0.015000104904174805
0.012135982513427734
0.013649940490722656
0.01517486572265625
0.01435708999633789
0.013097047805786133
0.014201879501342773
0.014029979705810547
0.007879018783569336
0.0053730010986328125
0.01389002799987793
0.014369964599609375
0.011070966720581055
0.009139060974121094
0.016221046447753906
0.012698173522949219
0.013202905654907227
0.010300159454345703
0.0047609806060791016
0.00989079475402832
0.013545036315917969
0.013244152069091797
0.013202190399169922
0.011198043823242188
0.0069811344146728516
0.015303850173950195
0.01322793960571289
0.00954890251159668
0.011057853698730469
0.005513191223144531
0.003459930419921875
0.012894153594970703
0.013258934020996094
0.009611845016479492
0.009265899658203125
0.011662006378173828
0.006212949752807617
0.013864994049072266
0.007840156555175781
0.012066125869750977
0.013356924057006836
0.016952991485595703
0.011970996856689453
0.009517908096313477
0.015045881271362305
0.01225900650024414
0.013985157012939453
0.013436079025268555
0.008868932723999023
0.010653018951416016
0.013666868209838867
0.005864143371582031
0.004583120346069336
0.004137992858886719
0.012616872787475586
0.01349020004272461
0.009294986724853516
0.014611959457397461
0.009436845779418945
0.014117002487182617
0.009073019027709961
0.015562772750854492
0.009079933166503906
0.01740097999572754
0.009914159774780273
0.014549970626831055
0.01553201675415039
0.01450800895690918
0.014528036117553711
0.017073869705200195
0.013682126998901367
0.012610912322998047
0.014955997467041016
0.014930963516235352
0.013231039047241211
0.014799118041992188
0.012382984161376953
0.011780977249145508
0.010872840881347656
0.004904031753540039
0.003756999969482422
0.008883953094482422
0.01372385025024414
0.015382051467895508
0.008351802825927734
0.013297080993652344
0.01081705093383789
0.005298137664794922
0.01335906982421875
0.010882139205932617
0.01328420639038086
0.014648199081420898
0.011256933212280273
0.009388208389282227
0.013323068618774414
0.012814044952392578
0.009952068328857422
0.006433010101318359
0.004263877868652344
0.0060918331146240234
0.013531923294067383
0.011484861373901367
0.012599945068359375
0.01009988784790039
0.009203910827636719
0.012382030487060547
0.010707855224609375
0.006966829299926758
0.005385160446166992
0.004036903381347656
0.011773109436035156
0.0058519840240478516
0.013182878494262695
0.014202117919921875
0.010924100875854492
0.011173009872436523
0.012846946716308594
0.009580135345458984
0.01252603530883789
0.006795167922973633
0.004106044769287109
0.004297018051147461
0.013427972793579102
0.011307001113891602
0.01601099967956543
0.009769916534423828
0.010092020034790039
0.012371063232421875
0.014338016510009766
0.011732101440429688
0.016532182693481445
0.009884119033813477
0.00640106201171875
0.012817144393920898
0.00816202163696289
0.005585908889770508
0.004073143005371094
0.005227088928222656
0.011075735092163086
0.012064933776855469
0.013833045959472656
0.012677907943725586
0.01415705680847168
0.009946107864379883
0.013046979904174805
0.013916015625
0.011506080627441406
0.012951850891113281
0.010931968688964844
0.008940935134887695
0.014369964599609375
0.009653091430664062
0.013071060180664062
0.008056163787841797
0.005240917205810547
0.006051063537597656
0.004403829574584961
0.013414144515991211
0.014436960220336914
0.015549898147583008
0.013048887252807617
0.008862018585205078
0.00999307632446289
0.014309883117675781
0.013801813125610352
0.012802839279174805
0.01250910758972168
0.015225887298583984
0.0064160823822021484
0.0042879581451416016
0.00625300407409668
0.0042688846588134766
0.008029937744140625
0.011310100555419922
0.013618946075439453
0.012563943862915039
0.011365175247192383
0.010306119918823242
0.009516000747680664
0.013350963592529297
0.011760950088500977
0.013209819793701172
0.012388944625854492
0.01613616943359375
0.010690927505493164
0.010911703109741211
0.006384134292602539
0.014490127563476562
0.018811941146850586
0.016176939010620117
0.008862018585205078
0.014718055725097656
0.014635801315307617
0.012518167495727539
0.016703128814697266
0.014167070388793945
0.01415109634399414
0.014292001724243164
0.0065119266510009766
0.006578922271728516
0.015609979629516602
0.016327857971191406
0.010539054870605469
0.016252994537353516
0.014174938201904297
0.012845993041992188
0.014576911926269531
0.010333061218261719
0.005803823471069336
0.00471186637878418
0.0035119056701660156
0.010831594467163086
0.0054209232330322266
0.0044040679931640625
0.015240907669067383
0.0072879791259765625
0.005280017852783203
0.013231039047241211
0.015009880065917969
0.017332077026367188
0.014054059982299805
0.011686086654663086
0.015231132507324219
0.012108087539672852
0.0074920654296875
0.005693912506103516
0.011304855346679688
0.015128850936889648
0.013051033020019531
0.013054132461547852
0.01528310775756836
0.00990605354309082
0.011395931243896484
0.008327007293701172
0.008820056915283203
0.004973888397216797
0.0034928321838378906
0.006437063217163086
0.011270999908447266
0.01288294792175293
0.013674020767211914
0.011016130447387695
0.01354217529296875
0.013834953308105469
0.014242887496948242
0.0087890625
0.004170894622802734
0.004173994064331055
0.013005971908569336
0.016422033309936523
0.00799417495727539
0.015287160873413086
0.01063084602355957
0.011172056198120117
0.013342142105102539
0.014816999435424805
0.013514041900634766
0.012682914733886719
0.013104915618896484
0.01306915283203125
0.01581597328186035
0.013969898223876953
0.010649919509887695
0.0075647830963134766
0.01312398910522461
0.0076940059661865234
0.010067939758300781
0.004628896713256836
0.0043430328369140625
0.008594989776611328
0.014635086059570312
0.012145042419433594
0.012336969375610352
0.008826971054077148
0.008030891418457031
0.008023977279663086
0.012218952178955078
0.006062984466552734
0.004319906234741211
0.0034110546112060547
0.0038590431213378906
0.013760089874267578
0.013866901397705078
0.006532907485961914
0.0038499832153320312
0.004334211349487305
0.0034880638122558594
0.003643035888671875
0.009227991104125977
0.013050079345703125
0.014494895935058594
0.014925956726074219
0.014668941497802734
0.013194084167480469
0.01420283317565918
0.013101816177368164
0.008358955383300781
0.014774084091186523
0.012907028198242188
0.01215505599975586
0.011581182479858398
0.01070404052734375
0.010043144226074219
0.006330013275146484
0.0049228668212890625
0.010390996932983398
0.005493879318237305
0.010144948959350586
0.005002021789550781
0.006648063659667969
0.00488591194152832
0.011281013488769531
0.006185054779052734
0.013263940811157227
0.011135101318359375
0.012086153030395508
0.00996708869934082
0.009473085403442383
0.004847049713134766
0.0031290054321289062
0.010487079620361328
0.01852893829345703
0.01737809181213379
0.017096996307373047
0.00801396369934082
0.01526188850402832
0.011433124542236328
0.009340047836303711
0.019948959350585938
0.0117340087890625
0.009307861328125
0.015070915222167969
0.016501188278198242
0.009186983108520508
0.015055179595947266
0.006021022796630859
0.007266998291015625
0.005548954010009766
0.006840944290161133
0.010665178298950195
0.014409065246582031
0.013817071914672852
0.011435985565185547
0.006829977035522461
0.008028030395507812
0.004118919372558594
0.003599882125854492
0.007680177688598633
0.0041849613189697266
0.003787994384765625
0.007386922836303711
0.00706791877746582
0.012995004653930664
0.014503002166748047
0.015460968017578125
0.015047788619995117
0.012128114700317383
0.010809898376464844
0.009498119354248047
0.01607799530029297
0.01007390022277832
0.011974811553955078
0.01481485366821289
0.01141500473022461
0.01318216323852539
0.015790939331054688
0.015180110931396484
0.008699893951416016
0.015759944915771484
0.014030933380126953
0.010262012481689453
0.010663986206054688
0.007614850997924805
0.0166628360748291
0.016527175903320312
0.013734102249145508
0.016144990921020508
0.01299905776977539
0.007114887237548828
0.014751195907592773
0.012309074401855469
0.016061067581176758
0.012514829635620117
0.010486125946044922
0.012295961380004883
0.006373882293701172
0.01334691047668457
0.013921022415161133
0.012735843658447266
0.009588003158569336
0.01792001724243164
0.017019987106323242
0.009528160095214844
0.015697002410888672
0.01258087158203125
0.01431894302368164
0.014501094818115234
0.012597799301147461
0.014856100082397461
0.014159202575683594
0.009652137756347656
0.010557174682617188
0.014740943908691406
0.014150142669677734
0.012588024139404297
0.010861873626708984
0.012853860855102539
0.014451026916503906
0.008033037185668945
0.012918949127197266
0.006009101867675781
0.010920047760009766
0.011754989624023438
0.014132022857666016
0.009810924530029297
0.00855398178100586
0.0071179866790771484
0.007277965545654297
0.004311800003051758
0.008149862289428711
0.004063129425048828
0.0037310123443603516
0.003587007522583008
0.003412961959838867
0.011556148529052734
0.008721113204956055
0.009398937225341797
0.017258167266845703
0.013313055038452148
0.009872198104858398
0.010126113891601562
0.01150202751159668
0.013885974884033203
0.013365030288696289
0.006836891174316406
0.013083934783935547
0.006958961486816406
0.004724979400634766
0.014961957931518555
0.014056921005249023
0.010776042938232422
0.010671138763427734
0.006649017333984375
0.00451207160949707
0.004045963287353516
0.012696981430053711
0.015212059020996094
0.00876307487487793
0.013221979141235352
0.010179996490478516
0.004415988922119141
0.017174959182739258
0.016043901443481445
0.012661933898925781
0.015640974044799805
0.011714935302734375
0.014650106430053711
0.007786989212036133
0.004375934600830078
0.012911796569824219
0.01589512825012207
0.01423501968383789
0.011176824569702148
0.004904985427856445
0.009151935577392578
0.015213966369628906
0.012579917907714844
0.010834932327270508
0.0043299198150634766
0.003866910934448242
0.009648799896240234
0.014446020126342773
0.01981496810913086
0.009180068969726562
0.014886856079101562
0.012536048889160156
0.013334035873413086
0.0144500732421875
0.013574838638305664
0.011157989501953125
0.015804052352905273
0.00904393196105957
0.014127969741821289
0.007931947708129883
0.008053064346313477
0.013981103897094727
0.011354923248291016
0.011846780776977539
0.013870000839233398
0.010071992874145508
0.00763702392578125
0.007642030715942383
0.0047109127044677734
0.01505899429321289
0.01586604118347168
0.00580286979675293
0.0058901309967041016
0.0036988258361816406
0.0038788318634033203
0.012974023818969727
0.009308099746704102
0.011820077896118164
0.009192943572998047
0.017096996307373047
0.014696836471557617
0.011008977890014648
0.01498103141784668
0.014719963073730469
0.006866931915283203
0.009202003479003906
0.01365518569946289
0.013349056243896484
0.012183904647827148
0.006732940673828125
0.005228996276855469
0.0054700374603271484
0.0076751708984375
0.008632898330688477
0.009790897369384766
0.005860090255737305
0.013447046279907227
0.012650012969970703
0.007653951644897461
0.008893966674804688
0.013665914535522461
0.008218050003051758
0.004956960678100586
0.003963947296142578
0.010330915451049805
0.009440898895263672
0.013017892837524414
0.017584800720214844
0.007647037506103516
0.012985944747924805
0.01520991325378418
0.01415395736694336
0.013322830200195312
0.012033224105834961
0.013897895812988281
0.00898599624633789
0.01470184326171875
0.012995004653930664
0.013882875442504883
0.01287698745727539
0.010542869567871094
0.013434886932373047
0.009566068649291992
0.0067980289459228516
0.006206035614013672
0.004830837249755859
0.012742996215820312
0.013531923294067383
0.007809877395629883
0.012648820877075195
0.0070400238037109375
0.0037078857421875
0.0036110877990722656
0.012598991394042969
0.0048980712890625
0.0042760372161865234
0.008326053619384766
0.004540205001831055
0.010116100311279297
0.012017011642456055
0.010478973388671875
0.013438940048217773
0.013420820236206055
0.007751941680908203
0.004939079284667969
0.004377841949462891
0.011544942855834961
0.016389846801757812
0.013930082321166992
0.012472867965698242
0.01427602767944336
0.01111292839050293
0.012372016906738281
0.011964082717895508
0.012515068054199219
0.012929916381835938
0.014325857162475586
0.012789011001586914
0.012638092041015625
0.015815019607543945
0.007688999176025391
0.01500391960144043
0.012073993682861328
0.005063056945800781
0.013769865036010742
0.014286994934082031
0.014647960662841797
0.010069847106933594
0.012984037399291992
0.014569997787475586
0.015549182891845703
0.014856100082397461
0.01124715805053711
0.014551877975463867
0.013681173324584961
0.014246940612792969
0.007819890975952148
0.005490779876708984
0.01575183868408203
0.012632131576538086
0.012292861938476562
0.013731002807617188
0.00847005844116211
0.005288124084472656
0.01106715202331543
0.010015010833740234
0.009306907653808594
0.011533975601196289
0.005307912826538086
0.004281044006347656
0.010703086853027344
0.009570837020874023
0.005775928497314453
0.0032799243927001953
0.004071950912475586
0.007429838180541992
0.0036020278930664062
0.004163026809692383
0.003319978713989258
0.004246950149536133
0.0039560794830322266
0.003587007522583008
0.004302024841308594
0.004824161529541016
0.0032629966735839844
0.003431081771850586
0.004462003707885742
0.004339933395385742
0.004090070724487305
0.003629922866821289
0.0037169456481933594
0.004002094268798828
0.004235029220581055
0.0036208629608154297
0.0038750171661376953
0.0041959285736083984
0.005754947662353516
0.003936052322387695
0.003937959671020508
0.0035419464111328125
0.004189968109130859
0.003651857376098633
0.0036478042602539062
0.0047109127044677734
0.003880023956298828
0.004483938217163086
0.003696918487548828
0.0046389102935791016
0.0034368038177490234
0.003590106964111328
0.0041921138763427734
0.0034379959106445312
0.004164934158325195
0.0034279823303222656
0.0034508705139160156
0.004230976104736328
0.0035490989685058594
0.004236936569213867
0.003640890121459961
0.0040400028228759766
0.003993034362792969
0.003345966339111328
0.004564046859741211
0.003710031509399414
0.003426074981689453
0.0041730403900146484
0.0038259029388427734
0.0037839412689208984
0.011752128601074219
0.005815029144287109
0.0034608840942382812
0.004040956497192383
0.003593921661376953
0.003359079360961914
0.00420689582824707
0.003378152847290039
0.0036978721618652344
