0.022721052169799805
0.02718806266784668
0.02705097198486328
0.024006128311157227
0.027662992477416992
0.027780771255493164
0.026107072830200195
0.031256914138793945
0.025707006454467773
0.028187036514282227
0.026281118392944336
0.02757096290588379
0.022635698318481445
0.025939226150512695
0.02935004234313965
0.029549837112426758
0.022532939910888672
0.02864217758178711
0.024952173233032227
0.023940086364746094
0.033209800720214844
0.025554180145263672
0.026402950286865234
0.02809000015258789
0.025404930114746094
0.024014949798583984
0.02585291862487793
0.027304887771606445
0.03187108039855957
0.02929997444152832
0.0343937873840332
0.02598285675048828
0.02840423583984375
0.14386296272277832
0.021905899047851562
0.02613091468811035
0.025196075439453125
0.021754026412963867
0.02591419219970703
0.025689125061035156
0.029588937759399414
0.027660846710205078
0.02423095703125
0.029881954193115234
0.02860093116760254
0.025481224060058594
0.024277925491333008
0.024500131607055664
0.03040909767150879
0.024357080459594727
0.023470163345336914
0.0266420841217041
0.024290084838867188
0.026278972625732422
0.023591995239257812
0.0316319465637207
0.026111125946044922
0.029858112335205078
0.02667069435119629
0.02410721778869629
0.0234830379486084
0.024353981018066406
0.02364063262939453
0.023981809616088867
0.02316904067993164
0.02721714973449707
0.023962020874023438
0.02535104751586914
0.02547597885131836
0.024713993072509766
0.028131961822509766
0.02624201774597168
0.023010969161987305
0.026276111602783203
0.031858205795288086
0.024410009384155273
0.0252530574798584
0.026053905487060547
0.026015043258666992
0.027888059616088867
0.029088973999023438
0.022738218307495117
0.03881192207336426
0.12871289253234863
0.024394989013671875
0.02579498291015625
0.029162883758544922
0.023754119873046875
0.028398990631103516
0.027151107788085938
0.025873899459838867
0.021661043167114258
0.024166107177734375
0.025762081146240234
0.024667978286743164
0.02242302894592285
0.025529146194458008
0.02462911605834961
0.028825044631958008
0.023149728775024414
0.02398085594177246
0.024041175842285156
0.025558948516845703
0.027796030044555664
0.029040098190307617
0.025779008865356445
0.0262298583984375
0.0232851505279541
0.026526927947998047
0.023581266403198242
0.024756908416748047
0.023608922958374023
0.026825904846191406
0.023122787475585938
0.025285959243774414
0.03878188133239746
0.03237414360046387
0.036810874938964844
0.03399801254272461
0.03455305099487305
0.03203105926513672
0.04133796691894531
0.0312039852142334
0.029466867446899414
0.030598878860473633
0.026484966278076172
0.038828134536743164
0.13424086570739746
0.023073911666870117
0.026729106903076172
0.028198957443237305
0.02686905860900879
0.02640819549560547
0.030555009841918945
0.024027109146118164
0.028909921646118164
0.029307126998901367
0.023797035217285156
0.026614904403686523
0.026696205139160156
0.028350830078125
0.0237429141998291
0.026315927505493164
0.028820037841796875
0.032958030700683594
0.027091026306152344
0.03210783004760742
0.028976917266845703
0.029139995574951172
0.02420496940612793
0.025723934173583984
0.02177906036376953
0.026196956634521484
0.028289794921875
0.027575016021728516
0.025372982025146484
0.025686979293823242
0.028133153915405273
0.024127960205078125
0.02389693260192871
0.02217411994934082
0.0340731143951416
0.025133848190307617
0.14245104789733887
0.025518178939819336
0.025398969650268555
0.026267051696777344
0.03189396858215332
0.02720499038696289
0.026751995086669922
0.02291417121887207
0.027064085006713867
0.026028871536254883
0.024993896484375
0.027103185653686523
0.024412155151367188
0.023456096649169922
0.027952909469604492
0.02694392204284668
0.025143861770629883
0.026716232299804688
0.025529146194458008
0.025606155395507812
0.02633500099182129
0.028693199157714844
0.02666497230529785
0.029017925262451172
0.025850772857666016
0.026664018630981445
0.02556300163269043
0.025386810302734375
0.03159189224243164
0.027019023895263672
0.026820898056030273
0.023745059967041016
0.02794623374938965
0.028903961181640625
0.023229122161865234
0.02503204345703125
0.02584218978881836
0.025491952896118164
0.026535987854003906
0.026327848434448242
0.025712966918945312
0.027189016342163086
0.025198936462402344
0.02691507339477539
0.027176856994628906
0.0291750431060791
0.0293581485748291
0.027247190475463867
0.02695298194885254
0.02939295768737793
0.025299787521362305
0.028458833694458008
0.03875899314880371
0.1346759796142578
0.024937868118286133
0.025762081146240234
0.02730584144592285
0.02333998680114746
0.028117895126342773
0.03380894660949707
0.02852487564086914
0.03156304359436035
0.027942895889282227
0.0242159366607666
0.027198076248168945
0.025484085083007812
0.025603055953979492
0.026469945907592773
0.026283979415893555
0.03619503974914551
0.02777099609375
0.02512812614440918
0.025448083877563477
0.025056123733520508
0.026807785034179688
0.030066967010498047
0.02491307258605957
0.025107145309448242
0.032651662826538086
0.034728050231933594
0.025331974029541016
0.03554677963256836
0.023378849029541016
0.025969982147216797
0.027226924896240234
0.027128934860229492
0.02913212776184082
0.026167869567871094
0.02864694595336914
0.02755904197692871
0.025896072387695312
0.025564193725585938
0.02397894859313965
0.028653860092163086
0.02843308448791504
0.023382902145385742
0.028914213180541992
0.037214040756225586
0.1340498924255371
0.032544612884521484
0.023164987564086914
0.029855012893676758
0.02584099769592285
0.027519941329956055
0.024486064910888672
0.028052806854248047
0.024762868881225586
0.027904987335205078
0.026090621948242188
0.026304960250854492
0.02808213233947754
0.028028011322021484
0.02493000030517578
0.023563146591186523
0.029938936233520508
0.024857044219970703
0.026482820510864258
0.026217937469482422
0.030891895294189453
0.025341033935546875
0.025279998779296875
0.027554035186767578
0.02880692481994629
0.025808095932006836
0.02702498435974121
0.023825883865356445
0.025288105010986328
0.023906946182250977
0.029571056365966797
0.028789997100830078
0.02805781364440918
0.026318073272705078
0.024899959564208984
0.02567005157470703
0.02855205535888672
0.02632284164428711
0.029082059860229492
0.02851414680480957
0.02468109130859375
0.029217004776000977
0.025321006774902344
0.02824091911315918
0.025192975997924805
0.02906203269958496
0.02642512321472168
0.024216890335083008
0.024847030639648438
0.02755284309387207
0.024852991104125977
0.024357080459594727
0.03676581382751465
0.12984800338745117
0.026271820068359375
0.02665400505065918
0.023334980010986328
0.024914979934692383
0.021272897720336914
0.024860143661499023
0.027961015701293945
0.02757406234741211
0.029253005981445312
0.0283200740814209
0.024077177047729492
0.027904987335205078
0.027506113052368164
0.023405075073242188
0.023190975189208984
0.029259920120239258
0.022413015365600586
0.027637958526611328
0.02763509750366211
0.027454137802124023
0.025246858596801758
0.02612614631652832
0.027081012725830078
0.028230905532836914
0.024505138397216797
0.028398990631103516
0.025300979614257812
0.027923107147216797
0.026842117309570312
0.02999114990234375
0.027101993560791016
0.035392045974731445
0.02641010284423828
0.024866104125976562
0.024657249450683594
0.02486705780029297
0.029252052307128906
0.026048660278320312
0.026533126831054688
0.030947208404541016
0.026247024536132812
0.027454853057861328
0.02637505531311035
0.024309158325195312
0.025157928466796875
0.02866196632385254
0.026964187622070312
0.02527904510498047
0.025979995727539062
0.02708911895751953
0.15109801292419434
0.03335285186767578
0.023347854614257812
0.027359962463378906
0.029853105545043945
0.023452043533325195
0.025128841400146484
0.025128841400146484
0.031968116760253906
0.025951147079467773
0.027311086654663086
0.025674104690551758
0.02674388885498047
0.024835824966430664
0.025582075119018555
0.024703264236450195
0.03290414810180664
0.03892207145690918
0.03125119209289551
0.025538206100463867
0.026713132858276367
0.03848886489868164
0.027391672134399414
0.03339195251464844
0.02789902687072754
0.04153704643249512
0.026121139526367188
0.028364181518554688
0.0283811092376709
0.026313066482543945
0.025989055633544922
0.026196002960205078
0.02368903160095215
0.029622793197631836
0.028187990188598633
0.027804136276245117
0.029980897903442383
0.029341936111450195
0.0410771369934082
0.02335667610168457
0.026684045791625977
0.03338289260864258
0.03945183753967285
0.13080501556396484
0.023303985595703125
0.025599956512451172
0.0238800048828125
0.02614593505859375
0.028462886810302734
0.02850198745727539
0.024770259857177734
0.02424788475036621
0.03702712059020996
0.030279159545898438
0.02265000343322754
0.02487802505493164
0.02513599395751953
0.02717900276184082
0.026694059371948242
0.02906012535095215
0.02834486961364746
0.02303600311279297
0.02306199073791504
0.02861785888671875
0.029419660568237305
0.023529052734375
0.02733922004699707
0.024698972702026367
0.02292799949645996
0.02585005760192871
0.023997068405151367
0.023452043533325195
0.0232851505279541
0.02720808982849121
0.026898860931396484
0.024316072463989258
0.02731490135192871
0.027215957641601562
0.030138731002807617
0.03086686134338379
0.031846046447753906
0.026363134384155273
0.027535200119018555
0.030318021774291992
0.02919793128967285
0.0300750732421875
0.02947711944580078
0.025560855865478516
0.02378702163696289
0.029725074768066406
0.039696693420410156
0.13155889511108398
0.02589702606201172
0.02626204490661621
0.02819085121154785
0.026247024536132812
0.024921178817749023
0.029954910278320312
0.03848910331726074
0.024142980575561523
0.02483201026916504
0.03160595893859863
0.02584218978881836
0.02516484260559082
0.023106098175048828
0.0262148380279541
0.02383708953857422
0.025534868240356445
0.027872800827026367
0.025648832321166992
0.028914928436279297
0.02537703514099121
0.024111032485961914
0.027153968811035156
0.026439905166625977
0.028422832489013672
0.025181055068969727
0.027207136154174805
0.025528907775878906
0.02691197395324707
0.027428865432739258
0.02622818946838379
0.028614044189453125
0.024739980697631836
0.023962020874023438
0.028877973556518555
0.026224851608276367
0.030682086944580078
0.03296685218811035
0.022693157196044922
0.024494171142578125
0.02454996109008789
0.02711009979248047
0.023715972900390625
0.025349140167236328
0.028974056243896484
0.025397062301635742
0.0317530632019043
0.025455951690673828
0.025210857391357422
0.031790971755981445
0.025669097900390625
0.0319669246673584
0.024597883224487305
0.041277170181274414
0.1297299861907959
0.025677919387817383
0.02612614631652832
0.02919292449951172
0.028277158737182617
0.026396989822387695
0.024605989456176758
0.02752518653869629
0.02437281608581543
0.03308916091918945
0.025952816009521484
0.03137707710266113
0.03884291648864746
0.029098987579345703
0.03343796730041504
0.026074886322021484
0.02503800392150879
0.0248410701751709
0.035486698150634766
0.028353214263916016
0.02824997901916504
0.02356719970703125
0.03467297554016113
0.02615499496459961
0.03142595291137695
0.026122093200683594
0.026983976364135742
0.027094125747680664
0.024959087371826172
0.0248110294342041
0.02428579330444336
0.025152921676635742
0.027353763580322266
0.025889873504638672
0.022758007049560547
0.02642989158630371
0.024831056594848633
0.02855205535888672
0.02777695655822754
0.024183988571166992
0.02191615104675293
0.025352001190185547
0.02633500099182129
0.02564215660095215
0.038503170013427734
0.13208985328674316
0.02537703514099121
0.022350072860717773
0.025548934936523438
0.026860952377319336
0.023968935012817383
0.027775049209594727
0.024631023406982422
0.024996042251586914
0.029740095138549805
0.025943994522094727
0.023807048797607422
0.026073932647705078
0.027152061462402344
0.02587103843688965
0.02650904655456543
0.025408029556274414
0.022881031036376953
0.02919912338256836
0.026237010955810547
0.02577686309814453
0.02680802345275879
0.026671171188354492
0.02875208854675293
0.027247190475463867
0.022598981857299805
0.024792909622192383
0.025333881378173828
0.024280071258544922
0.02529001235961914
0.026283979415893555
0.02549290657043457
0.024073123931884766
0.02367997169494629
0.024466991424560547
0.03326296806335449
0.03298187255859375
0.023788928985595703
0.02559494972229004
0.029230117797851562
0.028347015380859375
0.030621051788330078
0.02651810646057129
0.02965402603149414
0.026387929916381836
0.02821493148803711
0.029464006423950195
0.029400110244750977
0.028829097747802734
0.029546022415161133
0.02419900894165039
0.04224085807800293
0.13364696502685547
0.025849103927612305
0.02243494987487793
0.03857994079589844
0.027127981185913086
0.02814006805419922
0.026121139526367188
0.024158000946044922
0.026973962783813477
0.02354907989501953
0.03148508071899414
0.026495933532714844
0.02330303192138672
0.0247800350189209
0.026183128356933594
0.02719402313232422
0.025105953216552734
0.025503158569335938
0.02554011344909668
0.02789783477783203
0.023160219192504883
0.027521848678588867
0.02540898323059082
0.024847030639648438
0.02520012855529785
0.025104045867919922
0.02367997169494629
0.02215409278869629
0.025413036346435547
0.02873086929321289
0.022405147552490234
0.022655010223388672
0.023002147674560547
0.025030136108398438
0.026700973510742188
0.02698802947998047
0.023541927337646484
0.025583982467651367
0.029790639877319336
0.027946949005126953
0.02579498291015625
0.026458024978637695
0.02657794952392578
0.029340028762817383
0.02907705307006836
0.022984743118286133
0.02608489990234375
0.02569103240966797
0.023921728134155273
0.03839111328125
0.13282203674316406
0.025335073471069336
0.022603988647460938
0.02503180503845215
0.026324033737182617
0.02346205711364746
0.02745509147644043
0.029814958572387695
0.024339914321899414
0.026263952255249023
0.025090932846069336
0.025142908096313477
0.03156399726867676
0.02695918083190918
0.02506709098815918
0.02828693389892578
0.032347917556762695
0.024665117263793945
0.028208017349243164
0.034464120864868164
0.03717398643493652
0.02403402328491211
0.027704954147338867
0.03380107879638672
0.03356003761291504
0.02575206756591797
0.023663043975830078
0.0323641300201416
0.03880715370178223
0.030308008193969727
0.026768922805786133
0.02805805206298828
0.025020837783813477
0.022901058197021484
0.023621082305908203
0.02483510971069336
0.023090124130249023
0.025638818740844727
0.03162407875061035
0.024257183074951172
0.029163122177124023
0.03694796562194824
0.12784099578857422
0.024779081344604492
0.02349400520324707
0.03296494483947754
0.02450108528137207
0.026925086975097656
0.023439884185791016
0.02495098114013672
0.024914026260375977
0.02616596221923828
0.0233919620513916
0.023751258850097656
0.028037071228027344
0.028976917266845703
0.028068065643310547
0.027822017669677734
0.028177976608276367
0.025422096252441406
0.031282901763916016
0.024268150329589844
0.03027176856994629
0.027312040328979492
0.026362895965576172
0.027246952056884766
0.030111074447631836
0.024209976196289062
0.02840280532836914
0.030334949493408203
0.02325296401977539
0.028455018997192383
0.027901887893676758
0.026267051696777344
0.025995969772338867
0.024753093719482422
0.02824687957763672
0.027575969696044922
0.02364802360534668
0.027556180953979492
0.02464890480041504
0.027729034423828125
0.024821043014526367
0.026121854782104492
0.02305006980895996
0.024399995803833008
0.02985692024230957
0.02706313133239746
0.024651050567626953
0.024823904037475586
0.14351701736450195
0.026379108428955078
0.02390909194946289
0.027225971221923828
0.0274660587310791
0.02642202377319336
0.028877973556518555
0.02486896514892578
0.02533578872680664
0.024296045303344727
0.02649092674255371
0.026665687561035156
0.027313947677612305
0.02625298500061035
0.027308940887451172
0.024250030517578125
0.02511310577392578
0.023446083068847656
0.024060964584350586
0.024412870407104492
0.02701401710510254
0.030065059661865234
0.024339914321899414
0.024417877197265625
0.031760215759277344
0.026648998260498047
0.02952289581298828
0.028671979904174805
0.025354862213134766
0.025961875915527344
0.02958512306213379
0.02486395835876465
0.02763509750366211
0.023255109786987305
0.02759385108947754
0.0238800048828125
0.028410911560058594
0.026552200317382812
0.02813410758972168
0.024154186248779297
0.023910045623779297
0.028033971786499023
0.02509784698486328
0.023802995681762695
0.02878284454345703
0.026200056076049805
0.023925065994262695
0.02445220947265625
0.027183055877685547
0.024153947830200195
0.042154788970947266
0.13164901733398438
0.03163790702819824
0.025944232940673828
0.022095918655395508
0.025682926177978516
0.02520012855529785
0.027751922607421875
0.02599191665649414
0.029235124588012695
0.02732682228088379
0.02295398712158203
0.02307605743408203
0.02237701416015625
0.02356100082397461
0.022291898727416992
0.022680997848510742
0.02509784698486328
0.028957843780517578
0.034197092056274414
0.02694392204284668
0.026437997817993164
0.02304816246032715
0.031481027603149414
0.032087087631225586
0.034082889556884766
0.035611867904663086
0.025881052017211914
0.023456811904907227
0.024219036102294922
0.029513835906982422
0.023945093154907227
0.026965856552124023
0.023701906204223633
0.025270938873291016
0.02455902099609375
0.026285886764526367
0.026415109634399414
0.025450944900512695
0.02664494514465332
0.02290511131286621
0.0236358642578125
0.030297040939331055
0.031301021575927734
0.027647972106933594
0.038462162017822266
0.12941598892211914
0.027601003646850586
0.022840023040771484
0.030553102493286133
0.02537393569946289
0.02684307098388672
0.025583982467651367
0.031378984451293945
0.026673078536987305
0.027887821197509766
0.02584099769592285
0.02472209930419922
0.023066043853759766
0.026456832885742188
0.025828838348388672
0.026278018951416016
0.031862735748291016
0.03024005889892578
0.02483391761779785
0.024609804153442383
0.025736093521118164
0.024142026901245117
0.02889394760131836
0.02432703971862793
0.025215864181518555
0.02395796775817871
0.022769927978515625
0.026376962661743164
0.02573418617248535
0.02741694450378418
0.02290511131286621
0.02914595603942871
0.02547597885131836
0.024993181228637695
0.023498058319091797
0.02649998664855957
0.0263519287109375
0.028367996215820312
0.02808213233947754
0.0230560302734375
0.02535700798034668
0.024344921112060547
0.027643918991088867
0.0293118953704834
0.024085044860839844
0.027949094772338867
0.027476787567138672
0.030231952667236328
0.024804115295410156
0.02728104591369629
0.026100873947143555
0.02671504020690918
0.14344096183776855
0.021625041961669922
0.025857925415039062
0.027714967727661133
0.024883031845092773
0.02467799186706543
0.0274960994720459
0.024181842803955078
0.024682044982910156
0.028226137161254883
0.026154041290283203
0.02321004867553711
0.02604508399963379
0.02306389808654785
0.023495197296142578
0.024267911911010742
0.02773594856262207
0.0271451473236084
0.02594304084777832
0.02855205535888672
0.030287981033325195
0.02637791633605957
0.027337074279785156
0.02936410903930664
0.027584075927734375
0.026987075805664062
0.03022313117980957
0.03180503845214844
0.03822898864746094
0.033863067626953125
0.02706003189086914
0.023152828216552734
0.02579784393310547
0.023613929748535156
0.026681900024414062
0.026947021484375
0.025873899459838867
0.022886037826538086
0.02567005157470703
0.02411794662475586
0.022854089736938477
0.02507495880126953
0.024534940719604492
0.026659011840820312
0.02280592918395996
0.024745941162109375
0.024171829223632812
0.02712416648864746
0.02501392364501953
0.02977895736694336
0.13713312149047852
0.02290511131286621
0.026169776916503906
0.027420997619628906
0.02357792854309082
0.024898052215576172
0.026227951049804688
0.021860122680664062
0.02381300926208496
0.02549600601196289
0.029197216033935547
0.026918888092041016
0.023560047149658203
0.023967742919921875
0.023975133895874023
0.025568008422851562
0.026799917221069336
0.04465007781982422
0.027251720428466797
0.033238887786865234
0.02527594566345215
0.03205370903015137
0.02369999885559082
0.028017044067382812
0.02275395393371582
0.025217771530151367
0.025895118713378906
0.02561211585998535
0.023030996322631836
0.0245821475982666
0.025084972381591797
0.03459906578063965
0.03683900833129883
0.03212881088256836
0.03576016426086426
0.023947954177856445
0.027245044708251953
0.030038118362426758
0.040393829345703125
0.02992415428161621
0.02409815788269043
0.031080961227416992
0.024755001068115234
0.027157068252563477
0.028203964233398438
0.026662826538085938
0.026827096939086914
0.14563393592834473
0.02846693992614746
0.039736032485961914
0.0254669189453125
0.021222829818725586
0.032093048095703125
0.028113842010498047
0.024318933486938477
0.03310799598693848
0.02229619026184082
0.022401094436645508
0.024895906448364258
0.023074865341186523
0.02530193328857422
0.024856090545654297
0.026543855667114258
0.022994041442871094
0.027955055236816406
0.022350072860717773
0.02362203598022461
0.02923297882080078
0.02893996238708496
0.02574014663696289
0.026613950729370117
0.026954174041748047
0.029753923416137695
0.024898052215576172
0.029536962509155273
0.024029970169067383
0.023917198181152344
0.02643585205078125
0.02628302574157715
0.025825023651123047
0.0259249210357666
0.023468017578125
0.03036808967590332
0.028789043426513672
0.027920961380004883
0.02816486358642578
0.023821115493774414
0.027573108673095703
0.029953956604003906
0.02375507354736328
0.029519081115722656
0.023565053939819336
0.03619217872619629
0.11783003807067871
0.02812480926513672
0.023598909378051758
0.0220639705657959
0.02342700958251953
0.02443099021911621
0.023200035095214844
0.02604198455810547
0.02433609962463379
0.02300405502319336
0.027281999588012695
0.02668619155883789
0.024909019470214844
0.026936769485473633
0.026308059692382812
0.023346900939941406
0.027892112731933594
0.029228687286376953
0.02730393409729004
0.023045063018798828
0.027772903442382812
0.02507615089416504
0.025142192840576172
0.024041175842285156
0.02566218376159668
0.02835988998413086
0.029462099075317383
0.025780200958251953
0.024320125579833984
0.023259878158569336
0.023319005966186523
0.026443004608154297
0.02326202392578125
0.027225017547607422
0.025701045989990234
0.027179956436157227
0.028809070587158203
0.023738861083984375
0.025784015655517578
0.027354955673217773
0.031857967376708984
0.02395009994506836
0.02571415901184082
0.025272130966186523
0.025384187698364258
0.02591991424560547
0.02467513084411621
0.03530311584472656
0.12031888961791992
0.023211002349853516
0.02551412582397461
0.028661012649536133
0.031147003173828125
0.02950882911682129
0.023768901824951172
0.025218963623046875
0.022179126739501953
0.022705078125
0.02192091941833496
0.022326946258544922
0.027543067932128906
0.023627042770385742
0.02173590660095215
0.023655176162719727
0.026553869247436523
0.024833202362060547
0.02263498306274414
0.025187969207763672
0.025526046752929688
0.02489781379699707
0.026395797729492188
0.028814077377319336
0.026352882385253906
0.04178190231323242
0.02465510368347168
0.03637409210205078
0.032675981521606445
0.024249792098999023
0.0262908935546875
0.042964935302734375
0.02877497673034668
0.023580074310302734
0.024837017059326172
0.033476829528808594
0.026913166046142578
0.027231931686401367
0.02605295181274414
0.0318300724029541
0.024721145629882812
0.02780604362487793
0.025700092315673828
0.028866052627563477
0.02584385871887207
0.024653911590576172
0.028038978576660156
0.042222023010253906
0.12960505485534668
0.026257038116455078
0.0318140983581543
0.02576613426208496
0.031204938888549805
0.02683091163635254
0.023075103759765625
0.03106403350830078
0.0291900634765625
0.025875091552734375
0.025712013244628906
0.024016141891479492
0.031090974807739258
0.030270099639892578
0.024813175201416016
0.023380041122436523
0.02307605743408203
0.028222084045410156
0.02512192726135254
0.02430105209350586
0.03145098686218262
0.02840113639831543
0.028489112854003906
0.02523207664489746
0.02415609359741211
0.02554917335510254
0.027323007583618164
0.026653051376342773
0.025484085083007812
0.024935007095336914
0.024583816528320312
0.024995088577270508
0.026946067810058594
0.02526712417602539
0.02515888214111328
0.026851177215576172
0.02358698844909668
0.028586149215698242
0.025367021560668945
0.02416515350341797
0.024158000946044922
0.02661919593811035
0.02411818504333496
0.025377988815307617
0.030920982360839844
0.023624181747436523
0.02616405487060547
0.0236971378326416
0.02484607696533203
0.025053024291992188
0.030768871307373047
0.024202823638916016
0.03773903846740723
0.13046002388000488
0.02717113494873047
0.022562026977539062
0.025792837142944336
0.02595806121826172
0.0277099609375
0.023474931716918945
0.024783849716186523
0.023463010787963867
0.024536848068237305
0.02229595184326172
0.02569580078125
0.023640871047973633
0.025870084762573242
0.024292945861816406
0.026356935501098633
0.02651500701904297
0.025091886520385742
0.025364160537719727
0.02924513816833496
0.02637004852294922
0.024464130401611328
0.023745059967041016
0.03215289115905762
0.023092985153198242
0.03317904472351074
0.0332798957824707
0.025128841400146484
0.02678704261779785
0.025456905364990234
0.026586055755615234
0.02388596534729004
0.025058984756469727
0.023860931396484375
0.027527809143066406
0.02603888511657715
0.030310630798339844
0.02918410301208496
0.028547048568725586
0.023628950119018555
0.022911787033081055
0.02660393714904785
0.028599977493286133
0.02567601203918457
0.025070905685424805
0.025027036666870117
0.024623870849609375
0.028436899185180664
0.024206876754760742
0.023469924926757812
0.02509593963623047
0.03699493408203125
0.12968897819519043
0.025140047073364258
0.022238969802856445
0.026504993438720703
0.027106046676635742
0.025545120239257812
0.03218507766723633
0.028285741806030273
0.028146982192993164
0.02454090118408203
0.02579188346862793
0.02726292610168457
0.02743697166442871
0.027420997619628906
0.024892091751098633
0.023621082305908203
0.0308229923248291
0.024461030960083008
0.02660989761352539
0.030920028686523438
0.025778770446777344
0.03158402442932129
0.023623228073120117
0.025722980499267578
0.0341188907623291
0.025494098663330078
0.028083086013793945
0.038861989974975586
0.0327150821685791
0.0267031192779541
0.023424863815307617
0.02600884437561035
0.040193796157836914
0.026597976684570312
0.035375118255615234
0.03008890151977539
0.027377843856811523
0.02674698829650879
0.030473947525024414
0.02513408660888672
0.023402929306030273
0.03721189498901367
0.028959035873413086
0.027355194091796875
0.13948392868041992
0.028129100799560547
0.023675918579101562
0.029021024703979492
0.02386617660522461
0.023126840591430664
0.02662181854248047
0.024765968322753906
0.025815963745117188
0.03061819076538086
0.023582935333251953
0.024731159210205078
0.023359060287475586
0.023272037506103516
0.02728891372680664
0.02513289451599121
0.023396968841552734
0.0276949405670166
0.02442193031311035
0.026775836944580078
0.025239944458007812
0.0249631404876709
0.0250399112701416
0.029816865921020508
0.02311110496520996
0.031726837158203125
0.02775883674621582
0.027209043502807617
0.02538919448852539
0.026046037673950195
0.025707006454467773
0.02977299690246582
0.026625871658325195
0.02518320083618164
0.02904796600341797
0.028805017471313477
0.024655818939208984
0.026593923568725586
0.029005050659179688
0.025784015655517578
0.029371976852416992
0.0342411994934082
0.026763916015625
0.030231952667236328
0.02594900131225586
0.026778697967529297
0.026348114013671875
0.029315948486328125
0.14513301849365234
0.0242459774017334
0.02750086784362793
0.025574207305908203
0.02197408676147461
0.029165029525756836
0.026835918426513672
0.023442983627319336
0.025181055068969727
0.02800607681274414
0.02361297607421875
0.023821115493774414
0.023108959197998047
0.026730060577392578
0.026147127151489258
0.024879932403564453
0.025252819061279297
0.02627706527709961
0.022763967514038086
0.025947093963623047
0.02292919158935547
0.02581000328063965
0.023198843002319336
0.024591922760009766
0.02590203285217285
0.022562026977539062
0.02417612075805664
0.02594304084777832
0.023514986038208008
0.022888660430908203
0.024960994720458984
0.027399063110351562
0.02260613441467285
0.02639007568359375
0.02844405174255371
0.031733036041259766
0.031224966049194336
0.02616596221923828
0.025466203689575195
0.023468971252441406
0.025838136672973633
0.025368928909301758
0.025254011154174805
0.026283979415893555
0.028823137283325195
0.024997949600219727
0.024886131286621094
0.02577996253967285
0.029122114181518555
0.02417302131652832
0.026359081268310547
0.02395796775817871
0.030473947525024414
0.02788710594177246
0.0388188362121582
0.13082003593444824
0.025853872299194336
0.021199703216552734
0.026618003845214844
0.02647113800048828
0.028654813766479492
0.025265932083129883
0.026334047317504883
0.024902820587158203
0.030620098114013672
0.02404499053955078
0.02316117286682129
0.02596902847290039
0.025249958038330078
0.025077104568481445
0.025058984756469727
0.02639484405517578
0.028001070022583008
0.026865005493164062
0.030323028564453125
0.027463912963867188
0.03714299201965332
0.026034832000732422
0.02551412582397461
0.0359499454498291
0.025409936904907227
0.02968001365661621
0.03358173370361328
0.035488128662109375
0.028759241104125977
0.024756908416748047
0.026553869247436523
0.025056838989257812
0.028852224349975586
0.025990009307861328
0.02885293960571289
0.023724079132080078
0.027335166931152344
0.02590799331665039
0.026342153549194336
0.024096965789794922
0.024277210235595703
0.03032374382019043
0.039910078048706055
0.13124608993530273
0.025300025939941406
0.02248978614807129
0.029668807983398438
0.026175975799560547
0.03130793571472168
0.026964902877807617
0.023682117462158203
0.023952007293701172
0.02713799476623535
0.026809215545654297
0.025188922882080078
0.023218154907226562
0.027122974395751953
0.025588035583496094
0.023411035537719727
0.02620100975036621
0.02406907081604004
0.029613018035888672
0.024776935577392578
0.02625298500061035
0.02396988868713379
0.02713322639465332
0.02313685417175293
0.024771928787231445
0.024821043014526367
0.03525209426879883
0.028137922286987305
0.030397891998291016
0.02456212043762207
0.031117916107177734
0.028794050216674805
0.028428077697753906
0.02525186538696289
0.02422308921813965
0.024554014205932617
0.033190011978149414
0.02433323860168457
0.024096965789794922
0.0271151065826416
0.030904054641723633
0.025763988494873047
0.023543119430541992
0.025745868682861328
0.029221057891845703
0.029552936553955078
0.0275728702545166
0.02627706527709961
0.030591964721679688
0.04068398475646973
0.12871813774108887
0.024129152297973633
0.024047136306762695
0.025072097778320312
0.028770923614501953
0.023680925369262695
0.02779102325439453
0.02593207359313965
0.025539875030517578
0.026973962783813477
0.026985883712768555
0.02586197853088379
0.027076005935668945
0.026266098022460938
0.03036212921142578
0.025780916213989258
0.025578022003173828
0.026096105575561523
0.024802207946777344
0.02359485626220703
0.02408123016357422
0.027086734771728516
0.02777266502380371
0.0274200439453125
0.02701401710510254
0.024745941162109375
0.02536296844482422
0.024677038192749023
0.026427745819091797
0.02380514144897461
0.0244748592376709
0.02359604835510254
0.02862095832824707
0.028720855712890625
0.02438211441040039
0.026906967163085938
0.024770021438598633
0.025794029235839844
0.02727484703063965
0.024654150009155273
0.025661945343017578
0.030395030975341797
0.025012969970703125
0.022922039031982422
0.026710987091064453
0.026063919067382812
0.028902053833007812
0.02435922622680664
0.02532482147216797
0.024437904357910156
0.025516033172607422
0.02899312973022461
0.02615189552307129
0.02480792999267578
0.02884197235107422
0.02428603172302246
0.03758978843688965
0.1324141025543213
0.024591684341430664
0.02328801155090332
0.02487802505493164
0.02531576156616211
0.026677846908569336
0.0277559757232666
0.02303791046142578
0.023700952529907227
0.025529146194458008
0.026493072509765625
0.026556015014648438
0.02749013900756836
0.027626991271972656
0.027271032333374023
0.02987504005432129
0.023682117462158203
0.024124860763549805
0.025257110595703125
0.025519847869873047
0.024981021881103516
0.02219986915588379
0.028087854385375977
0.03531599044799805
0.03623795509338379
0.027312040328979492
0.02842402458190918
0.02790999412536621
0.028844118118286133
0.02591109275817871
0.02688002586364746
0.03664994239807129
0.025224924087524414
0.03427004814147949
0.026704072952270508
0.026539087295532227
0.029583215713500977
0.023452043533325195
0.03242897987365723
0.03060007095336914
0.030540943145751953
0.02558588981628418
0.039938926696777344
0.133742094039917
0.023643016815185547
0.025745868682861328
0.03788185119628906
0.02705097198486328
0.026034116744995117
0.027712106704711914
0.039934635162353516
0.02740001678466797
0.026463031768798828
0.030542850494384766
0.02642512321472168
0.02264094352722168
0.024859905242919922
0.024966001510620117
0.025558948516845703
0.02553725242614746
0.025268077850341797
0.024087905883789062
0.024983882904052734
0.028276920318603516
0.02705693244934082
0.02503514289855957
0.026570796966552734
0.025494813919067383
0.024320125579833984
0.0249941349029541
0.03274893760681152
0.02535104751586914
0.026661157608032227
0.02445387840270996
0.0265350341796875
0.022288084030151367
0.03106999397277832
0.024523019790649414
0.026751995086669922
0.026751995086669922
0.025480985641479492
0.025561094284057617
0.02356410026550293
0.025198936462402344
0.025710105895996094
0.026777029037475586
0.02434992790222168
0.026186227798461914
0.023731708526611328
0.03668212890625
0.1301419734954834
0.024112939834594727
0.026415109634399414
0.026926040649414062
0.025054931640625
0.02711200714111328
0.0235750675201416
0.028001070022583008
0.023676156997680664
0.02624201774597168
0.02359604835510254
0.02354717254638672
0.02732706069946289
0.025595903396606445
0.024342060089111328
0.024472951889038086
0.027399063110351562
0.02724599838256836
0.02451801300048828
0.026864051818847656
0.026834964752197266
0.026072978973388672
0.02447199821472168
0.024692058563232422
0.028814077377319336
0.023036718368530273
0.02645707130432129
0.025754928588867188
0.02503204345703125
0.023340940475463867
0.029922008514404297
0.02401900291442871
0.024966955184936523
0.024843931198120117
0.023740053176879883
0.02352309226989746
0.027732133865356445
0.028387069702148438
0.029232025146484375
0.02393198013305664
0.02492499351501465
0.024548053741455078
0.028855085372924805
0.025163888931274414
0.02495408058166504
0.025899887084960938
0.025736093521118164
0.024165868759155273
0.023919105529785156
0.02781200408935547
0.024609088897705078
0.028649091720581055
0.03760790824890137
0.1305539608001709
0.024740934371948242
0.024281978607177734
0.024710893630981445
0.025105714797973633
0.024906158447265625
0.024519920349121094
0.024708986282348633
0.024982213973999023
0.02467203140258789
0.026169776916503906
0.027975082397460938
0.022207021713256836
0.023169994354248047
0.02368903160095215
0.02675318717956543
0.0243680477142334
0.02674102783203125
0.027764081954956055
0.02480483055114746
0.027122974395751953
0.03160214424133301
0.028097152709960938
0.0234529972076416
0.02667689323425293
0.029443979263305664
0.03687715530395508
0.02860713005065918
0.03545212745666504
0.04025411605834961
0.025490999221801758
0.02790665626525879
0.025004863739013672
0.043020009994506836
0.025350093841552734
0.02699112892150879
0.03653311729431152
0.024712085723876953
0.027088165283203125
0.026477813720703125
0.027900218963623047
0.03332114219665527
0.03139686584472656
0.0413060188293457
0.031144142150878906
0.025388002395629883
0.03716611862182617
0.13127899169921875
0.022777080535888672
0.02379298210144043
0.02948617935180664
0.0255739688873291
0.026459217071533203
0.026961088180541992
0.02805805206298828
0.02306199073791504
0.03928399085998535
0.028243064880371094
0.0307619571685791
0.024003982543945312
0.025776147842407227
0.025102853775024414
0.03010702133178711
0.024758100509643555
0.026849031448364258
0.024557113647460938
0.025600910186767578
0.024303913116455078
0.026391983032226562
0.025053024291992188
0.02605295181274414
0.024312973022460938
0.033799171447753906
0.02588486671447754
0.024571895599365234
0.025176048278808594
0.02594900131225586
0.02783203125
0.02701091766357422
0.02485203742980957
0.025066852569580078
0.02803492546081543
0.027239084243774414
0.022754907608032227
0.024081945419311523
0.025182008743286133
0.024951934814453125
0.14929604530334473
0.02436995506286621
0.025383949279785156
0.02704000473022461
0.03143906593322754
0.024878978729248047
0.02431011199951172
0.022871017456054688
0.029658794403076172
0.026615142822265625
0.027683019638061523
0.02781200408935547
0.02396392822265625
0.030308961868286133
0.03028702735900879
0.024386167526245117
0.025002002716064453
0.030766010284423828
0.026133060455322266
0.02862405776977539
0.02363300323486328
0.023308992385864258
0.02632308006286621
0.02396106719970703
0.02477097511291504
0.024885892868041992
0.02563190460205078
0.022051095962524414
0.021856069564819336
0.028304100036621094
0.023022890090942383
0.025676965713500977
0.02850508689880371
0.024290800094604492
0.02456808090209961
0.03268098831176758
0.025614023208618164
0.025320053100585938
0.026243925094604492
0.02638697624206543
0.028477907180786133
0.023422956466674805
0.029348134994506836
0.027161121368408203
0.029834985733032227
0.03229188919067383
0.026713132858276367
0.03603696823120117
0.1223599910736084
0.024580955505371094
0.021429061889648438
0.028145790100097656
0.027521848678588867
0.0282900333404541
0.024885892868041992
0.02691197395324707
0.02375483512878418
0.025166034698486328
0.02778005599975586
0.029749155044555664
0.02468085289001465
0.026849031448364258
0.028996944427490234
0.025005817413330078
0.025166988372802734
0.023100852966308594
0.0270540714263916
0.025926828384399414
0.02602100372314453
0.025343894958496094
0.02461099624633789
0.025178909301757812
0.02377009391784668
0.026973962783813477
0.0264589786529541
0.021921873092651367
0.030715227127075195
0.023814916610717773
0.027059078216552734
0.028950929641723633
0.024276018142700195
0.02587604522705078
0.03248405456542969
0.023936986923217773
0.030611038208007812
0.028690099716186523
0.028867006301879883
0.03543210029602051
0.03249692916870117
0.03336000442504883
0.03999900817871094
0.04570817947387695
0.033132076263427734
0.031796932220458984
0.0262601375579834
0.0287930965423584
0.02778911590576172
0.025799036026000977
0.14958906173706055
0.0265350341796875
0.025181055068969727
0.027281999588012695
0.023810148239135742
0.027587175369262695
0.026853084564208984
0.02544713020324707
0.029725074768066406
0.0240328311920166
0.029103994369506836
0.025141000747680664
0.024090051651000977
0.03052377700805664
0.023684024810791016
0.033535003662109375
0.02516007423400879
0.024034976959228516
0.02631521224975586
0.02490091323852539
0.02964496612548828
0.030855178833007812
0.02649688720703125
0.027264118194580078
0.02488088607788086
0.023465871810913086
0.026731014251708984
0.025940895080566406
0.0229489803314209
0.02742481231689453
0.02559804916381836
0.023717164993286133
0.026095151901245117
0.02370309829711914
0.03145599365234375
0.025225162506103516
0.026968002319335938
0.027556896209716797
0.03180694580078125
0.0254671573638916
0.025111913681030273
0.02698993682861328
0.03869915008544922
0.13103103637695312
0.02946925163269043
0.02472400665283203
0.02814316749572754
0.030487060546875
0.023453950881958008
0.02876114845275879
0.025981903076171875
0.028423070907592773
0.024205923080444336
0.025928974151611328
0.02637195587158203
0.024857044219970703
0.02915501594543457
0.026157140731811523
0.02350616455078125
0.025808095932006836
0.02888202667236328
0.03393816947937012
0.025263071060180664
0.028953075408935547
0.025146007537841797
0.03276395797729492
0.02662181854248047
0.023001670837402344
0.027328968048095703
0.02341294288635254
0.028189897537231445
0.029384851455688477
0.030282020568847656
0.023283958435058594
0.028313875198364258
0.027091026306152344
0.03494000434875488
0.028850078582763672
0.026459217071533203
0.02425384521484375
0.027704954147338867
0.02487802505493164
0.025295019149780273
0.026851892471313477
0.03055095672607422
0.02874588966369629
0.026777982711791992
0.028636932373046875
0.024510860443115234
0.024113893508911133
0.0293271541595459
0.038960933685302734
0.13106203079223633
0.023321866989135742
0.027599811553955078
0.027909040451049805
0.02415919303894043
0.02720808982849121
0.02604985237121582
0.025020122528076172
0.02167797088623047
0.026406049728393555
0.027263164520263672
0.03194308280944824
0.024439096450805664
0.025414228439331055
0.027447223663330078
0.02919793128967285
0.027134180068969727
0.030128002166748047
0.02861189842224121
0.028862953186035156
0.028882980346679688
0.024099111557006836
0.024435997009277344
0.02870917320251465
0.02501201629638672
0.026894092559814453
0.02985692024230957
0.0277860164642334
0.037249088287353516
0.025944948196411133
0.028523921966552734
0.027779102325439453
0.03217196464538574
0.02624797821044922
0.027446746826171875
0.027549028396606445
0.030485153198242188
0.0295107364654541
0.029411792755126953
0.0295870304107666
0.033857107162475586
0.024744033813476562
0.03258514404296875
0.024776935577392578
0.026651859283447266
0.033553123474121094
0.02707815170288086
0.036473989486694336
0.133134126663208
0.027367115020751953
0.03009486198425293
0.03353285789489746
0.025725841522216797
0.03610110282897949
0.030832767486572266
0.030694961547851562
0.026892900466918945
0.02863788604736328
0.02649402618408203
0.027972936630249023
0.02362203598022461
0.025905847549438477
0.028588056564331055
0.024717092514038086
0.029654979705810547
0.029577016830444336
0.027568817138671875
0.029894113540649414
0.026415109634399414
0.02525806427001953
0.02525496482849121
0.026955842971801758
0.02590489387512207
0.026583194732666016
0.028102874755859375
0.02324986457824707
0.025243043899536133
0.025892019271850586
0.02505016326904297
0.026601076126098633
0.026218175888061523
0.030885934829711914
0.02635788917541504
0.02436208724975586
0.02860713005065918
0.026123046875
0.031794071197509766
0.028954029083251953
0.027553796768188477
0.03223109245300293
0.028270959854125977
0.027655839920043945
0.03839707374572754
0.13257288932800293
0.02679586410522461
0.03293490409851074
0.02712702751159668
0.025637149810791016
0.028002023696899414
0.02406001091003418
0.027568817138671875
0.025834083557128906
0.026181936264038086
0.025903940200805664
0.02720808982849121
0.024255990982055664
0.03308391571044922
0.026484012603759766
0.02782607078552246
0.02721095085144043
0.02547621726989746
0.028130054473876953
0.0239260196685791
0.025906085968017578
0.027292966842651367
0.024096012115478516
0.027171850204467773
0.028651952743530273
0.025962114334106445
0.026396989822387695
0.025540828704833984
0.02563786506652832
0.02953314781188965
0.026880979537963867
0.024878978729248047
0.029593229293823242
0.027203083038330078
0.02768421173095703
0.024717092514038086
0.03092503547668457
0.02972698211669922
0.026957035064697266
0.02560710906982422
0.02672600746154785
0.0352780818939209
0.026227951049804688
0.025074005126953125
0.031311988830566406
0.032835960388183594
0.02676081657409668
0.02658867835998535
0.029677152633666992
0.024153947830200195
0.03978586196899414
0.13912701606750488
0.025885820388793945
0.02479696273803711
0.026008129119873047
0.029234886169433594
0.0323641300201416
0.02310490608215332
0.025988101959228516
0.02580714225769043
0.025655031204223633
0.02407097816467285
0.024317026138305664
0.024690866470336914
0.02762889862060547
0.024135828018188477
0.023826122283935547
0.028737783432006836
0.02395796775817871
0.025233983993530273
0.023576021194458008
0.025665998458862305
0.024782896041870117
0.028921842575073242
0.027200937271118164
0.02537989616394043
0.02758502960205078
0.03644919395446777
0.023092985153198242
0.027621030807495117
0.029844999313354492
0.02650904655456543
0.02802419662475586
0.023800134658813477
0.023679018020629883
0.027848005294799805
0.025063037872314453
0.030936002731323242
0.02914595603942871
0.032334089279174805
0.030627012252807617
0.03366899490356445
0.026576995849609375
0.02623891830444336
0.024959802627563477
0.0245208740234375
0.03295302391052246
0.024657011032104492
0.04074883460998535
0.1238710880279541
0.026875972747802734
0.03003692626953125
0.02806401252746582
0.03784513473510742
0.026946067810058594
0.025760889053344727
0.0360870361328125
0.026855945587158203
0.030157804489135742
0.022879838943481445
0.02744889259338379
0.027898073196411133
0.028858184814453125
0.022853851318359375
0.029809951782226562
0.026710033416748047
0.02454400062561035
0.0261380672454834
0.02889108657836914
0.02974390983581543
0.02557826042175293
0.027737140655517578
0.025899887084960938
0.026552200317382812
0.027791738510131836
0.023305177688598633
0.0281679630279541
0.02386188507080078
0.027732133865356445
0.0239560604095459
0.024501800537109375
0.029798030853271484
0.03189206123352051
0.027685165405273438
0.029865026473999023
0.026132822036743164
0.022922992706298828
0.02750682830810547
0.02907109260559082
0.043389081954956055
0.12901806831359863
0.0269930362701416
0.026826858520507812
0.02600717544555664
0.025341033935546875
0.025032997131347656
0.025983095169067383
0.027535676956176758
0.025460004806518555
0.025003910064697266
0.028063058853149414
0.026906967163085938
0.026944875717163086
0.028291940689086914
0.02634406089782715
0.0282900333404541
0.024420976638793945
0.024023056030273438
0.02840900421142578
0.02391505241394043
0.025512218475341797
0.026806116104125977
0.02793407440185547
0.028995037078857422
0.02428889274597168
0.02762007713317871
0.028498172760009766
0.029139995574951172
0.02558302879333496
0.026307106018066406
0.029208898544311523
0.02427506446838379
0.033905029296875
0.027347087860107422
0.022725820541381836
0.023896217346191406
0.024754047393798828
0.026211977005004883
0.028872013092041016
0.024762868881225586
0.024165868759155273
0.0244290828704834
0.03272604942321777
0.0249021053314209
0.029011964797973633
0.025449037551879883
0.03678703308105469
0.12936782836914062
0.022877931594848633
0.025882959365844727
0.02572917938232422
0.025094985961914062
0.021905183792114258
0.02471303939819336
0.026894092559814453
0.022894859313964844
0.02826714515686035
0.028432846069335938
0.023057937622070312
0.023107051849365234
0.025261878967285156
0.024693012237548828
0.02685403823852539
0.027096033096313477
0.02795696258544922
0.025408029556274414
0.024294137954711914
0.02396392822265625
0.023818016052246094
0.03164196014404297
0.02737903594970703
0.028190135955810547
0.028150081634521484
0.028645038604736328
0.025465965270996094
0.028795719146728516
0.02556300163269043
0.02387404441833496
0.02752399444580078
0.028320789337158203
0.028856992721557617
0.02385115623474121
0.030801057815551758
0.02694392204284668
0.030023813247680664
0.028198957443237305
0.025691986083984375
0.023859024047851562
0.026020050048828125
0.026494979858398438
0.02356696128845215
0.024557113647460938
0.030308961868286133
0.026417016983032227
0.02940201759338379
0.04776597023010254
0.1283740997314453
0.026347875595092773
0.030867815017700195
0.02850794792175293
0.028710126876831055
0.025456905364990234
0.031282901763916016
0.026990890502929688
0.025254011154174805
0.0255887508392334
0.029150009155273438
0.0234220027923584
0.023766040802001953
0.025465965270996094
0.0254061222076416
0.0283048152923584
0.0239560604095459
0.024721860885620117
0.029169797897338867
0.026803016662597656
0.024062156677246094
0.028767824172973633
0.02458500862121582
0.025637149810791016
0.025423049926757812
0.027116060256958008
0.024029016494750977
0.030704975128173828
0.027644872665405273
0.024839162826538086
0.02493906021118164
0.03143811225891113
0.02730107307434082
0.02564215660095215
0.024036884307861328
0.023396968841552734
0.026523113250732422
0.02560901641845703
0.030752182006835938
0.02517414093017578
0.02548503875732422
0.026065826416015625
0.02490091323852539
0.02633810043334961
0.026743173599243164
0.02508711814880371
0.030066967010498047
0.029491186141967773
0.03339409828186035
0.026459217071533203
0.02616405487060547
0.0280759334564209
0.04163503646850586
0.1302928924560547
0.025683879852294922
0.02420496940612793
0.026549100875854492
0.023992061614990234
0.02302098274230957
0.024233102798461914
0.02177882194519043
0.028456926345825195
0.024868011474609375
0.02438211441040039
0.026208877563476562
0.02973198890686035
0.023932218551635742
0.0237729549407959
0.025999069213867188
0.026468992233276367
0.027374982833862305
0.029031991958618164
0.027801990509033203
0.027008056640625
0.026392698287963867
0.02869105339050293
0.0309600830078125
0.02462601661682129
0.03524589538574219
0.026912212371826172
0.03205513954162598
0.024824857711791992
0.023458003997802734
0.027678966522216797
0.025474071502685547
0.026968955993652344
0.03227496147155762
0.029964923858642578
0.02733612060546875
0.028244972229003906
0.028741836547851562
0.024291038513183594
0.02549290657043457
0.024966001510620117
0.025732040405273438
0.02416086196899414
0.024775981903076172
0.025897979736328125
0.026868104934692383
0.025556087493896484
0.0301511287689209
0.028283119201660156
0.029049158096313477
0.028237104415893555
0.039624691009521484
0.12882399559020996
0.02597808837890625
0.025990962982177734
0.02838611602783203
0.029827117919921875
0.02335214614868164
0.02808094024658203
0.025207996368408203
0.025120973587036133
0.024180173873901367
0.025150060653686523
0.028079986572265625
0.02703094482421875
0.026861906051635742
0.026535987854003906
0.02928614616394043
0.027942895889282227
0.026772737503051758
0.02532505989074707
0.02640700340270996
0.02530694007873535
0.023292064666748047
0.02589583396911621
0.024075984954833984
0.024946212768554688
0.025440216064453125
0.023025989532470703
0.029299020767211914
0.02357006072998047
0.02726292610168457
0.027431011199951172
0.024164915084838867
0.0254819393157959
0.023657798767089844
0.025964021682739258
0.031497955322265625
0.025244951248168945
0.024646997451782227
0.025608062744140625
0.02709794044494629
0.029195070266723633
0.0302579402923584
0.027423858642578125
0.030614137649536133
0.039273977279663086
0.03175687789916992
0.02491593360900879
0.037285804748535156
0.1415548324584961
0.03267693519592285
0.02800607681274414
0.031052112579345703
0.03042316436767578
0.028059005737304688
0.030474185943603516
0.03396487236022949
0.029368162155151367
0.03919219970703125
0.033161163330078125
0.035138845443725586
0.03525400161743164
0.03574371337890625
0.03442502021789551
0.029618024826049805
0.03030109405517578
0.0245821475982666
0.030437946319580078
0.030237913131713867
0.027212858200073242
0.031803131103515625
0.026319026947021484
0.029957056045532227
0.025330066680908203
0.024077177047729492
0.030349016189575195
0.03261590003967285
0.02684783935546875
0.04323983192443848
0.03712797164916992
0.03001689910888672
0.04187488555908203
0.04696798324584961
0.1300640106201172
0.023523807525634766
0.039936065673828125
0.025532007217407227
0.02100205421447754
0.030261754989624023
0.03119206428527832
0.027451038360595703
0.02479386329650879
0.02967381477355957
0.026579856872558594
0.03386688232421875
0.026179075241088867
0.0274810791015625
0.02368783950805664
0.023257017135620117
0.029102087020874023
0.022871971130371094
0.026016950607299805
0.025124073028564453
0.02539992332458496
0.024402141571044922
0.02410578727722168
0.02476191520690918
0.029805898666381836
0.025827884674072266
0.024476051330566406
0.02708888053894043
0.024369001388549805
0.024969100952148438
0.027238130569458008
0.028424978256225586
0.02680206298828125
0.02575206756591797
0.026607036590576172
0.024239778518676758
0.028020858764648438
0.02727198600769043
0.02405691146850586
0.033553123474121094
0.032598018646240234
0.029916048049926758
0.03803300857543945
0.12970590591430664
0.02498006820678711
0.02650165557861328
0.02491307258605957
0.02394890785217285
0.027209043502807617
0.023976802825927734
0.026026010513305664
0.02800297737121582
0.02385091781616211
0.028235912322998047
0.024934053421020508
0.025343894958496094
0.027827024459838867
0.030192852020263672
0.02478504180908203
0.02686786651611328
0.029932022094726562
0.027240991592407227
0.02915501594543457
0.023077011108398438
0.025086164474487305
0.024251937866210938
0.027812957763671875
0.031445980072021484
0.02905106544494629
0.022465944290161133
0.02950882911682129
0.024013042449951172
0.027082204818725586
0.024113178253173828
0.028339147567749023
0.02506399154663086
0.03158402442932129
0.024157047271728516
0.023184776306152344
0.024464130401611328
0.029883146286010742
0.028981924057006836
0.02950882911682129
0.02429795265197754
0.028322219848632812
0.024473190307617188
0.03271198272705078
0.026124000549316406
0.0297238826751709
0.027462005615234375
0.025780916213989258
0.045374155044555664
0.12823700904846191
0.02819514274597168
0.029725074768066406
0.024159908294677734
0.028200149536132812
0.026798009872436523
0.0248720645904541
0.025290966033935547
0.0252840518951416
0.025429964065551758
0.023675203323364258
0.026852846145629883
0.025146961212158203
0.028788089752197266
0.027923107147216797
0.025918960571289062
0.023128986358642578
0.025338172912597656
0.025518178939819336
0.022945880889892578
0.025184154510498047
0.028229951858520508
0.024235963821411133
0.0236208438873291
0.02632880210876465
0.02495288848876953
0.024578094482421875
0.026270151138305664
0.02777719497680664
0.023022890090942383
0.023623943328857422
0.025342941284179688
0.02745199203491211
0.025036096572875977
0.025819063186645508
0.022517919540405273
0.023380041122436523
0.029826879501342773
0.027683019638061523
0.028536081314086914
0.028100013732910156
0.028532028198242188
0.02824997901916504
0.02270197868347168
0.02281498908996582
0.02528214454650879
0.026170730590820312
0.024923086166381836
0.02742314338684082
0.02591705322265625
0.02414226531982422
0.03107905387878418
0.028104066848754883
0.04060196876525879
0.12823486328125
0.027298927307128906
0.02363109588623047
0.027642011642456055
0.021378040313720703
0.027750015258789062
0.024673938751220703
0.028873920440673828
0.023921966552734375
0.02515697479248047
0.023545026779174805
0.02560281753540039
0.022637128829956055
0.024868011474609375
0.030644893646240234
0.0242769718170166
0.0319371223449707
0.03216218948364258
0.02663397789001465
0.028072118759155273
0.02614116668701172
0.031401872634887695
0.03081989288330078
0.04154706001281738
0.028383970260620117
0.033514976501464844
0.02791905403137207
0.0250699520111084
0.02696394920349121
0.0228271484375
0.027142047882080078
0.026830196380615234
0.02504897117614746
0.026433944702148438
0.022845983505249023
0.02874612808227539
0.025326967239379883
0.024585962295532227
0.025331974029541016
0.027190208435058594
0.025927066802978516
0.02275705337524414
0.025786161422729492
0.024329185485839844
0.02283000946044922
0.025218963623046875
0.022714853286743164
0.029555082321166992
0.02902388572692871
0.025847673416137695
0.025577068328857422
0.0262298583984375
0.03876209259033203
0.1270158290863037
0.025570154190063477
0.024906158447265625
0.025521039962768555
0.02887701988220215
0.024750947952270508
0.02625107765197754
0.024937868118286133
0.023485898971557617
0.023782968521118164
0.024476051330566406
0.026261091232299805
0.026626110076904297
0.02721691131591797
0.02329397201538086
0.028831005096435547
0.026469945907592773
0.02474212646484375
0.02958512306213379
0.025236845016479492
0.02438497543334961
0.024599075317382812
0.023771047592163086
0.024417877197265625
0.02508687973022461
0.030326128005981445
0.025748014450073242
0.028084993362426758
0.023900985717773438
0.02619194984436035
0.029242992401123047
0.02590799331665039
0.021740198135375977
0.02451491355895996
0.027578115463256836
0.02872610092163086
0.02598094940185547
0.043144941329956055
0.026063919067382812
0.025343656539916992
0.02496814727783203
0.02495598793029785
0.028366804122924805
0.029707908630371094
0.024850845336914062
0.025604963302612305
0.037734031677246094
0.03250694274902344
0.03963303565979004
0.031189918518066406
0.1499190330505371
0.027886152267456055
0.04473400115966797
0.027836084365844727
0.022395849227905273
0.029299020767211914
0.027991056442260742
0.026690006256103516
0.03280901908874512
0.027018070220947266
0.027148962020874023
0.025590181350708008
0.023845911026000977
0.02713799476623535
0.02495598793029785
0.027042150497436523
0.0288088321685791
0.024171829223632812
0.0276031494140625
0.025714874267578125
0.025964021682739258
0.024935007095336914
0.024863004684448242
0.029462814331054688
0.027755022048950195
0.02403998374938965
0.02629709243774414
0.024657011032104492
0.029036998748779297
0.026257038116455078
0.024110794067382812
0.03310394287109375
0.027280807495117188
0.02323603630065918
0.02622699737548828
0.025578975677490234
0.025999069213867188
0.02993488311767578
0.03233218193054199
0.02531599998474121
0.027265071868896484
0.0274660587310791
0.028594017028808594
0.025295019149780273
0.03862619400024414
0.12950992584228516
0.024693012237548828
0.02280902862548828
0.028810977935791016
0.03148508071899414
0.027086973190307617
0.027884960174560547
0.0238800048828125
0.02621603012084961
0.022768020629882812
0.024496078491210938
0.026096105575561523
0.02709674835205078
0.023327112197875977
0.02640509605407715
0.024425983428955078
0.02955174446105957
0.025735855102539062
0.02839803695678711
0.0253751277923584
0.02493000030517578
0.026168107986450195
0.024708986282348633
0.02538609504699707
0.03187918663024902
0.027061939239501953
0.032071828842163086
0.027688026428222656
0.027436017990112305
0.02710103988647461
0.024734973907470703
0.030395030975341797
0.02660393714904785
0.02314901351928711
0.024615049362182617
0.02553582191467285
0.02948594093322754
0.026574134826660156
0.029998064041137695
0.028131961822509766
0.026978015899658203
0.02469778060913086
0.031410932540893555
0.028458118438720703
0.030941009521484375
0.0274350643157959
0.028746843338012695
0.025469064712524414
0.03582000732421875
0.12818503379821777
0.02620410919189453
0.02957892417907715
0.03306007385253906
0.02873706817626953
0.02680206298828125
0.0278780460357666
0.024337053298950195
0.02652716636657715
0.023359060287475586
0.02246713638305664
0.025475025177001953
0.026775836944580078
0.026415109634399414
0.022217750549316406
0.026541948318481445
0.028829097747802734
0.02965688705444336
0.03530287742614746
0.027950048446655273
0.024257898330688477
0.023756980895996094
0.026226043701171875
0.03327584266662598
0.028300046920776367
0.03879404067993164
0.03774309158325195
0.04042220115661621
0.029592037200927734
0.02579808235168457
0.0277860164642334
0.02762889862060547
0.02986884117126465
0.02478790283203125
0.027496814727783203
0.0308229923248291
0.028922080993652344
0.027383089065551758
0.03024005889892578
0.03369593620300293
0.02933192253112793
0.027235031127929688
0.14411687850952148
0.024507999420166016
0.03607892990112305
0.03014087677001953
0.0285799503326416
0.035787105560302734
0.02678680419921875
0.025580167770385742
0.025763988494873047
0.035453081130981445
0.025990009307861328
0.023936986923217773
0.023609161376953125
0.029417037963867188
0.028452634811401367
0.025403976440429688
0.027931928634643555
0.028944015502929688
0.02689194679260254
0.03221487998962402
0.03390693664550781
0.024898052215576172
0.024992942810058594
0.030961990356445312
0.02467489242553711
0.02440786361694336
0.027867794036865234
0.026838064193725586
0.0296170711517334
0.024562835693359375
0.0310666561126709
0.025336027145385742
0.024690866470336914
0.025538206100463867
0.02829885482788086
0.029292821884155273
0.027027130126953125
0.02569293975830078
0.027966022491455078
0.03917717933654785
0.13142704963684082
0.026913881301879883
0.021521806716918945
0.031100034713745117
0.030041933059692383
0.022737979888916016
0.027673959732055664
0.027325153350830078
0.026498079299926758
0.024425983428955078
0.02453017234802246
0.02299189567565918
0.02437114715576172
0.02726888656616211
0.02426004409790039
0.026586055755615234
0.025861024856567383
0.023334026336669922
0.024340152740478516
0.026545047760009766
0.026641130447387695
0.02309584617614746
0.0229489803314209
0.02505016326904297
0.023283004760742188
0.029532909393310547
0.0260770320892334
0.027199983596801758
0.03329896926879883
0.02750706672668457
0.022773027420043945
0.028104066848754883
0.027915000915527344
0.02490687370300293
0.025814056396484375
0.03004002571105957
0.029042959213256836
0.025349855422973633
0.025111913681030273
0.024298906326293945
0.024313926696777344
0.02940821647644043
0.02419900894165039
0.029695987701416016
0.027369976043701172
0.028242111206054688
0.02280402183532715
0.023901939392089844
0.027198076248168945
0.027932167053222656
0.02451300621032715
0.03743791580200195
0.12115693092346191
0.024456024169921875
0.02503514289855957
0.026786088943481445
0.025537967681884766
0.023022174835205078
0.026165008544921875
0.024712085723876953
0.022716045379638672
0.023045063018798828
0.022500038146972656
0.03603219985961914
0.03362607955932617
0.03939509391784668
0.03230094909667969
0.026443004608154297
0.0274198055267334
0.02277994155883789
0.02720499038696289
0.04051804542541504
0.02641010284423828
0.03324389457702637
0.0268709659576416
0.029718875885009766
0.03000497817993164
0.03553199768066406
0.02464890480041504
0.03459501266479492
0.02770709991455078
0.023679018020629883
0.02466106414794922
0.02525806427001953
0.025383949279785156
0.027058124542236328
0.023997783660888672
0.02860403060913086
0.025762081146240234
0.026157140731811523
0.023575782775878906
0.026937007904052734
0.02525496482849121
0.026722192764282227
0.027215003967285156
0.02431488037109375
0.028156042098999023
0.02762293815612793
0.025983095169067383
0.03956294059753418
0.12983989715576172
0.025736093521118164
0.02765202522277832
0.03140997886657715
0.02810502052307129
0.026879072189331055
0.022839784622192383
0.027233123779296875
0.028095006942749023
0.025315046310424805
0.028435945510864258
0.023653030395507812
0.02665090560913086
0.028537988662719727
0.02877521514892578
0.024044036865234375
0.02552008628845215
0.024239063262939453
0.026726961135864258
0.025753021240234375
0.02371811866760254
0.023864030838012695
0.032861948013305664
0.024045944213867188
0.028521060943603516
0.026335954666137695
0.025821924209594727
0.02491903305053711
0.027785062789916992
0.024436235427856445
0.03159904479980469
0.02514791488647461
0.023188114166259766
0.027319908142089844
0.03523588180541992
0.026920080184936523
0.023472070693969727
0.028239965438842773
0.026028871536254883
0.025753259658813477
0.028032779693603516
0.025825023651123047
0.025941133499145508
0.02402806282043457
0.027675151824951172
0.026461124420166016
0.02634572982788086
0.028074979782104492
0.026209115982055664
0.0416569709777832
0.129410982131958
0.02489304542541504
0.0277860164642334
0.025396108627319336
0.02572488784790039
0.02178788185119629
0.026073217391967773
0.02501201629638672
0.025218963623046875
0.023389101028442383
0.02367091178894043
0.024287939071655273
0.023790836334228516
0.023562908172607422
0.026820898056030273
0.025536060333251953
0.02532505989074707
0.02467799186706543
0.027063846588134766
0.0232999324798584
0.025295019149780273
0.02403712272644043
0.02417302131652832
0.025645017623901367
0.02872610092163086
0.02596592903137207
0.02687692642211914
0.027146100997924805
0.03059697151184082
0.025168895721435547
0.02668595314025879
0.024367094039916992
0.02463698387145996
0.023792028427124023
0.02935791015625
0.026623964309692383
0.027068138122558594
0.023192167282104492
0.028033971786499023
0.026114940643310547
0.024677038192749023
0.025760650634765625
0.02770209312438965
0.0271761417388916
0.029415130615234375
0.0282289981842041
0.02724909782409668
0.025722026824951172
0.02814507484436035
0.02510213851928711
0.023689985275268555
0.030467987060546875
0.027691125869750977
0.025368928909301758
0.02944493293762207
0.027013063430786133
0.026050090789794922
0.02662491798400879
0.023888826370239258
0.04482293128967285
0.12437605857849121
0.02463388442993164
0.02385687828063965
0.031100988388061523
0.03288102149963379
0.040946006774902344
0.023077011108398438
0.03137397766113281
0.033247947692871094
0.029928922653198242
0.02935194969177246
0.028037071228027344
0.03689098358154297
0.02425098419189453
0.02760004997253418
0.029517173767089844
0.0255739688873291
0.022644996643066406
0.02431201934814453
0.02236485481262207
0.023984193801879883
0.027413129806518555
0.027117013931274414
0.029816150665283203
0.029004812240600586
0.02606797218322754
0.02592015266418457
0.02470707893371582
0.026916980743408203
0.027760028839111328
0.02495098114013672
0.024570941925048828
0.02777385711669922
0.026895999908447266
0.023626089096069336
0.024086952209472656
0.025254011154174805
0.02512192726135254
0.025895118713378906
0.023257017135620117
0.02391219139099121
0.026699066162109375
0.03775596618652344
0.02603006362915039
0.037590980529785156
0.12979698181152344
0.028049945831298828
0.024631977081298828
0.022938966751098633
0.025191068649291992
0.025660991668701172
0.028812885284423828
0.0263059139251709
0.0267031192779541
0.027091026306152344
0.02644801139831543
0.024127960205078125
0.025574922561645508
0.024934053421020508
0.027584075927734375
0.025339841842651367
0.022001028060913086
0.027148008346557617
0.02595210075378418
0.028717994689941406
0.027784109115600586
0.026886701583862305
0.02509593963623047
0.02753305435180664
0.024625062942504883
0.026547908782958984
0.025461912155151367
0.0238649845123291
0.026495933532714844
0.025475025177001953
0.023252010345458984
0.02371692657470703
0.024376869201660156
0.024371862411499023
0.026443958282470703
0.029198169708251953
0.029183149337768555
0.030292987823486328
0.028011083602905273
0.029937028884887695
0.025879859924316406
0.027760028839111328
0.032315969467163086
0.023675203323364258
0.02570796012878418
0.0283658504486084
0.023530006408691406
0.04137301445007324
0.12290310859680176
0.023894071578979492
0.028178930282592773
0.026201963424682617
0.02876591682434082
0.023237943649291992
0.02539801597595215
0.02374100685119629
0.022283077239990234
0.023294925689697266
0.025187969207763672
0.025652170181274414
0.02447795867919922
0.02467179298400879
0.02680802345275879
0.02232193946838379
0.022526979446411133
0.02634119987487793
0.02713298797607422
0.02626490592956543
0.02256488800048828
0.026666879653930664
0.027390241622924805
0.025313854217529297
0.024523019790649414
0.025233983993530273
0.023634910583496094
0.0240170955657959
0.023541688919067383
0.022784948348999023
0.02513289451599121
0.025044918060302734
0.027281999588012695
0.02439403533935547
0.02605295181274414
0.022220849990844727
0.02607893943786621
0.02412700653076172
0.026552200317382812
0.025606155395507812
0.02674698829650879
0.025274038314819336
0.025370121002197266
0.025600194931030273
0.023663997650146484
0.02460503578186035
0.025047779083251953
0.027493000030517578
0.023251056671142578
0.023344993591308594
0.02547907829284668
0.02386784553527832
0.023916006088256836
0.02741408348083496
0.0354611873626709
0.12282586097717285
0.02958393096923828
0.02672600746154785
0.02251577377319336
0.027766942977905273
0.02949380874633789
0.020992040634155273
0.028580188751220703
0.029126882553100586
0.030740022659301758
0.031177997589111328
0.02502298355102539
0.031410932540893555
0.02791595458984375
0.024301767349243164
0.024662017822265625
0.0287020206451416
0.023895978927612305
0.024863004684448242
0.024978160858154297
0.024065017700195312
0.028330087661743164
0.027729034423828125
0.023304224014282227
0.028944015502929688
0.027220964431762695
0.025691986083984375
0.024396181106567383
0.02607583999633789
0.030613183975219727
0.02383708953857422
0.02721405029296875
0.026742935180664062
0.028436899185180664
0.024985074996948242
0.027322053909301758
0.03196597099304199
0.02375316619873047
0.025089025497436523
0.028516054153442383
0.026882171630859375
0.028089046478271484
0.023818016052246094
0.026808977127075195
0.02292919158935547
0.02398204803466797
0.03919720649719238
0.12227416038513184
0.025408029556274414
0.02260303497314453
0.027850866317749023
0.026190996170043945
0.024528980255126953
0.03063678741455078
0.02349710464477539
0.02551412582397461
0.022716045379638672
0.02804398536682129
0.027158021926879883
0.025518178939819336
0.02287912368774414
0.026804208755493164
0.024350881576538086
0.028374910354614258
0.028474092483520508
0.027743101119995117
0.028002023696899414
0.023090839385986328
0.024822235107421875
0.02379894256591797
0.02680182456970215
0.025434017181396484
0.025183916091918945
0.026951074600219727
0.027333974838256836
0.02786707878112793
0.024502038955688477
0.02419590950012207
0.0284881591796875
0.027879953384399414
0.025923967361450195
0.02993178367614746
0.02439117431640625
0.02495098114013672
0.02855992317199707
0.028705835342407227
0.025858163833618164
0.027191877365112305
0.026829957962036133
0.026118040084838867
0.02921605110168457
0.024207115173339844
0.025495052337646484
0.02944803237915039
0.04012298583984375
0.12742996215820312
0.02447199821472168
0.024636030197143555
0.025127172470092773
0.026401996612548828
0.02834606170654297
0.02645397186279297
0.023250102996826172
0.027902841567993164
0.027364015579223633
0.02719593048095703
0.024970054626464844
0.025747060775756836
0.0248260498046875
0.028576135635375977
0.02513289451599121
0.03362703323364258
0.025363922119140625
0.02777099609375
0.024175167083740234
0.02808213233947754
0.022477149963378906
0.02982783317565918
0.02808690071105957
0.028645992279052734
0.027151107788085938
0.027751922607421875
0.023331880569458008
0.026333093643188477
0.02484893798828125
0.023855924606323242
0.026273012161254883
0.027877092361450195
0.02866196632385254
0.026253938674926758
0.027526140213012695
0.02780604362487793
0.02527594566345215
0.02841019630432129
0.02736806869506836
0.03080296516418457
0.025576114654541016
0.027630090713500977
0.03131699562072754
0.028673887252807617
0.039836883544921875
0.13514018058776855
0.02798604965209961
0.03156900405883789
0.022774696350097656
0.02753305435180664
0.03069281578063965
0.024240970611572266
0.026716947555541992
0.025024890899658203
0.02809596061706543
0.028975963592529297
0.023581981658935547
0.025330066680908203
0.024986982345581055
0.024242162704467773
0.026545047760009766
0.031516075134277344
0.025943994522094727
0.0239870548248291
0.02764892578125
0.02653980255126953
0.035980939865112305
0.026124954223632812
0.027237892150878906
0.027315139770507812
0.03404498100280762
0.027151107788085938
0.02502894401550293
0.030147075653076172
0.03171992301940918
0.02917194366455078
0.02723979949951172
0.030094146728515625
0.02654886245727539
0.025339126586914062
0.02677178382873535
0.02695488929748535
0.02401900291442871
0.023160934448242188
0.026015043258666992
0.02744889259338379
0.02681899070739746
0.027019023895263672
0.0253140926361084
0.03134918212890625
0.027438879013061523
0.03913617134094238
0.12718415260314941
0.024199962615966797
0.02320384979248047
0.024791955947875977
0.03101801872253418
0.03573894500732422
0.033625125885009766
0.026218891143798828
0.025114059448242188
0.028533935546875
0.026015043258666992
0.023634910583496094
0.02578592300415039
0.025378942489624023
0.026532888412475586
0.026456117630004883
0.026132822036743164
0.030548810958862305
0.02356696128845215
0.028256893157958984
0.02778315544128418
0.024708986282348633
0.029566049575805664
0.023128032684326172
0.025477886199951172
0.03012394905090332
0.025907039642333984
0.02328014373779297
0.02671504020690918
0.02614903450012207
0.025756120681762695
0.02764606475830078
0.02386021614074707
0.028475046157836914
0.03697395324707031
0.0290679931640625
0.02808213233947754
0.026475906372070312
0.028903961181640625
0.029378175735473633
0.030447959899902344
0.025263071060180664
0.030848979949951172
0.03064894676208496
0.02955007553100586
0.027876853942871094
0.027450084686279297
0.038763999938964844
0.13020610809326172
0.029896020889282227
0.02234792709350586
0.028761863708496094
0.02679300308227539
0.024262189865112305
0.02880382537841797
0.02704000473022461
0.0246429443359375
0.030870914459228516
0.025825023651123047
0.028317928314208984
0.025938034057617188
0.02526402473449707
0.02782893180847168
0.025906085968017578
0.02676987648010254
0.030385971069335938
0.02934408187866211
0.02680683135986328
0.023812055587768555
0.0341038703918457
0.02813124656677246
0.027191162109375
0.028215885162353516
0.02642512321472168
0.027144193649291992
0.02767205238342285
0.022819042205810547
0.026140928268432617
0.03228306770324707
0.02878713607788086
0.027272939682006836
0.03148317337036133
0.02879810333251953
0.02660989761352539
0.02861189842224121
0.026780128479003906
0.024131059646606445
0.026129961013793945
0.030820131301879883
0.027410030364990234
0.02537083625793457
0.02804112434387207
0.027313709259033203
0.02549004554748535
0.02802896499633789
0.025375843048095703
0.02427196502685547
0.026628971099853516
0.026211977005004883
0.02781987190246582
0.03095102310180664
0.03698110580444336
0.13104605674743652
0.028409957885742188
0.0257110595703125
0.02374100685119629
0.02529311180114746
0.0239410400390625
0.025271892547607422
0.028223037719726562
0.027309894561767578
0.027657032012939453
0.02581620216369629
0.02464008331298828
0.022155046463012695
0.026573896408081055
0.023266077041625977
0.028053998947143555
0.025264978408813477
0.0353848934173584
0.027647018432617188
0.028819799423217773
0.035176992416381836
0.03241610527038574
0.026044130325317383
0.028909921646118164
0.03361821174621582
0.03576302528381348
0.0360560417175293
0.029150009155273438
0.027502775192260742
0.032182931900024414
0.03300809860229492
0.03175187110900879
0.030777931213378906
0.03689885139465332
0.03919100761413574
0.027327775955200195
0.025927066802978516
0.026474952697753906
0.03733181953430176
0.13086986541748047
0.025517940521240234
0.02766108512878418
0.02456498146057129
0.02444601058959961
0.028091907501220703
0.024151086807250977
0.023852109909057617
0.02612018585205078
0.027384042739868164
0.024456024169921875
0.030303955078125
0.024638891220092773
0.028940916061401367
0.02198195457458496
0.024630069732666016
0.025877952575683594
0.027744054794311523
0.02759099006652832
0.027125835418701172
0.026157140731811523
0.023746967315673828
0.028662919998168945
0.02386021614074707
0.02980208396911621
0.03163504600524902
0.024878978729248047
0.0280001163482666
0.029614925384521484
0.03413701057434082
0.026478052139282227
0.028832197189331055
0.02493762969970703
0.027243852615356445
0.027198076248168945
0.02361607551574707
0.02650904655456543
0.030118942260742188
0.026402950286865234
0.02484917640686035
0.026324987411499023
0.025294065475463867
0.024932146072387695
0.027569055557250977
0.02573680877685547
0.03971695899963379
0.12960195541381836
0.02599191665649414
0.02719402313232422
0.03733205795288086
0.02420496940612793
0.024824142456054688
0.029535770416259766
0.026553869247436523
0.02792525291442871
0.029666900634765625
0.029985904693603516
0.024929046630859375
0.027827024459838867
0.02605605125427246
0.026446819305419922
0.026121854782104492
0.02755594253540039
0.035542964935302734
0.025615930557250977
0.03325200080871582
0.029526948928833008
0.024653911590576172
0.029211997985839844
0.028594970703125
0.027171850204467773
0.023164987564086914
0.02482008934020996
0.024281024932861328
0.029458999633789062
0.02502608299255371
0.03210902214050293
0.02583599090576172
0.030539989471435547
0.024795055389404297
0.027395009994506836
0.03272390365600586
0.028843164443969727
0.025985240936279297
0.025407075881958008
0.02800893783569336
0.027604103088378906
0.027415037155151367
0.024306058883666992
0.024302005767822266
0.025657176971435547
0.028896093368530273
0.031087875366210938
0.14966106414794922
0.027805089950561523
0.0253140926361084
0.025348901748657227
0.02495718002319336
0.028046846389770508
0.030076026916503906
0.023768901824951172
0.028650999069213867
0.02267622947692871
0.024461030960083008
0.025435924530029297
0.025497913360595703
0.024903059005737305
0.022995948791503906
0.028614044189453125
0.02622389793395996
0.03230619430541992
0.03251194953918457
0.0363311767578125
0.024966955184936523
0.03545784950256348
0.028985023498535156
0.035904645919799805
0.02960991859436035
0.02716517448425293
0.029345035552978516
0.03553009033203125
0.03632998466491699
0.03445100784301758
0.02424478530883789
0.0281980037689209
0.04010891914367676
0.034282684326171875
0.029052019119262695
0.024591922760009766
0.027765989303588867
0.028697967529296875
0.02538609504699707
0.03723001480102539
0.12653803825378418
0.030774831771850586
0.02739691734313965
0.02363109588623047
0.03344607353210449
0.030271053314208984
0.025547027587890625
0.030556917190551758
0.02360701560974121
0.023868083953857422
0.026385068893432617
0.024831056594848633
0.027298927307128906
0.025211811065673828
0.0262908935546875
0.02386307716369629
0.02455878257751465
0.026648998260498047
0.03027200698852539
0.02560710906982422
0.025712013244628906
0.027390003204345703
0.027159929275512695
0.027904748916625977
0.025265216827392578
0.02383899688720703
0.0254058837890625
0.024567127227783203
0.025636911392211914
0.02413487434387207
0.03565406799316406
0.03212404251098633
0.031538963317871094
0.027382850646972656
0.026003122329711914
0.027525901794433594
0.023652076721191406
0.028474092483520508
0.025979995727539062
0.025981903076171875
0.02638697624206543
0.025234222412109375
0.02436685562133789
0.028048992156982422
0.026301145553588867
0.025113821029663086
0.03716015815734863
0.12947511672973633
0.024582862854003906
0.038630008697509766
0.026601076126098633
0.027506113052368164
0.025804996490478516
0.022220849990844727
0.024383068084716797
0.027431011199951172
0.02646803855895996
0.026454925537109375
0.026628971099853516
0.02860283851623535
0.026585102081298828
0.024899005889892578
0.02470993995666504
0.024319171905517578
0.025761127471923828
0.026218891143798828
0.031022071838378906
0.02563190460205078
0.026669025421142578
0.02704620361328125
0.025735139846801758
0.027390003204345703
0.024116039276123047
0.026861906051635742
0.02712416648864746
0.027388811111450195
0.027496814727783203
0.026020050048828125
0.024945974349975586
0.028155088424682617
0.026233196258544922
0.028835058212280273
0.027601957321166992
0.028004884719848633
0.026605844497680664
0.023681163787841797
0.0276029109954834
0.030367136001586914
0.025065183639526367
0.023614883422851562
0.025157928466796875
0.028575897216796875
0.025948762893676758
0.024286985397338867
0.024499893188476562
0.0266110897064209
0.02759718894958496
0.026947975158691406
0.02958083152770996
0.025058984756469727
0.026584148406982422
0.029504060745239258
0.038136959075927734
0.13254404067993164
0.025004863739013672
0.024502992630004883
0.026181936264038086
0.02412700653076172
0.027019977569580078
0.03341412544250488
0.022433996200561523
0.025346994400024414
0.026988983154296875
0.02918100357055664
0.027981996536254883
0.02258610725402832
0.024116992950439453
0.02369999885559082
0.023413896560668945
0.029384136199951172
0.02455902099609375
0.024754047393798828
0.02715301513671875
0.02713489532470703
0.02506399154663086
0.02558302879333496
0.025623798370361328
0.02951502799987793
0.026779890060424805
0.03377985954284668
0.028436899185180664
0.025603055953979492
0.03941202163696289
0.03120279312133789
0.02964305877685547
0.02597975730895996
0.024725914001464844
0.02774810791015625
0.0288999080657959
0.04278993606567383
0.02555084228515625
0.02497720718383789
0.02822709083557129
0.02413201332092285
0.030055999755859375
0.028717994689941406
0.030076026916503906
0.026623010635375977
0.023077964782714844
0.025190114974975586
0.028857946395874023
0.036448001861572266
0.1292588710784912
0.02448105812072754
0.023351192474365234
0.027113914489746094
0.026619911193847656
0.0226290225982666
0.0291750431060791
0.02569413185119629
0.023684978485107422
0.025489091873168945
0.024895191192626953
0.023875951766967773
0.03470301628112793
0.024217844009399414
0.024148941040039062
0.024812698364257812
0.029458045959472656
0.02592611312866211
0.026704072952270508
0.029878616333007812
0.0257568359375
0.025804996490478516
0.022204875946044922
0.024564027786254883
0.02906203269958496
0.026385068893432617
0.02727198600769043
0.02856612205505371
0.028742074966430664
0.027364015579223633
0.029406070709228516
0.027029037475585938
0.03960704803466797
0.025341033935546875
0.027225017547607422
0.02654409408569336
0.026482105255126953
0.023528099060058594
0.024476051330566406
0.025565147399902344
0.02573704719543457
0.025282859802246094
0.024060964584350586
0.02547287940979004
0.024369001388549805
0.030663013458251953
0.02418804168701172
0.039002180099487305
0.13065886497497559
0.026613950729370117
0.02837395668029785
0.028513193130493164
0.024055957794189453
0.024831771850585938
0.028728961944580078
0.02473592758178711
0.028352022171020508
0.02537989616394043
0.026953935623168945
0.026202917098999023
0.02484917640686035
0.02611374855041504
0.026187896728515625
0.030092954635620117
0.027684926986694336
0.028671979904174805
0.024767160415649414
0.024509906768798828
0.024950027465820312
0.026611804962158203
0.025799036026000977
0.03037095069885254
0.026165008544921875
0.025825023651123047
0.024925947189331055
0.0343170166015625
0.024431943893432617
0.02637505531311035
0.026157855987548828
0.02840709686279297
0.02500009536743164
0.024541854858398438
0.02704787254333496
0.027246952056884766
0.027513980865478516
0.025667905807495117
0.029913902282714844
0.037795066833496094
0.02838301658630371
0.03445696830749512
0.030317068099975586
0.02496814727783203
0.028521060943603516
0.025849103927612305
0.024042844772338867
0.028078079223632812
0.03256583213806152
0.025569915771484375
0.04039812088012695
0.1301121711730957
0.02232193946838379
0.02628183364868164
0.02643895149230957
0.028854846954345703
0.029080867767333984
0.0304410457611084
0.029333829879760742
0.02948904037475586
0.02840399742126465
0.030228614807128906
0.02489304542541504
0.03164815902709961
0.023443937301635742
0.026499032974243164
0.032015085220336914
0.02780890464782715
0.03043508529663086
0.023367881774902344
0.0285031795501709
0.03634786605834961
0.025599956512451172
0.027894258499145508
0.03295302391052246
0.031058073043823242
0.03267312049865723
0.0355379581451416
0.02431201934814453
0.027274131774902344
0.025912046432495117
0.025992155075073242
0.02714395523071289
0.02274012565612793
0.029991865158081055
0.02486896514892578
0.02587890625
0.025075912475585938
0.030297040939331055
0.027621984481811523
0.028084993362426758
0.030045032501220703
0.02789592742919922
0.024632930755615234
0.03674817085266113
0.13447904586791992
0.0257871150970459
0.03017282485961914
0.029127120971679688
0.03331494331359863
0.023728132247924805
0.02645707130432129
0.025001049041748047
0.0254669189453125
0.028844118118286133
0.023109912872314453
0.028341054916381836
0.02459406852722168
0.028070926666259766
0.025255918502807617
0.024330615997314453
0.024618148803710938
0.026467084884643555
0.028359174728393555
0.028458118438720703
0.029407978057861328
0.02956986427307129
0.025660991668701172
0.023415088653564453
0.026407957077026367
0.024989843368530273
0.026383638381958008
0.0278017520904541
0.02576279640197754
0.02571392059326172
0.026229143142700195
0.027508020401000977
0.02639484405517578
0.02680206298828125
0.02303004264831543
0.028090953826904297
0.0256960391998291
0.027788162231445312
0.023772716522216797
0.029379844665527344
0.028570175170898438
0.02662181854248047
0.030869007110595703
0.025117874145507812
0.031120777130126953
0.02741408348083496
0.026699066162109375
0.02948904037475586
0.025089025497436523
0.025037050247192383
0.02473282814025879
0.039977073669433594
0.12735700607299805
0.029922008514404297
0.02710700035095215
0.026701927185058594
0.025990962982177734
0.025450944900512695
0.027205944061279297
0.026421070098876953
0.026427030563354492
0.02462291717529297
0.02471613883972168
0.024852752685546875
0.025892972946166992
0.028095006942749023
0.026947021484375
0.02662801742553711
0.02338576316833496
0.025429725646972656
0.02862381935119629
0.02867412567138672
0.027671098709106445
0.029072046279907227
0.02696990966796875
0.023406982421875
0.0282900333404541
0.024342060089111328
0.027822017669677734
0.02630615234375
0.04064822196960449
0.02754807472229004
0.02253103256225586
0.02327108383178711
0.026849985122680664
0.03087902069091797
0.02594304084777832
0.02630901336669922
0.024883031845092773
0.026829957962036133
0.024949073791503906
0.02234506607055664
0.023005008697509766
0.02649688720703125
0.02520895004272461
0.02735590934753418
0.027804136276245117
0.02757883071899414
0.030273914337158203
0.028430938720703125
0.035745859146118164
0.1261577606201172
0.025276899337768555
0.02816295623779297
0.0276491641998291
0.025540828704833984
0.025104999542236328
0.024246931076049805
0.02514791488647461
0.027912139892578125
0.027952909469604492
0.023316144943237305
0.024959087371826172
0.026684999465942383
0.02759695053100586
0.024744033813476562
0.02306985855102539
0.024847984313964844
0.02523207664489746
0.02469611167907715
0.028254032135009766
0.028298139572143555
0.025511980056762695
0.025979995727539062
0.02476191520690918
0.025928020477294922
0.026606082916259766
0.024464130401611328
0.03971695899963379
0.04333996772766113
0.023628950119018555
0.02464890480041504
0.029942989349365234
0.023045063018798828
0.030818939208984375
0.0249788761138916
0.024805068969726562
0.031174898147583008
0.024825096130371094
0.029042959213256836
0.025580883026123047
0.02609419822692871
0.025784015655517578
0.0261228084564209
0.024578094482421875
0.026679039001464844
0.027081012725830078
0.023894071578979492
0.025086164474487305
0.026736974716186523
0.02614307403564453
0.025550127029418945
0.03897213935852051
0.12674903869628906
0.0237429141998291
0.025059938430786133
0.03292512893676758
0.0277099609375
0.030231952667236328
0.024445056915283203
0.028580904006958008
0.02491903305053711
0.02342081069946289
0.028296947479248047
0.029916048049926758
0.0266878604888916
0.02464890480041504
0.023812055587768555
0.025383949279785156
0.025608062744140625
0.028872013092041016
0.024013042449951172
0.026474952697753906
0.02353692054748535
0.029932022094726562
0.03039097785949707
0.02299809455871582
0.028092145919799805
0.025220155715942383
0.025530099868774414
0.02872014045715332
0.028229951858520508
0.025400161743164062
0.025648832321166992
0.025663137435913086
0.03165698051452637
0.028181076049804688
0.02612781524658203
0.028014183044433594
0.02754807472229004
0.02726602554321289
0.031074047088623047
0.02431488037109375
0.027650833129882812
0.024285078048706055
0.028486013412475586
0.02609086036682129
0.02610301971435547
0.024536848068237305
0.03996610641479492
0.1299130916595459
0.027189970016479492
0.0280001163482666
0.04248309135437012
0.040355682373046875
0.029260873794555664
0.025403976440429688
0.025053977966308594
0.02237558364868164
0.02640080451965332
0.02631998062133789
0.023860931396484375
0.02689981460571289
0.03056192398071289
0.02513408660888672
0.02465081214904785
0.031989097595214844
0.02824997901916504
0.03211188316345215
0.026676177978515625
0.025703907012939453
0.027402162551879883
0.034307003021240234
0.025996923446655273
0.026688098907470703
0.027531147003173828
0.026008129119873047
0.024457931518554688
0.02958393096923828
0.028157949447631836
0.040574073791503906
0.023455142974853516
0.02331399917602539
0.02449798583984375
0.023530960083007812
0.027740001678466797
0.02838301658630371
0.02506279945373535
0.0235748291015625
0.027287006378173828
0.02695608139038086
0.02408599853515625
0.02702498435974121
0.026144027709960938
0.0244290828704834
0.028936147689819336
0.024444103240966797
0.043882131576538086
0.12964773178100586
0.02993297576904297
0.02814793586730957
0.026729106903076172
0.026260852813720703
0.022378206253051758
0.02911663055419922
0.026096105575561523
0.02219700813293457
0.02614593505859375
0.02704000473022461
0.024554967880249023
0.02642512321472168
0.027373075485229492
0.025294065475463867
0.02828049659729004
0.024856090545654297
0.02987194061279297
0.02585601806640625
0.025287151336669922
0.03086400032043457
0.035060882568359375
0.027120113372802734
0.030283212661743164
0.028560876846313477
0.025358200073242188
0.028172016143798828
0.028642892837524414
0.028451204299926758
0.024510860443115234
0.025967121124267578
0.025823116302490234
0.02453017234802246
0.025430917739868164
0.026933908462524414
0.027122020721435547
0.026136159896850586
0.028043031692504883
0.02586197853088379
0.026678800582885742
0.028146982192993164
0.026363134384155273
0.02744007110595703
0.03163290023803711
0.025704145431518555
0.024282217025756836
0.02960801124572754
0.025614023208618164
0.13924312591552734
0.030743837356567383
0.02817988395690918
0.02667379379272461
0.023398876190185547
0.02599191665649414
0.030360937118530273
0.027968168258666992
0.0298309326171875
0.028708934783935547
0.025774002075195312
0.02498602867126465
0.0234677791595459
0.02643299102783203
0.025522232055664062
0.02213597297668457
0.028537988662719727
0.026345014572143555
0.029710054397583008
0.023906946182250977
0.027745962142944336
0.02711200714111328
0.02703404426574707
0.023035049438476562
0.026504039764404297
0.03202199935913086
0.025162935256958008
0.026707887649536133
0.025934219360351562
0.02534008026123047
0.026371002197265625
0.023936033248901367
0.025421142578125
0.02554798126220703
0.02831101417541504
0.030145883560180664
0.03188276290893555
0.027320146560668945
0.02557826042175293
0.02646803855895996
0.025287151336669922
0.032891035079956055
0.040341854095458984
0.038751840591430664
0.030568838119506836
0.0376889705657959
0.0261838436126709
0.029829978942871094
0.026876211166381836
0.030920028686523438
0.033927202224731445
0.02416396141052246
0.025379180908203125
0.028403043746948242
0.04425787925720215
0.13066792488098145
0.02636408805847168
0.023382186889648438
0.030480146408081055
0.028046846389770508
0.02552008628845215
0.02328205108642578
0.03090500831604004
0.029175996780395508
0.029787063598632812
0.0247650146484375
0.024958133697509766
0.02576899528503418
0.027625083923339844
0.02752399444580078
0.029825925827026367
0.02922797203063965
0.028696060180664062
0.027099132537841797
0.03174090385437012
0.02407693862915039
0.026669979095458984
0.024439096450805664
0.024195194244384766
0.026315927505493164
0.023736953735351562
0.02440810203552246
0.027227163314819336
0.025482177734375
0.02826094627380371
0.026947021484375
0.030556917190551758
0.025532960891723633
0.023508071899414062
0.03181600570678711
0.026237964630126953
0.025665998458862305
0.024788856506347656
0.0271151065826416
0.029330015182495117
0.02957606315612793
0.030157089233398438
0.024863004684448242
0.026944875717163086
0.028113126754760742
0.0369570255279541
0.1297450065612793
0.022966861724853516
0.032212018966674805
