27.575599908828735
29.572794198989868
27.94153356552124
27.80875515937805
27.978347778320312
28.504672050476074
29.06750464439392
29.32393717765808
29.52886414527893
27.89926552772522
29.505850553512573
28.94919991493225
28.421849489212036
32.11474132537842
27.27880835533142
27.991268157958984
26.396687507629395
26.72745680809021
24.034298419952393
22.96337914466858
23.322367429733276
24.02875256538391
25.977559804916382
24.50088381767273
25.116736888885498
23.515966415405273
33.69434118270874
26.19876480102539
26.766599893569946
26.28614044189453
24.898396968841553
24.500287294387817
24.143917560577393
24.23950457572937
24.291227340698242
24.77466607093811
24.996803998947144
24.035229682922363
24.18355083465576
24.20036506652832
23.667898654937744
25.110446214675903
25.948994636535645
25.6127610206604
25.297218084335327
24.38727879524231
24.35993194580078
25.26213002204895
26.254939079284668
31.198129177093506
22.602575302124023
24.546737909317017
24.429908990859985
25.135347366333008
24.20059108734131
25.219512224197388
24.130213022232056
24.31103491783142
25.152828693389893
25.213083505630493
24.25128674507141
25.84975028038025
25.738837242126465
26.819085597991943
31.08887815475464
24.05018663406372
24.33684539794922
25.042540073394775
24.42428731918335
24.414862155914307
24.42374300956726
24.963843822479248
24.70947003364563
24.304604291915894
24.325369119644165
24.247493028640747
24.530839681625366
26.02539348602295
25.854008197784424
26.67679524421692
23.713155269622803
23.577434539794922
25.945632696151733
25.50692105293274
31.316625833511353
31.383452892303467
24.239234685897827
24.179399490356445
23.801866054534912
29.742267608642578
28.35642170906067
24.556910276412964
22.59762954711914
22.309200286865234
23.910526275634766
24.041189670562744
23.987273693084717
22.246474266052246
25.32529067993164
23.154601335525513
22.739200353622437
23.179493188858032
23.886929273605347
23.838908910751343
23.555959463119507
23.04268169403076
24.326220273971558
24.06113600730896
23.374208688735962
22.877346515655518
23.043583869934082
23.02474308013916
23.084351778030396
23.79471516609192
23.076749563217163
22.20994472503662
24.505500316619873
24.221243143081665
23.794031143188477
22.418789863586426
21.35649061203003
22.874279022216797
22.668891191482544
22.799541473388672
22.75522780418396
22.751646995544434
31.670020818710327
30.599742889404297
22.68143582344055
22.488487243652344
22.658896446228027
23.17592167854309
23.159282207489014
31.723994731903076
30.970985412597656
23.060595273971558
22.78676152229309
22.973707675933838
22.9923357963562
23.24065136909485
23.552703857421875
24.34964609146118
23.30089807510376
24.198004245758057
23.318009853363037
22.791444540023804
25.171924352645874
25.148796558380127
24.22042465209961
22.687776565551758
23.143311023712158
22.87996530532837
26.256593227386475
26.077368021011353
24.023218870162964
22.66218900680542
22.682281970977783
22.983423948287964
23.209815979003906
23.79000496864319
24.37114715576172
24.024584770202637
25.6324725151062
23.2717387676239
23.379929065704346
22.87181043624878
22.92744517326355
22.68248462677002
23.09190058708191
22.538010120391846
22.646245002746582
23.67700171470642
23.270894050598145
24.48323655128479
24.271316051483154
23.434942722320557
24.926389694213867
24.84596824645996
24.377326726913452
22.8989896774292
22.653509378433228
23.102296352386475
22.590506315231323
23.49055790901184
23.613030195236206
24.245490312576294
24.61088514328003
23.289292097091675
23.07880473136902
28.773378133773804
29.83364224433899
22.976001262664795
23.36992645263672
22.512824296951294
22.54183602333069
23.400506734848022
22.61703634262085
28.211265563964844
28.80655813217163
24.036396741867065
22.679972887039185
22.863480806350708
23.11813712120056
22.991179943084717
22.898512363433838
22.693831205368042
23.92293667793274
23.90177297592163
23.58326506614685
24.282156705856323
23.83203887939453
22.90149974822998
26.814223289489746
24.758445978164673
22.782279014587402
22.82783055305481
23.040796518325806
23.30539298057556
23.478709936141968
23.8058340549469
23.92187738418579
22.846129655838013
23.157410860061646
23.54303550720215
23.374560832977295
23.2371826171875
22.942598819732666
22.649060249328613
24.47604537010193
24.714716911315918
22.69913649559021
22.754329919815063
29.21105456352234
28.968384742736816
23.02690076828003
24.03946614265442
22.9179470539093
24.764509916305542
22.92531657218933
22.548390865325928
22.528823852539062
22.84240984916687
24.202953815460205
22.772003650665283
23.943421602249146
24.041102170944214
23.72145366668701
30.055946826934814
30.1366868019104
23.27938199043274
23.130213022232056
23.474699020385742
29.183571338653564
28.804375886917114
23.920536994934082
22.8058602809906
22.91062021255493
28.752737045288086
28.885778665542603
24.297873973846436
22.86993718147278
23.425265312194824
23.044837951660156
22.756401538848877
22.887399196624756
24.09211015701294
23.55263113975525
23.78683376312256
24.473908185958862
24.972359895706177
22.97313642501831
23.107271432876587
26.783854722976685
26.60380792617798
24.623121976852417
23.0340576171875
22.86858558654785
23.273629188537598
23.645745038986206
23.80976629257202
23.960626363754272
24.527358770370483
23.953575134277344
23.494426727294922
22.8317768573761
24.253305435180664
24.161996841430664
25.5062255859375
23.0038800239563
23.191965579986572
23.170899152755737
23.050063610076904
23.146591186523438
23.11612319946289
24.027647256851196
24.055525302886963
24.0069899559021
22.956203937530518
22.9450740814209
25.28116798400879
25.483673572540283
24.312143802642822
25.84327459335327
23.199424743652344
23.086501121520996
23.209745168685913
23.01214623451233
22.792575120925903
22.754167318344116
22.84187388420105
22.93807029724121
23.49834442138672
23.446124792099
23.768100023269653
28.276613235473633
27.420027494430542
22.683828830718994
23.113656282424927
22.698038578033447
22.90273094177246
23.333712816238403
22.944700956344604
23.076122283935547
22.932322025299072
23.245162963867188
23.76870632171631
24.31763768196106
23.464558362960815
24.097585916519165
24.33928871154785
27.318795442581177
26.88060212135315
23.34247064590454
22.81043243408203
23.02699375152588
22.99756169319153
22.850093364715576
23.090620040893555
25.633796215057373
23.709981679916382
24.39168381690979
23.53283929824829
24.33126425743103
23.934828996658325
27.324009895324707
27.534534692764282
22.900452136993408
22.763038873672485
22.71241044998169
27.941158056259155
27.57430148124695
24.443265199661255
23.195013284683228
23.025144338607788
22.973594903945923
22.860318899154663
23.16264033317566
22.748474836349487
22.779842853546143
23.255707025527954
22.851312160491943
22.720004081726074
23.127166509628296
24.571171760559082
23.077491760253906
23.841019868850708
23.921177864074707
24.36850094795227
24.04153299331665
27.7249014377594
27.559036254882812
22.77989959716797
23.968349933624268
23.066277503967285
22.81406855583191
22.86887264251709
22.808202505111694
23.004132747650146
22.993279218673706
22.62214469909668
24.34657597541809
23.795028924942017
24.339682817459106
24.34581422805786
22.914965867996216
26.816576719284058
25.57119131088257
23.09278130531311
22.710065603256226
22.93964958190918
23.14792251586914
24.483955144882202
23.277731895446777
22.762283086776733
22.65903067588806
23.160125494003296
23.908918142318726
24.5117244720459
23.140695333480835
23.47032928466797
25.11581015586853
24.74823236465454
24.654789447784424
23.332446336746216
23.127521276474
22.70948028564453
23.8994882106781
22.90865397453308
22.559678316116333
23.182962894439697
23.079610109329224
23.047593355178833
23.766973733901978
24.509573221206665
24.255263805389404
23.251885414123535
23.443572759628296
22.926668882369995
26.470959901809692
26.64514183998108
23.202596426010132
24.392412900924683
22.895098447799683
22.699915647506714
23.768707513809204
23.01866102218628
23.072869777679443
22.70366597175598
22.981593132019043
22.722845554351807
22.883509874343872
23.32890248298645
24.14674663543701
23.673476934432983
23.550057411193848
24.565539836883545
27.7452130317688
27.00350522994995
23.014540672302246
22.794398307800293
26.707284927368164
25.811801433563232
22.741315364837646
25.21033024787903
23.010128498077393
23.480035066604614
24.912816047668457
25.643145322799683
23.13871121406555
23.665103912353516
22.80257534980774
22.874013900756836
23.201448678970337
24.126041173934937
24.339838981628418
23.028267860412598
22.90862488746643
23.581658363342285
24.434638023376465
22.881388664245605
24.90106987953186
24.9973623752594
22.926976919174194
22.904088735580444
22.818148851394653
22.772130727767944
22.814231157302856
23.508110761642456
22.89647078514099
22.971248865127563
23.18400239944458
24.92087745666504
24.687438488006592
22.802278995513916
24.60203266143799
23.05638837814331
23.177555561065674
23.0546395778656
23.701823949813843
23.369016647338867
24.527084589004517
24.528864860534668
23.62950372695923
23.072011947631836
22.97510862350464
22.78063440322876
24.04717493057251
23.00709557533264
22.846829414367676
23.190946340560913
23.667694330215454
23.43111538887024
24.59215021133423
24.190470933914185
23.609339714050293
22.99030041694641
24.05393624305725
23.765005588531494
24.576383352279663
23.741414785385132
23.337608814239502
22.790838956832886
23.567858695983887
23.873547792434692
24.12360954284668
24.487654209136963
23.399767637252808
23.001710414886475
26.88770890235901
26.785351276397705
24.732475996017456
23.358922004699707
23.693486213684082
22.695005416870117
22.78456997871399
23.88329839706421
24.793673992156982
24.293049812316895
23.739768743515015
22.863715887069702
26.01936388015747
25.511083364486694
24.26715397834778
23.07222557067871
24.258758306503296
22.825881004333496
23.02442979812622
23.593095779418945
22.969509601593018
22.919268131256104
25.831329107284546
24.50493860244751
22.974778413772583
23.671188831329346
23.924031257629395
24.76059627532959
22.900086402893066
24.275360345840454
23.608999252319336
22.87066650390625
25.047471046447754
25.025915145874023
22.76105570793152
23.64247703552246
22.746692895889282
22.85236144065857
27.427746534347534
26.832700729370117
24.4081392288208
22.885084629058838
23.49106454849243
24.020394325256348
24.570581436157227
24.550159215927124
24.3732328414917
23.009479999542236
24.727157831192017
24.96513795852661
23.289875745773315
22.82105851173401
23.080163717269897
25.49414300918579
23.06680703163147
23.30828094482422
22.98638153076172
22.973929166793823
23.555351495742798
23.3831570148468
24.36661410331726
23.50802230834961
24.25744891166687
22.674792528152466
25.610329627990723
25.290518045425415
23.241379261016846
25.003337144851685
23.379053115844727
23.20444393157959
24.615952491760254
22.772701025009155
24.609905004501343
24.268834352493286
23.147284746170044
23.98165726661682
23.088861227035522
25.13169288635254
25.249757766723633
23.028347969055176
23.70474147796631
23.189095735549927
22.91028904914856
24.30695939064026
23.279807567596436
23.21353578567505
23.1128191947937
22.897161722183228
22.95506262779236
24.247854709625244
24.508641958236694
24.193511486053467
23.082744121551514
24.72369885444641
24.825662851333618
23.569661617279053
23.086013078689575
22.693245887756348
23.03286647796631
22.656942129135132
23.03967022895813
23.071261405944824
23.613688468933105
23.424288272857666
23.976600170135498
23.262367725372314
24.55757784843445
24.25735640525818
26.43883752822876
25.552106618881226
23.337210655212402
22.786874294281006
23.6457781791687
22.827478885650635
23.024301528930664
23.1050808429718
22.55497908592224
22.783321380615234
27.161920070648193
27.30536675453186
25.135804414749146
23.199898719787598
23.2059383392334
23.533111095428467
23.693817377090454
24.79658532142639
23.6514253616333
23.141451597213745
24.266419172286987
24.922165870666504
23.197596788406372
24.857595682144165
24.87585186958313
24.16164231300354
23.077086210250854
25.596553087234497
24.890729665756226
24.59270143508911
23.083178520202637
23.808483123779297
22.817092657089233
23.375920295715332
23.393588066101074
23.49339246749878
23.396477937698364
24.68077063560486
24.963311910629272
22.920026302337646
26.750423192977905
26.40138077735901
24.497532844543457
23.34300422668457
23.3922278881073
22.899001836776733
22.856183290481567
23.68240451812744
23.173993349075317
22.83193063735962
24.234267711639404
23.32312536239624
24.821117877960205
24.16540503501892
23.691272020339966
22.902186155319214
26.364283800125122
26.93719744682312
23.045244216918945
23.107956409454346
23.122676849365234
22.78885316848755
25.79396080970764
26.287304401397705
23.40435481071472
23.230265855789185
24.5051007270813
22.68815803527832
22.915399074554443
23.151596069335938
23.332287788391113
24.838611125946045
23.533262252807617
24.58448362350464
22.86790919303894
23.056516885757446
22.76505208015442
22.801295518875122
24.194128036499023
24.231548070907593
23.682692050933838
24.130953788757324
23.251463890075684
25.938313007354736
26.067079544067383
24.124363660812378
23.04426622390747
25.940192699432373
23.01543164253235
23.053967714309692
24.238418102264404
23.078160524368286
22.996537923812866
22.777963161468506
23.0554838180542
22.92551898956299
23.93560767173767
23.73951292037964
24.910736560821533
25.81249237060547
25.41589665412903
23.530107975006104
22.937928676605225
23.01806616783142
23.137780904769897
25.93590021133423
25.944872856140137
23.066685438156128
22.9537250995636
23.311155557632446
22.928911209106445
23.291264295578003
23.10422158241272
22.586519479751587
22.89962148666382
22.79807138442993
26.607533931732178
26.714348316192627
22.783895015716553
23.22550868988037
24.01693868637085
24.87390947341919
23.15809917449951
23.06860113143921
22.668152570724487
24.990255117416382
25.664310455322266
22.972744941711426
22.959492444992065
22.792530298233032
22.585365056991577
25.9141263961792
26.081599712371826
23.32135009765625
23.739540576934814
23.39112138748169
23.029260635375977
22.659223556518555
22.853042364120483
23.63777184486389
22.867328643798828
22.7085280418396
23.017146348953247
26.638914346694946
25.83027482032776
23.177247285842896
22.70905900001526
23.53218674659729
25.03456163406372
25.1211895942688
22.810019731521606
22.907179832458496
22.916738510131836
23.308955192565918
23.626720666885376
23.088241577148438
23.92456841468811
26.085020303726196
24.923938512802124
23.687355995178223
24.71423864364624
24.919010162353516
22.738877058029175
26.130505561828613
25.21264338493347
22.89029026031494
23.292295217514038
22.93749213218689
23.093019247055054
23.16012740135193
22.79568076133728
24.195669174194336
22.91267967224121
23.450266122817993
22.88296103477478
22.804948329925537
24.123106002807617
23.77432084083557
24.675177812576294
24.585480451583862
24.06209444999695
25.21643567085266
25.077661275863647
23.25442385673523
22.792271614074707
22.771897792816162
23.114778518676758
23.290810346603394
22.7827787399292
23.304340839385986
22.820080041885376
22.8251690864563
24.0638370513916
23.76860761642456
23.79630208015442
24.14673948287964
24.44172978401184
22.85815954208374
25.241167306900024
25.240591049194336
23.348397493362427
22.855284452438354
22.77131485939026
22.853546857833862
23.108026266098022
22.966612100601196
24.0274338722229
23.436018705368042
23.87125563621521
24.34679937362671
23.22553062438965
23.559529781341553
24.479491710662842
22.921408653259277
23.05377507209778
22.909236669540405
23.741514205932617
22.836178064346313
22.971097469329834
23.371713399887085
25.19113779067993
25.117477893829346
22.992332458496094
22.93079972267151
23.232654809951782
22.938583850860596
22.854594945907593
23.044620275497437
25.685303926467896
23.67858910560608
24.334537744522095
24.018954277038574
23.325278759002686
23.456270694732666
23.466562032699585
27.67910933494568
27.074180364608765
23.160574197769165
24.056314706802368
23.099918603897095
25.673301219940186
24.577155590057373
22.856143951416016
22.56218719482422
22.86878204345703
22.941752910614014
22.6681649684906
22.884925842285156
24.330655097961426
23.379852771759033
23.812806129455566
23.615201234817505
24.188565731048584
22.7612202167511
27.275073289871216
28.12455701828003
23.14987015724182
23.34591579437256
23.340826272964478
22.680481910705566
24.618841648101807
23.133785009384155
22.964268445968628
22.987550020217896
22.852550268173218
24.091367483139038
24.39580726623535
24.2849223613739
22.80078148841858
23.138773441314697
25.220144987106323
26.229591846466064
22.787943363189697
28.081692457199097
23.48997139930725
23.350341796875
22.877393007278442
23.827998161315918
22.919328451156616
23.04071307182312
23.360467195510864
24.530006170272827
24.29962658882141
25.838086366653442
25.91209888458252
23.302143096923828
23.764842987060547
23.4514479637146
23.067365169525146
23.28178858757019
23.252583265304565
22.73678755760193
23.22845768928528
23.760200023651123
24.163471937179565
23.86000943183899
24.512791633605957
23.222618341445923
22.886112451553345
22.99723768234253
27.647802591323853
27.18510603904724
22.919186115264893
22.895463228225708
22.751702070236206
23.106882572174072
23.314972400665283
23.08903932571411
23.148662090301514
23.7929904460907
24.110236883163452
23.8524112701416
24.214276790618896
22.988329648971558
24.49437642097473
23.182090044021606
23.50120997428894
27.36274003982544
27.84333038330078
23.045433044433594
23.040138483047485
23.083194971084595
23.408856630325317
25.399783849716187
23.264779090881348
23.543571949005127
23.10704755783081
23.069493055343628
23.14911985397339
22.950878858566284
23.062625646591187
23.480101585388184
22.962223529815674
23.043339729309082
22.73766827583313
23.201342821121216
23.111743927001953
22.836869478225708
23.025151252746582
22.997929573059082
23.716768741607666
24.25756859779358
23.675979375839233
25.089771270751953
24.743775844573975
24.547346830368042
23.029382944107056
24.97529363632202
22.996002912521362
22.842151880264282
22.904239654541016
23.278884649276733
22.907688856124878
22.75274968147278
23.06753134727478
23.147719860076904
22.9972140789032
24.27796220779419
24.0478253364563
23.579811811447144
24.310323476791382
24.22001624107361
26.19021439552307
23.428375244140625
23.747453212738037
23.268208503723145
23.933145999908447
23.16138505935669
22.788618803024292
22.724817752838135
23.220959663391113
23.0902259349823
23.52408504486084
23.86784601211548
24.607369422912598
24.29529309272766
23.8372962474823
22.942002058029175
25.29394841194153
22.74092149734497
23.244869709014893
23.587056398391724
23.31052041053772
24.070700645446777
23.202603816986084
23.157647132873535
27.053467273712158
27.15788698196411
23.318565607070923
22.9343900680542
25.230679512023926
22.81769037246704
23.691493034362793
23.20664119720459
23.232635021209717
23.368314743041992
22.953237295150757
23.5053448677063
22.98911166191101
23.999635219573975
24.69768500328064
24.042555332183838
24.26162815093994
22.917593717575073
25.109710693359375
23.599406480789185
23.754393339157104
23.568594932556152
23.268069982528687
23.363647937774658
24.5579993724823
22.826245546340942
23.05627417564392
22.85597825050354
24.115766286849976
23.28707766532898
22.830263137817383
23.254508018493652
22.773178100585938
23.249608516693115
23.335123300552368
24.33434271812439
24.188220024108887
24.285568714141846
24.107369661331177
23.577312231063843
22.954514980316162
24.361281871795654
23.25441884994507
23.406059980392456
23.23469305038452
23.11155652999878
23.135822057724
23.201682329177856
26.237382650375366
26.28039860725403
23.566291570663452
23.067646265029907
23.658353567123413
22.872901916503906
24.562556505203247
23.821635007858276
24.551564693450928
24.265801906585693
23.66258430480957
27.190730810165405
27.480326175689697
23.158867835998535
23.12150764465332
23.920680284500122
23.90100407600403
25.247886896133423
25.305731296539307
23.142709970474243
23.05221700668335
23.14485812187195
23.75819230079651
23.515010118484497
27.66605567932129
27.153385400772095
22.84809708595276
22.906150102615356
24.314624071121216
23.051114797592163
23.046712398529053
22.878119707107544
23.425376176834106
24.810799837112427
24.82209300994873
23.58747124671936
23.531407117843628
27.179445505142212
27.532586574554443
23.29926609992981
23.31725811958313
23.631309032440186
23.64270520210266
23.238070487976074
24.03120517730713
23.049720525741577
24.247931480407715
23.05416703224182
22.856929540634155
23.040159940719604
24.494905471801758
23.479776620864868
23.180542469024658
23.22223925590515
23.59067702293396
23.663683891296387
22.791095733642578
24.383142948150635
22.925498008728027
22.924503803253174
23.33922815322876
26.024299383163452
25.420615196228027
23.28715229034424
23.898065090179443
24.40174698829651
23.187845468521118
23.637244701385498
23.34073805809021
23.188409328460693
23.14039421081543
23.53410816192627
24.293324947357178
24.455494165420532
24.8819842338562
23.657012939453125
25.386523485183716
23.26014804840088
23.099923610687256
23.03089737892151
22.937620162963867
22.804417848587036
26.789121866226196
23.667606592178345
25.13031816482544
24.872173309326172
23.15595293045044
23.464117765426636
26.111794233322144
24.549076557159424
23.13836407661438
23.13769268989563
23.022100925445557
23.06349515914917
22.99730682373047
23.037916660308838
26.325156688690186
26.554948806762695
23.21699094772339
22.9394588470459
22.876343727111816
23.306272745132446
24.709530115127563
22.847792387008667
23.19402289390564
22.94026279449463
24.426785707473755
23.529391527175903
24.54713201522827
23.307300567626953
24.066424131393433
23.617884635925293
25.247825384140015
25.405232429504395
23.004080057144165
22.8975830078125
23.185420751571655
23.088394165039062
23.07219409942627
24.27704095840454
23.28818130493164
23.038193464279175
26.361316680908203
26.345983028411865
23.0463650226593
23.37613320350647
23.82743811607361
23.30057191848755
22.90430736541748
23.19579267501831
22.924766302108765
23.868772983551025
22.84062433242798
22.860100269317627
23.608558416366577
24.936992406845093
26.107751846313477
28.116497039794922
23.109848260879517
22.988826036453247
22.866721391677856
23.284974098205566
23.04307460784912
23.895909547805786
23.6774001121521
23.9914653301239
23.773728370666504
24.348846197128296
24.647728443145752
24.31015920639038
23.47631549835205
24.86815118789673
26.808640241622925
22.88244915008545
23.50009250640869
23.555481910705566
23.276405096054077
23.37540364265442
23.24214792251587
23.289501428604126
23.248600721359253
24.677464962005615
23.82418441772461
24.127462148666382
24.382287740707397
23.52711296081543
23.954258918762207
23.363690853118896
23.373003721237183
23.463594913482666
23.995936393737793
23.066526651382446
23.108937978744507
23.706194162368774
25.400264978408813
24.314982652664185
23.709188222885132
23.050371646881104
25.591089725494385
25.970956087112427
24.45958399772644
23.45370626449585
23.206842184066772
23.19285798072815
23.160682439804077
27.842487573623657
27.06030774116516
24.428361654281616
23.56817317008972
23.239710330963135
23.048290967941284
23.417497634887695
23.352678537368774
23.119163036346436
24.795949935913086
24.48153281211853
24.601239681243896
24.9405460357666
24.3539457321167
24.437214612960815
24.951006174087524
25.198113679885864
25.20370388031006
24.385539293289185
24.780354976654053
24.529656171798706
24.11339783668518
24.669089794158936
24.4910569190979
24.52447199821472
24.369569778442383
24.459172248840332
24.93652105331421
23.0550217628479
23.133529663085938
22.868945360183716
23.405686140060425
24.020981550216675
24.681718111038208
23.19464635848999
24.43691396713257
23.003795385360718
23.32448148727417
23.562754154205322
23.50261402130127
26.520137071609497
26.77848792076111
22.909078359603882
23.036599159240723
23.526368379592896
23.333847284317017
22.981526136398315
24.199929237365723
23.233681678771973
23.0984046459198
23.31971764564514
23.430266857147217
26.601791858673096
26.284127950668335
24.823736906051636
22.87838840484619
23.07867455482483
23.292722940444946
24.963629245758057
23.861518621444702
25.262767553329468
24.760481119155884
23.50317096710205
23.448715925216675
23.301494121551514
27.631174087524414
27.287769556045532
24.37299084663391
23.028423309326172
25.06393313407898
23.89422869682312
22.885630130767822
22.81404733657837
22.876861572265625
23.992862224578857
26.44241738319397
25.955709218978882
23.4489483833313
24.341296672821045
23.11610507965088
23.220303773880005
23.371291637420654
22.918333530426025
24.24142622947693
23.013283014297485
23.04607892036438
23.57237434387207
24.04884362220764
23.945451736450195
22.876379013061523
23.03858995437622
23.565561056137085
26.55478596687317
23.09608030319214
23.89647936820984
23.639435529708862
23.02598285675049
22.701408624649048
22.99340796470642
23.086382627487183
23.112329483032227
22.94182300567627
26.004602670669556
26.13681435585022
23.39402437210083
24.50522232055664
23.305007696151733
22.850377798080444
23.411993503570557
24.22916841506958
22.995623350143433
23.710753440856934
23.524331092834473
24.461498260498047
22.908892393112183
22.886986017227173
26.247320890426636
25.628416538238525
23.200228691101074
22.94248080253601
23.02584719657898
23.085508108139038
23.11920428276062
23.02178406715393
22.986080169677734
22.884735107421875
23.58682107925415
23.57610058784485
22.76854157447815
24.03120732307434
23.563150644302368
24.729309797286987
24.414570808410645
23.062163591384888
23.453661680221558
25.788248538970947
23.0139799118042
22.893619298934937
23.389678478240967
24.116330862045288
23.835970163345337
22.853683471679688
23.456342935562134
25.053452968597412
22.64934229850769
22.812374353408813
23.655776262283325
22.68959355354309
23.705960273742676
24.67333436012268
23.85028100013733
24.347782135009766
23.089129209518433
25.91361689567566
23.102395057678223
22.941210746765137
23.322551488876343
23.172533988952637
24.113405466079712
22.977684020996094
23.04697012901306
22.761784553527832
23.248592615127563
23.80686068534851
23.119445323944092
26.73507022857666
25.87507176399231
25.119016408920288
23.98572850227356
23.479382276535034
24.342158794403076
22.927569150924683
24.048338890075684
23.284822702407837
23.05649185180664
23.040862798690796
23.46262001991272
23.918526887893677
24.09107255935669
24.294492721557617
24.386486291885376
22.962296724319458
25.142271518707275
24.202807426452637
22.986412286758423
23.47385597229004
22.956788778305054
23.050909280776978
24.199009895324707
23.5676052570343
24.214532136917114
24.287652015686035
24.3091082572937
23.6321439743042
24.770203351974487
24.997685432434082
24.435086250305176
22.889371633529663
23.606433629989624
23.824753761291504
23.717423915863037
23.999931812286377
24.377958059310913
24.501020431518555
23.109354257583618
26.27245807647705
26.800690174102783
23.018258094787598
23.15348982810974
23.46494174003601
23.317196130752563
23.001202821731567
22.894758224487305
23.70525860786438
23.659690141677856
24.356409549713135
24.505563020706177
25.15808629989624
23.0218288898468
25.284587144851685
25.280450582504272
22.903503894805908
22.969996690750122
23.871020078659058
23.840007305145264
23.414785385131836
23.58649969100952
23.112959384918213
23.12083673477173
23.013638973236084
23.825831174850464
22.921462774276733
24.502187728881836
23.38549494743347
24.922062397003174
23.20935034751892
24.52832317352295
23.321797847747803
23.176178216934204
23.057101726531982
23.870582103729248
23.032825231552124
23.1847243309021
23.621424913406372
23.65159249305725
22.759514093399048
23.30328106880188
23.200471878051758
23.423689603805542
24.59859323501587
23.90796208381653
23.162976026535034
25.60131311416626
26.509591579437256
24.172409057617188
24.496744871139526
23.041707754135132
23.049771785736084
23.5888192653656
23.127198934555054
23.241209983825684
23.192317962646484
24.831226587295532
25.51189637184143
24.91411852836609
23.896731853485107
23.356812238693237
22.97164225578308
23.06333088874817
22.94196653366089
23.970565795898438
23.638143301010132
22.951945781707764
23.011963367462158
24.179872035980225
24.153383255004883
22.950729846954346
27.054865837097168
27.48857855796814
23.22396731376648
23.172034978866577
23.276318073272705
23.618412971496582
23.067657232284546
22.91978693008423
26.029871940612793
26.45820164680481
22.779293298721313
23.774778127670288
23.94087553024292
23.500325441360474
22.972410202026367
23.405846118927002
23.00994896888733
23.271409511566162
23.837336540222168
24.409226894378662
24.318301916122437
23.153999090194702
26.16684579849243
26.304330348968506
23.143368005752563
23.6780948638916
24.2653911113739
23.058711051940918
23.473417282104492
23.534974336624146
23.550880193710327
23.146193504333496
23.33676242828369
23.63607621192932
23.003432035446167
24.848632097244263
23.36577081680298
24.271566152572632
23.866053342819214
24.129090547561646
24.130863189697266
24.168731689453125
24.322410106658936
24.206742525100708
24.146799564361572
24.654128551483154
24.39534068107605
24.165836811065674
24.2981436252594
24.32496213912964
24.642150163650513
24.38724970817566
23.19162106513977
24.00748085975647
22.87199378013611
23.723049640655518
23.106918334960938
24.566402435302734
24.674829959869385
23.52077627182007
23.041598081588745
27.316320657730103
27.301714420318604
23.231456995010376
23.7615008354187
23.303048133850098
23.11328363418579
23.766972064971924
23.03427004814148
23.35801124572754
25.987398862838745
25.28529143333435
24.849400758743286
22.966331243515015
23.722206592559814
24.442567348480225
23.29271388053894
22.933560132980347
24.51990294456482
23.04194736480713
23.504626274108887
23.159867763519287
23.63742971420288
24.273334741592407
22.84276008605957
23.17227578163147
23.009537935256958
24.377331972122192
24.222673416137695
23.451868295669556
26.504387378692627
25.86247754096985
23.213950157165527
23.31889033317566
23.16585087776184
25.034858465194702
26.34271812438965
23.0845685005188
23.149683713912964
25.271459102630615
23.717479467391968
23.74926471710205
22.975325345993042
22.943923950195312
22.935117483139038
23.580116271972656
24.59556269645691
24.861233234405518
22.829577445983887
25.187678813934326
22.876779794692993
23.056694507598877
22.798781871795654
22.837130308151245
23.394266366958618
23.036539554595947
22.757113456726074
23.700222969055176
23.877748489379883
23.770787239074707
24.35559105873108
23.115808248519897
26.522311449050903
26.481188535690308
23.32600212097168
23.556138038635254
23.2596492767334
23.14118003845215
23.353919982910156
26.080297231674194
26.42785096168518
23.324699878692627
23.18168306350708
23.183486461639404
23.946706295013428
23.011128664016724
23.095740795135498
23.40919518470764
22.972597360610962
26.317622184753418
23.237876892089844
23.234753131866455
23.343981742858887
23.014044523239136
23.91479730606079
24.069978713989258
23.16965937614441
23.214212656021118
22.83509635925293
22.86846685409546
22.936475038528442
23.130590200424194
23.409849166870117
23.329116344451904
23.132786750793457
22.789725303649902
23.328911066055298
23.6500563621521
23.007774829864502
23.790969610214233
23.09416437149048
23.07961630821228
23.22420072555542
24.92098903656006
23.088836908340454
22.738672018051147
24.32382035255432
23.673548936843872
24.395183801651
24.90027403831482
23.45188045501709
23.103389501571655
24.690274000167847
22.975565671920776
23.387534618377686
23.167508840560913
23.191763639450073
23.49829912185669
23.86467480659485
24.06075406074524
23.663875818252563
24.95541024208069
24.868842840194702
23.46180033683777
23.262306928634644
23.350104093551636
23.00818681716919
23.09115433692932
22.89695119857788
23.44428324699402
23.127970457077026
22.80718183517456
24.024173736572266
24.735772132873535
24.23397397994995
22.796971321105957
23.910778284072876
22.877070426940918
23.21204972267151
23.388058185577393
22.815348625183105
24.355955362319946
23.240763902664185
22.967210054397583
22.871966123580933
23.01474928855896
22.818111658096313
23.15290594100952
23.68278479576111
23.804351568222046
23.840609073638916
24.402685165405273
24.403953075408936
23.12836194038391
24.995272874832153
25.942843675613403
24.412150859832764
23.406023740768433
23.57572340965271
23.023253202438354
23.282941102981567
22.96226191520691
24.0962073802948
23.83454465866089
23.560102701187134
24.048134803771973
25.571030378341675
26.80494999885559
24.894421100616455
22.963534832000732
22.92782473564148
22.676315307617188
22.944556951522827
23.20052695274353
22.862675666809082
23.571752548217773
24.13383913040161
24.48090410232544
23.73701524734497
24.468297481536865
22.95160412788391
24.803077936172485
23.015090465545654
22.83836579322815
23.617774963378906
23.00426936149597
22.75825786590576
23.25620412826538
23.41346836090088
24.227180242538452
24.57057809829712
24.376614332199097
22.88426899909973
23.091032028198242
23.181254148483276
23.63244938850403
23.103209495544434
23.230785846710205
22.997562170028687
24.424556255340576
22.78260588645935
24.272281408309937
23.77021622657776
24.22387981414795
23.89137291908264
23.0875186920166
23.65641188621521
23.351523637771606
23.684537887573242
23.384661197662354
22.856213331222534
22.771889686584473
22.685245513916016
24.272578716278076
22.879237174987793
23.75387978553772
23.9453067779541
24.22219491004944
24.197275400161743
23.19413423538208
26.78467321395874
26.82595133781433
22.87521982192993
22.82399082183838
22.887975215911865
22.857348203659058
22.843793630599976
23.21293616294861
23.83705449104309
23.91860294342041
23.075150728225708
23.25577974319458
23.78550362586975
24.125232696533203
24.815484523773193
24.7649507522583
22.972447872161865
24.71447515487671
25.259889841079712
22.784589290618896
23.827988862991333
23.075358390808105
23.096280336380005
25.86763572692871
25.05968475341797
23.007932424545288
22.951375007629395
24.175896167755127
23.31025266647339
24.34175705909729
23.086475610733032
23.437875032424927
23.164629459381104
23.619123220443726
24.62012505531311
23.91439986228943
23.789368391036987
26.155539989471436
25.48785376548767
23.010300636291504
24.297569274902344
23.121079206466675
23.377774953842163
23.024975061416626
23.66789937019348
23.82608938217163
24.24491596221924
22.79164171218872
23.02845311164856
22.90829110145569
23.754488945007324
24.238714694976807
27.190601110458374
26.461251974105835
23.45356321334839
23.013156175613403
23.060096263885498
22.715489387512207
22.824690580368042
23.69877052307129
24.289580821990967
24.55458974838257
23.481789112091064
24.280616998672485
26.950335264205933
27.104525089263916
23.279101610183716
26.1084303855896
25.076336145401
24.26147961616516
23.144399166107178
22.894025325775146
22.75505042076111
23.53982162475586
22.89875841140747
23.22323513031006
23.60405731201172
23.028923273086548
23.649458646774292
23.57512593269348
24.440688848495483
24.364756107330322
24.60885262489319
24.478845596313477
23.481658697128296
23.423505067825317
22.706387281417847
23.067286252975464
22.935365915298462
23.782795667648315
23.521343231201172
24.129332780838013
24.712132930755615
24.31350803375244
27.4669508934021
27.352691650390625
24.46108841896057
24.338748931884766
24.056450843811035
23.088200330734253
22.838879585266113
23.886972188949585
24.36202049255371
23.581717252731323
24.625479221343994
24.459332942962646
24.364326238632202
24.435333967208862
23.088900804519653
23.099690914154053
23.234046936035156
22.710684299468994
27.14830756187439
26.604952096939087
24.285523414611816
23.297351837158203
23.277539491653442
23.833702564239502
24.562732696533203
24.58873224258423
23.83231258392334
24.32988166809082
26.948348999023438
23.088093757629395
23.804360151290894
23.197895288467407
23.66642427444458
23.891052722930908
24.508037567138672
24.402217149734497
24.346718072891235
25.935558080673218
23.395726680755615
23.812621593475342
22.83963704109192
23.09072256088257
23.61275315284729
23.9888014793396
24.12647819519043
24.44548988342285
23.161101579666138
26.42029047012329
26.29407286643982
22.96836805343628
23.33616280555725
22.94927430152893
22.97101855278015
23.411118745803833
23.7383234500885
23.20855474472046
23.858357667922974
24.056769132614136
24.431224584579468
24.393927335739136
24.814031839370728
22.82253885269165
23.689592838287354
24.33475351333618
22.976710081100464
23.75564217567444
24.508140087127686
24.44050669670105
23.85783100128174
23.02398991584778
25.909770727157593
25.914145946502686
22.912371397018433
23.663996696472168
25.120034217834473
24.605584621429443
25.491026163101196
23.17156410217285
25.571725130081177
26.49061870574951
26.931393146514893
26.068938970565796
23.23672580718994
24.0455105304718
25.085461139678955
25.965848207473755
24.40320920944214
24.460022687911987
24.286224365234375
23.547825813293457
24.086015224456787
24.538655281066895
24.519291162490845
23.77803921699524
26.7050142288208
25.20203447341919
24.10246729850769
26.106372356414795
25.781882524490356
23.963077545166016
25.332929134368896
25.48062801361084
24.559509992599487
