32.8231680393219
33.349955558776855
32.70776343345642
20.75255799293518
33.508095026016235
32.68699359893799
31.83418583869934
33.215418100357056
30.20342254638672
32.21548533439636
31.323832273483276
30.70132279396057
31.35774564743042
34.303805112838745
20.049294233322144
23.58833384513855
25.65599751472473
28.179814100265503
32.12560319900513
29.82774519920349
27.146896600723267
34.783058166503906
28.719363927841187
35.34929323196411
34.06940197944641
30.28651714324951
35.4210844039917
31.185460805892944
30.4813072681427
32.08570909500122
28.926955699920654
32.18688440322876
30.137889623641968
31.39433193206787
32.07128691673279
32.65746092796326
30.856085300445557
30.928120374679565
26.958523988723755
30.439269065856934
28.835399627685547
30.646871328353882
31.322036027908325
32.7128050327301
34.52718663215637
35.09340715408325
31.286991834640503
30.97947907447815
30.41027808189392
30.240045070648193
32.1611111164093
32.97390961647034
31.208202600479126
32.64939618110657
32.68171763420105
31.865437746047974
31.778547525405884
32.36757278442383
31.484632968902588
30.68732190132141
28.57754111289978
31.924190759658813
31.435275077819824
32.00093126296997
27.73592185974121
23.97043228149414
33.650490522384644
31.524995803833008
27.868767738342285
29.403111219406128
28.92935609817505
29.361683130264282
25.522582054138184
28.201289892196655
31.915294885635376
32.375011682510376
33.18413305282593
30.030215978622437
31.087849378585815
31.819310188293457
31.56128716468811
31.0479679107666
31.11786198616028
28.255192756652832
29.676711797714233
31.512373208999634
32.05795407295227
31.25916337966919
29.40598225593567
32.55495476722717
31.51989769935608
31.08614182472229
29.91391682624817
32.08331227302551
30.796013593673706
32.30929636955261
30.983996391296387
32.07546615600586
31.691144466400146
31.764665603637695
30.522489547729492
31.0623517036438
31.353767156600952
33.30151581764221
32.341089963912964
32.51892352104187
30.967498779296875
31.290871143341064
31.23145580291748
31.661402225494385
32.37730813026428
32.16958475112915
32.23772430419922
31.91939902305603
33.153440713882446
31.10100793838501
32.18084096908569
34.848291635513306
34.336437940597534
32.211727142333984
33.198073625564575
31.020256996154785
32.243038177490234
34.7497444152832
30.44287919998169
31.243195056915283
31.489681243896484
34.98652768135071
33.25741481781006
32.81740403175354
31.92878556251526
26.210098266601562
25.580320358276367
32.82369375228882
31.345984935760498
30.62825345993042
31.44900870323181
31.462322235107422
31.226799964904785
31.95832085609436
32.5493528842926
35.176779985427856
33.11765718460083
31.430384397506714
33.61356258392334
30.03292417526245
37.13475441932678
36.53705835342407
33.42663812637329
30.60260319709778
31.478084087371826
31.893193244934082
33.70060729980469
32.64925408363342
34.280484199523926
34.00063920021057
32.18019485473633
30.248387336730957
31.64162302017212
33.840306758880615
37.57656669616699
38.446961402893066
30.945194959640503
31.582635641098022
31.501973152160645
36.4235725402832
37.211957693099976
30.74085235595703
33.57226514816284
32.255632638931274
30.86271071434021
32.07751965522766
31.2735857963562
32.27544808387756
31.87568187713623
28.17672109603882
29.897169589996338
31.195990800857544
30.364890098571777
31.73827624320984
31.408697605133057
31.691145420074463
31.62881588935852
31.15553092956543
30.91231679916382
29.43538475036621
29.02260684967041
31.56833529472351
31.504451751708984
31.324915647506714
31.115764379501343
30.973715782165527
31.189348459243774
31.30336356163025
32.169426918029785
32.02917194366455
30.994245529174805
32.424397468566895
32.435874223709106
32.38598895072937
36.3790717124939
36.7054648399353
31.675724744796753
31.878798007965088
31.28295373916626
33.288126707077026
31.069795846939087
32.318238735198975
31.063727378845215
30.286765098571777
35.44635272026062
35.3562445640564
31.699589490890503
31.43525218963623
32.51702356338501
30.837199926376343
31.15174126625061
32.32267618179321
31.498926877975464
31.38969922065735
30.905951261520386
36.32285213470459
34.93148994445801
31.387906074523926
31.018917322158813
31.098665952682495
30.984972715377808
31.448585748672485
31.825704336166382
32.151562452316284
30.9520206451416
30.54334807395935
32.273343086242676
32.1809663772583
32.11506724357605
31.570624828338623
31.468157291412354
32.914366722106934
32.30682969093323
30.97540807723999
32.59519577026367
31.878995418548584
31.98014259338379
31.783904790878296
31.49872875213623
31.59060001373291
31.303903818130493
31.618948936462402
31.811602354049683
30.838940620422363
30.823556423187256
31.759836196899414
31.464606046676636
30.57357931137085
33.633670806884766
33.138859033584595
31.14445161819458
30.788666486740112
31.46339440345764
31.33323359489441
33.36866211891174
31.13010334968567
31.466052770614624
31.176319122314453
32.04506540298462
31.831454753875732
30.68239426612854
31.470901489257812
31.66447901725769
30.857218503952026
31.370787143707275
32.619776248931885
32.05561280250549
30.563389539718628
31.280797481536865
31.516639947891235
30.84329891204834
30.655993938446045
31.66029715538025
31.385368824005127
32.95571827888489
31.452597618103027
31.685789585113525
31.054797887802124
31.850261449813843
31.095489025115967
32.09517312049866
31.675227403640747
32.6684992313385
32.08869528770447
31.43537139892578
31.746277809143066
30.96812081336975
31.697312355041504
30.93793272972107
31.366167306900024
30.876458883285522
32.35029077529907
30.41778063774109
31.776989459991455
30.987591981887817
31.166157245635986
31.22374391555786
32.010308027267456
33.50010299682617
33.816351890563965
31.180203676223755
30.726171731948853
31.396356344223022
32.76196551322937
32.811816453933716
31.0803279876709
30.307726621627808
31.439316034317017
31.316888570785522
31.668334245681763
31.35802125930786
32.07566523551941
33.74557161331177
31.013279676437378
31.426932096481323
31.93105697631836
30.819013595581055
31.478148460388184
32.243202447891235
31.067098379135132
31.927510023117065
31.606513500213623
30.97914743423462
30.60176682472229
31.06242799758911
31.255055904388428
31.363749027252197
31.295085430145264
31.815135955810547
30.60346221923828
30.807142972946167
31.09183406829834
31.669853925704956
31.36704921722412
33.44959497451782
32.14876198768616
33.51354455947876
31.675636768341064
30.866064310073853
31.13219404220581
31.189636945724487
31.597182989120483
31.482303857803345
31.272326946258545
31.183745861053467
30.988094806671143
30.694045066833496
31.273333072662354
32.42288255691528
31.717154264450073
31.820491552352905
32.50645399093628
32.753100872039795
31.21622061729431
32.2622926235199
31.283026456832886
30.92646026611328
36.79412078857422
34.84520435333252
30.97942328453064
30.739169597625732
30.707678079605103
30.87799644470215
31.676807403564453
32.64253211021423
33.00482702255249
30.787744283676147
31.711549997329712
31.31331729888916
30.598609685897827
30.79337477684021
30.753177165985107
30.85385298728943
34.1083300113678
34.4053955078125
31.580839157104492
30.977343559265137
31.44857954978943
30.96203303337097
31.43288516998291
30.59856367111206
32.807244539260864
30.816378593444824
31.43880605697632
31.75672435760498
31.352643489837646
31.62385892868042
31.701634168624878
30.699538469314575
34.460057973861694
34.223283767700195
30.7104594707489
30.551079988479614
30.894046783447266
31.57709312438965
30.95986247062683
30.977984189987183
30.462104320526123
30.54576873779297
31.6838960647583
32.406787633895874
31.190951585769653
32.063924074172974
31.83185839653015
32.229012966156006
31.849696397781372
30.85034990310669
30.96050477027893
31.6104679107666
30.76087212562561
31.069811582565308
30.68352746963501
31.433502435684204
31.155794382095337
30.83562970161438
31.94225001335144
32.445114612579346
31.261115312576294
31.440673828125
31.16989231109619
31.43886375427246
32.29504466056824
33.84335470199585
33.945449113845825
31.049964904785156
31.65394115447998
30.85443115234375
30.9092218875885
31.250192403793335
30.71970772743225
32.216554403305054
32.36657094955444
31.74148178100586
30.830036401748657
31.535495281219482
31.778376817703247
31.215774059295654
31.90390944480896
31.476948976516724
30.939126014709473
31.058996200561523
31.174227952957153
31.09165906906128
31.158120155334473
32.77341103553772
31.46368408203125
31.119157791137695
31.22638988494873
33.53418445587158
33.72450304031372
31.989481449127197
31.784480333328247
31.154494047164917
31.29882788658142
30.531224966049194
30.728839635849
31.573774576187134
31.994786024093628
30.611997604370117
31.480729818344116
32.38604116439819
31.23383617401123
31.452486753463745
31.808998107910156
30.896970748901367
32.1215124130249
32.43202328681946
30.516332626342773
31.245855808258057
31.610235452651978
30.904236793518066
30.98480248451233
31.027027130126953
30.978306531906128
31.786813497543335
30.932822704315186
31.16000533103943
30.977173328399658
31.471044540405273
31.45964503288269
34.29256725311279
31.29048991203308
33.10207986831665
32.671448707580566
31.19767475128174
30.741228580474854
32.42831873893738
30.98172163963318
31.028677225112915
31.52066421508789
32.481175899505615
32.72608733177185
32.09019613265991
32.47057795524597
30.927329540252686
30.80367660522461
31.274161338806152
30.96738624572754
31.71993112564087
33.519814252853394
30.956055879592896
30.87645721435547
32.32874774932861
30.638875007629395
32.25717806816101
31.98576521873474
32.428144454956055
32.17884540557861
31.075122117996216
32.358928203582764
31.322724103927612
31.058249711990356
32.27270197868347
31.06442141532898
30.505456686019897
31.40195870399475
31.223640203475952
31.07577085494995
30.37622594833374
31.891418933868408
31.891087532043457
32.04284644126892
30.984370946884155
32.42973828315735
30.80930256843567
30.798478603363037
31.11298680305481
32.36312294006348
30.912378787994385
32.64682865142822
31.43485379219055
31.798202991485596
32.61853098869324
32.79800057411194
31.183404207229614
30.27652335166931
31.61611580848694
30.5835120677948
31.020387172698975
31.117260217666626
30.9995539188385
31.303125619888306
32.00749588012695
31.029714584350586
32.445576190948486
30.973181009292603
31.303267240524292
31.853466987609863
31.483627319335938
30.740780115127563
32.644874811172485
33.19749307632446
30.69552254676819
31.825902462005615
31.231610774993896
31.083231925964355
31.00400161743164
31.088061094284058
31.619932651519775
33.859172344207764
33.95793390274048
30.756035089492798
31.396930932998657
31.257542848587036
33.995607137680054
33.98672413825989
31.303224563598633
30.96137022972107
31.46046257019043
30.938573837280273
32.17589783668518
30.94952416419983
30.984034061431885
31.42755651473999
32.31662106513977
31.079976558685303
31.509786367416382
31.197314500808716
31.602471828460693
31.383527278900146
30.680908679962158
32.12797713279724
33.22329354286194
30.875378370285034
30.347901821136475
30.951815366744995
33.064878940582275
33.5992476940155
31.42422366142273
30.880343437194824
30.85005235671997
30.938424587249756
31.87579035758972
31.954626083374023
31.257972955703735
31.949299573898315
30.81756019592285
31.01154136657715
30.954839944839478
31.2802836894989
31.90447735786438
32.54591941833496
30.944620370864868
31.08486843109131
32.43893790245056
31.88054323196411
31.453396320343018
31.4937162399292
32.18889760971069
30.249454736709595
31.469918966293335
33.014891386032104
31.11901021003723
31.63210892677307
31.31932497024536
30.396915197372437
31.2692289352417
32.09001660346985
31.666015148162842
30.949257135391235
30.942401885986328
31.053189992904663
31.417237520217896
31.297433376312256
30.720067024230957
30.965412616729736
30.786277294158936
31.33932328224182
31.064619541168213
30.526304483413696
32.33528017997742
31.806827068328857
31.253665447235107
31.975172996520996
32.351444721221924
34.294111251831055
34.65908718109131
31.431859731674194
31.13982057571411
30.68066716194153
30.401658058166504
30.551985025405884
31.601420402526855
31.880300998687744
31.201476335525513
31.644005298614502
31.491313695907593
31.111701011657715
31.03812313079834
33.87738800048828
34.37074160575867
30.71464776992798
31.070096969604492
31.144566774368286
30.714866638183594
30.853255033493042
31.080124139785767
30.791810989379883
31.81432843208313
30.423486948013306
33.280420780181885
31.515727043151855
31.594556093215942
31.734033346176147
30.334938287734985
35.441946029663086
34.79283118247986
30.781484842300415
31.129202365875244
30.92656183242798
31.444822072982788
30.316986799240112
31.36968231201172
31.279649019241333
30.721923828125
30.824479818344116
30.867797374725342
31.445048809051514
32.57524085044861
32.67847013473511
32.07704997062683
30.76622247695923
32.93692064285278
33.112966537475586
30.6114444732666
31.080322980880737
32.24167776107788
30.758291482925415
31.668094873428345
30.808058738708496
31.713484048843384
32.69269132614136
31.46982979774475
31.030619859695435
32.5179705619812
31.622051239013672
31.372600555419922
31.179001569747925
32.034531354904175
33.41135048866272
34.657163858413696
30.796541929244995
31.70767569541931
30.76102375984192
31.74354338645935
30.89212679862976
31.668972492218018
32.47345042228699
31.009610891342163
31.85875105857849
31.56644916534424
33.29873514175415
30.61009979248047
31.64151358604431
31.744393348693848
31.848687648773193
30.859355688095093
31.141216278076172
31.400031566619873
31.08287525177002
30.981318712234497
32.971747159957886
31.1980459690094
30.87788701057434
33.01661157608032
31.55190086364746
32.22847270965576
32.581098318099976
31.107295989990234
30.77450203895569
30.97284197807312
30.84939408302307
31.437326669692993
31.65165424346924
32.48082184791565
31.358241319656372
30.888885021209717
31.19871473312378
31.27247142791748
31.195809364318848
31.729195833206177
31.363154888153076
31.27693223953247
34.912529706954956
34.09151363372803
31.247709035873413
31.138364553451538
31.021055698394775
32.35082006454468
30.904112339019775
32.65288734436035
31.39694905281067
31.108582973480225
31.15568256378174
30.680418014526367
30.863349676132202
31.337464809417725
32.48220181465149
31.189947605133057
33.012075901031494
31.592819929122925
31.158037185668945
30.52010202407837
30.50247097015381
31.673264265060425
31.58497428894043
32.525476694107056
31.69735312461853
31.64829421043396
30.96037530899048
31.601133584976196
33.85633087158203
33.5334894657135
31.140326023101807
30.866123914718628
31.376559019088745
31.379584312438965
31.000317573547363
31.46723747253418
31.999929904937744
31.200286388397217
31.846895217895508
31.083825826644897
33.41850018501282
31.836894512176514
32.897398948669434
35.28176736831665
31.690370559692383
31.287965774536133
30.830931663513184
31.442979335784912
30.85602903366089
30.653432369232178
31.069268465042114
33.53023433685303
31.294528484344482
31.152567386627197
30.68667459487915
31.63870334625244
30.83653450012207
30.88913083076477
31.492768049240112
30.747607231140137
34.55309081077576
34.9723174571991
30.881782054901123
31.482450008392334
30.952590227127075
31.641337394714355
30.946166038513184
31.173959732055664
30.571592807769775
31.69857382774353
30.8252694606781
31.37096881866455
32.65649890899658
31.682640075683594
31.679203748703003
30.576823234558105
30.962936878204346
31.831852912902832
32.57444190979004
30.700087785720825
31.138916492462158
30.72215986251831
31.037641048431396
34.626811504364014
34.61202836036682
31.075841903686523
32.30669713020325
31.098909616470337
30.987250328063965
32.0107958316803
30.895753145217896
31.206453561782837
30.693119287490845
35.290910959243774
34.22079944610596
31.74148201942444
31.808340311050415
31.542852640151978
31.437499523162842
31.448265314102173
32.98851466178894
31.35609483718872
30.808874130249023
31.508013010025024
31.93501329421997
31.16012692451477
30.649908542633057
31.060309171676636
31.25904679298401
32.48494815826416
32.25972056388855
30.883168697357178
30.83417248725891
32.050325870513916
30.845589637756348
31.88425064086914
30.76752805709839
31.043488025665283
31.953950881958008
31.183784008026123
30.944329023361206
31.583295583724976
31.510822296142578
30.744669675827026
31.210631132125854
33.17703318595886
31.06497550010681
31.04056143760681
31.251588582992554
31.638927221298218
31.58645534515381
32.29972290992737
31.640151500701904
31.56910014152527
31.22431516647339
31.731176614761353
32.69334053993225
31.142903566360474
30.997783660888672
31.214294910430908
32.31273293495178
33.12232446670532
33.15251421928406
31.422865390777588
31.980729818344116
30.60892128944397
31.74487018585205
31.57390308380127
31.56175971031189
30.346481323242188
31.38702416419983
33.366950035095215
30.77395725250244
32.07600235939026
30.82577919960022
30.99939799308777
31.612816095352173
34.53572487831116
35.721444606781006
30.53225302696228
31.099546432495117
31.168848752975464
31.667799472808838
31.15664577484131
30.997204780578613
30.661708116531372
31.69977617263794
32.429527759552
31.87596344947815
31.53162384033203
31.482942581176758
32.56689691543579
31.206693410873413
31.28246760368347
30.6170654296875
34.029995918273926
33.40777111053467
30.71104621887207
30.972789764404297
31.00613808631897
31.032624006271362
30.76354956626892
30.818340301513672
33.00429010391235
31.37296199798584
32.28404116630554
31.229193925857544
31.36104726791382
31.42496657371521
30.959372758865356
31.518261432647705
30.93803358078003
31.577423572540283
32.946765184402466
31.945178747177124
31.105430603027344
30.8892080783844
30.75802516937256
30.900399446487427
31.361724853515625
31.335238695144653
32.7902455329895
31.4004065990448
32.404983043670654
32.01428818702698
31.004011154174805
30.862102270126343
31.02561855316162
30.7835750579834
31.59742259979248
30.81144666671753
31.834426164627075
30.469998359680176
31.112394094467163
31.60064125061035
31.766359090805054
32.035950899124146
31.351521492004395
31.052406787872314
31.418177843093872
30.996293783187866
30.69359302520752
30.33681631088257
30.94556975364685
30.684590816497803
31.678545236587524
31.46234130859375
31.422114372253418
34.067015647888184
34.38208365440369
32.00112962722778
30.7703537940979
31.402397632598877
32.6213059425354
31.186655521392822
31.791460752487183
30.943259477615356
34.937241077423096
35.315645694732666
30.99670696258545
32.23016929626465
31.224810123443604
30.95751714706421
31.28522038459778
30.50034809112549
30.96122980117798
30.99934434890747
31.499111652374268
32.36205315589905
31.58550214767456
30.956719398498535
31.805394172668457
31.012024641036987
31.746298789978027
31.91757845878601
32.23626732826233
31.06589651107788
30.627912521362305
31.544330596923828
31.102809190750122
30.432703971862793
31.16446876525879
31.137337923049927
31.12702178955078
31.04700994491577
31.347809314727783
31.21690559387207
31.45011019706726
32.436763048172
31.836189031600952
30.81566047668457
32.92378878593445
33.619582176208496
31.32947087287903
30.9707133769989
30.7511944770813
33.91715979576111
33.69012141227722
30.344445943832397
30.945619344711304
30.839109420776367
30.56621551513672
30.40377378463745
30.86295986175537
31.60884118080139
31.40955376625061
31.504470586776733
32.72087574005127
31.210782766342163
31.02246618270874
30.9613835811615
32.2270770072937
33.18240714073181
31.939003467559814
30.894362449645996
30.842669248580933
30.567632913589478
31.16728973388672
31.12404727935791
31.779372215270996
31.463150024414062
31.357710361480713
31.67909836769104
31.746017932891846
31.28285789489746
30.787997007369995
30.61771011352539
30.937275171279907
32.17990255355835
30.85203719139099
30.511062145233154
33.690404176712036
34.29881501197815
30.920372009277344
32.11119723320007
31.134032487869263
30.85367774963379
31.35404634475708
31.417536735534668
31.64280104637146
34.24516797065735
33.937411308288574
30.697914600372314
31.541832208633423
31.315017223358154
31.224096059799194
30.797968864440918
30.646480321884155
31.248636960983276
31.468804359436035
30.668784379959106
31.692431926727295
31.507020473480225
32.97464203834534
31.065797567367554
31.645890474319458
31.00029420852661
31.169546604156494
31.23260235786438
31.860424757003784
32.071757555007935
31.494341373443604
30.62165880203247
30.85765290260315
30.939390897750854
31.788742780685425
32.80437183380127
31.50101065635681
30.40473508834839
31.052734375
32.00484347343445
31.639739513397217
31.707627058029175
31.587313413619995
31.528040885925293
30.631937980651855
30.810659885406494
30.879446029663086
30.778845071792603
30.5486102104187
31.025949001312256
31.634929895401
31.23266625404358
31.658899307250977
32.34648823738098
31.538994789123535
31.0427086353302
31.134039163589478
31.258384227752686
31.529152631759644
30.487755298614502
30.841857433319092
31.46357774734497
31.506027698516846
32.061821937561035
31.09823727607727
31.29253101348877
31.268568992614746
31.346354484558105
30.68341851234436
31.056025505065918
32.896944761276245
32.59922671318054
30.554829120635986
31.935269594192505
30.969568014144897
31.589639902114868
30.581956148147583
31.062278509140015
31.472639560699463
31.379544019699097
31.482473134994507
31.74785041809082
33.38388705253601
30.90147829055786
32.18806600570679
31.890894412994385
31.347570180892944
32.43645763397217
33.619038343429565
31.174813985824585
31.014399766921997
30.84903621673584
31.01832866668701
31.02103304862976
31.209884643554688
30.686817407608032
30.895319938659668
31.44377303123474
31.395772695541382
31.242789030075073
31.34241557121277
30.719731092453003
31.46027684211731
31.621540069580078
31.473085641860962
30.779349327087402
30.75586438179016
31.241408109664917
30.887555360794067
31.08065438270569
32.05890083312988
31.528931379318237
31.129008293151855
31.833726406097412
33.67896747589111
32.28579139709473
31.127208948135376
31.585909366607666
31.884798049926758
30.807104349136353
33.827250480651855
34.532959938049316
30.86140465736389
30.595985174179077
31.25396203994751
30.96764373779297
30.90570068359375
32.08562350273132
30.99970054626465
30.66722011566162
31.62147617340088
31.37276530265808
31.112626314163208
32.46514368057251
32.384791135787964
31.318641185760498
32.25476908683777
32.181872844696045
30.39438009262085
32.37181758880615
31.26593279838562
32.072959423065186
31.112404823303223
31.542470932006836
30.51955008506775
31.927404403686523
31.091527938842773
31.98128652572632
31.617762804031372
31.322386980056763
32.96723294258118
34.67863988876343
33.79414439201355
30.689260005950928
30.913140773773193
31.5798921585083
31.86751079559326
30.82564616203308
30.700437307357788
31.670008420944214
31.286243677139282
31.518921852111816
31.730089902877808
33.982672691345215
32.34646487236023
31.48867106437683
30.12932562828064
35.364933013916016
35.341845750808716
30.68842124938965
31.38067126274109
30.67343759536743
31.18924856185913
31.862131357192993
31.69660997390747
31.363841772079468
30.688791751861572
30.714060068130493
31.463249444961548
32.502787828445435
31.358389377593994
31.426227569580078
32.495089054107666
32.71086764335632
31.284716844558716
31.012764930725098
30.95810842514038
31.00949192047119
30.81039524078369
32.011473417282104
32.61739468574524
32.54874801635742
30.93123173713684
31.0421040058136
31.17775845527649
31.60748553276062
32.5381224155426
31.76319670677185
30.940304040908813
31.224323511123657
31.529957056045532
35.563475370407104
35.13989758491516
31.37593412399292
30.97039771080017
31.469953775405884
32.80655908584595
32.905348777770996
31.295599937438965
30.960043907165527
30.867570161819458
31.265198469161987
30.47842049598694
31.461307048797607
31.788106441497803
31.107937335968018
32.371633529663086
31.765863180160522
33.318265199661255
31.723060369491577
30.93791961669922
31.840510606765747
31.54671549797058
30.79632067680359
30.851658821105957
30.344837188720703
31.6422221660614
30.85471272468567
30.82540202140808
33.36441230773926
31.26850962638855
31.93017268180847
32.97319197654724
33.01712775230408
34.76639914512634
31.5405752658844
32.89757800102234
32.6771240234375
30.592691659927368
32.08261060714722
30.779609441757202
30.829059839248657
31.92231774330139
31.429192304611206
33.00851082801819
31.088069915771484
31.168604612350464
31.009592294692993
31.132539749145508
32.26121711730957
32.52678370475769
31.264964818954468
31.467851877212524
31.47239661216736
30.899425745010376
32.6877281665802
32.86306190490723
31.075516939163208
30.928027629852295
30.616915702819824
30.89467430114746
30.72698736190796
34.05502438545227
33.536579608917236
30.748703002929688
31.008193731307983
30.900919437408447
32.330206632614136
30.351356983184814
31.014943599700928
31.478516578674316
31.22787642478943
30.283689975738525
30.92919087409973
32.43095541000366
32.14297676086426
31.72118330001831
31.453340530395508
31.243290901184082
30.827072620391846
33.16243648529053
32.51237916946411
30.62505865097046
30.981426239013672
31.253517627716064
30.67160701751709
31.587496757507324
31.721665143966675
32.11702275276184
34.57202959060669
31.35503339767456
31.190446853637695
30.64080548286438
31.143580436706543
30.877076864242554
34.06763291358948
33.923441886901855
30.90536093711853
31.73153018951416
31.060025215148926
31.797356128692627
31.2129864692688
31.063987731933594
34.3983998298645
34.201125621795654
31.141486644744873
30.914114952087402
30.83448100090027
30.75008487701416
30.319658756256104
30.780467987060547
30.64529824256897
30.913604021072388
31.273111581802368
31.240707635879517
32.71412491798401
31.67495894432068
32.861114740371704
31.636585235595703
30.89211678504944
35.767645835876465
34.96824312210083
31.076709985733032
30.789100646972656
31.18800401687622
31.87241792678833
30.84494161605835
31.24337077140808
32.00449299812317
32.76291799545288
31.466837406158447
30.677284479141235
31.699999570846558
30.86352038383484
30.795947790145874
32.0072226524353
32.34490156173706
30.67929744720459
31.010661840438843
31.015877723693848
31.30353856086731
30.801320791244507
31.61417865753174
31.18097424507141
31.745218753814697
30.92300581932068
30.856178760528564
30.503167390823364
32.42167019844055
32.05768013000488
31.933510541915894
32.275333642959595
31.49883484840393
31.643401384353638
30.612182140350342
30.87737536430359
31.207916975021362
31.682014226913452
31.871227979660034
30.902128219604492
32.14607214927673
30.77203106880188
31.593761682510376
31.3457088470459
31.998749256134033
33.58957362174988
31.195886611938477
34.452277183532715
34.985302209854126
31.85085415840149
31.022199153900146
31.865299701690674
31.166240215301514
31.94035816192627
32.42508292198181
30.864519119262695
33.037973165512085
30.772258758544922
31.406046390533447
33.38472366333008
32.56082081794739
30.78546977043152
30.743475198745728
30.68308997154236
31.165788173675537
31.422508001327515
30.73364496231079
31.542723417282104
31.775925874710083
31.057276248931885
31.78105902671814
32.6946382522583
32.4025936126709
32.646689891815186
31.544827222824097
30.77144694328308
35.328664779663086
33.10527205467224
30.66227436065674
30.92689275741577
30.88496422767639
31.12558913230896
31.682275533676147
31.34464192390442
31.142109155654907
31.051543951034546
31.13616967201233
32.7212495803833
32.21710801124573
30.8702552318573
30.900075912475586
31.242547035217285
31.566105842590332
30.738214015960693
30.93793559074402
31.600788354873657
31.25090742111206
31.299298524856567
32.77578902244568
31.73821783065796
31.859839916229248
31.462751865386963
31.574657917022705
31.608884572982788
31.771477222442627
32.73668146133423
31.504082202911377
31.933218479156494
31.788421392440796
31.214491605758667
31.601638078689575
31.828078269958496
30.97570514678955
31.13564372062683
30.916619300842285
31.112454652786255
31.215914964675903
31.40337300300598
31.07245898246765
30.93336057662964
30.97299551963806
32.38865351676941
32.452786922454834
32.44146990776062
31.449707984924316
33.498024463653564
31.405259609222412
31.299891233444214
32.651326417922974
32.08582854270935
30.29140043258667
31.759469747543335
30.77206325531006
31.255775928497314
30.58273148536682
30.869213581085205
31.608919620513916
31.259516716003418
32.16781163215637
33.16970658302307
32.095821142196655
31.128520011901855
31.479918241500854
31.16037106513977
32.66124606132507
33.71184301376343
31.100531339645386
31.846917152404785
31.309722185134888
32.139761209487915
30.4468514919281
31.313864707946777
31.53926944732666
31.79239845275879
30.973698377609253
30.683150053024292
31.721503019332886
31.616429090499878
31.213062524795532
30.690356016159058
31.361361980438232
34.14072799682617
30.690428733825684
31.830220222473145
31.807915925979614
31.344796419143677
30.553076028823853
30.837374925613403
31.02385139465332
30.8134765625
31.507370471954346
30.938324213027954
31.096251010894775
31.140135765075684
31.92660093307495
31.591349601745605
31.231796741485596
32.1683406829834
34.320857524871826
33.350420236587524
30.523770093917847
31.345754384994507
31.897082805633545
32.69621253013611
32.92690658569336
30.798139095306396
31.72532629966736
31.27658247947693
31.948058605194092
30.88221001625061
30.75666046142578
30.440326929092407
30.782434940338135
30.970744371414185
31.926243543624878
31.573139190673828
31.236842393875122
32.3353488445282
31.926387548446655
31.37455725669861
32.058377742767334
31.160026788711548
32.05841946601868
32.18843173980713
30.703046798706055
30.734509706497192
31.50524139404297
30.916475772857666
30.90291666984558
30.829761028289795
30.806954622268677
33.62116050720215
33.30822706222534
30.687501192092896
31.989683628082275
32.19246292114258
31.864769220352173
31.344958305358887
30.70710015296936
31.73697566986084
33.64120888710022
33.971131801605225
30.7312228679657
30.950180768966675
31.38616919517517
31.912667989730835
30.842135429382324
31.85776400566101
31.325525522232056
31.352556705474854
31.509846448898315
31.18146800994873
34.18533802032471
34.07441735267639
31.035540342330933
31.219606399536133
30.636677980422974
32.90194821357727
32.47223925590515
31.72053599357605
30.44507122039795
30.829572916030884
30.885758876800537
30.638184547424316
31.145928144454956
36.39924597740173
37.284316301345825
31.54322123527527
33.43635606765747
31.49865698814392
31.27646517753601
30.81172490119934
30.91573214530945
31.880872011184692
30.678494453430176
30.90494728088379
31.173157930374146
31.69377875328064
30.928161144256592
32.7434241771698
32.531404972076416
33.39152431488037
33.4080023765564
31.23445224761963
30.94654655456543
31.859209060668945
31.024192094802856
32.0164897441864
31.605450868606567
31.449720859527588
30.511691093444824
31.587862253189087
32.781649589538574
32.3397490978241
31.063443422317505
32.12736439704895
31.599766969680786
30.992748737335205
31.137420892715454
35.4160213470459
36.19728875160217
31.377171754837036
30.835402727127075
30.931290864944458
33.91900277137756
33.96467995643616
30.955153942108154
31.129024267196655
31.0721697807312
31.374505519866943
31.42623996734619
30.37426447868347
35.17239236831665
34.24958395957947
30.77325677871704
30.784613132476807
30.524014711380005
33.83702754974365
33.34441018104553
31.141269207000732
31.73693871498108
30.8923761844635
31.111743450164795
33.00442814826965
31.094072580337524
31.512402772903442
31.10523533821106
32.04393291473389
30.72161078453064
30.64382553100586
30.665019750595093
33.1149537563324
30.377278566360474
31.011611938476562
30.90835428237915
30.624162197113037
31.07275676727295
31.180564880371094
30.7893009185791
31.23400115966797
30.898961067199707
31.425718545913696
31.897098064422607
32.61511850357056
31.643550157546997
30.833646297454834
31.005624294281006
30.237995147705078
31.2105655670166
31.522300004959106
31.186970949172974
31.17335867881775
31.076683282852173
30.96164083480835
31.1321861743927
30.777748584747314
31.80452799797058
33.06967735290527
31.79042363166809
31.725404500961304
31.775403022766113
32.28831481933594
35.05281186103821
32.92683553695679
31.602989435195923
30.897321462631226
31.360027551651
31.54769253730774
30.885029554367065
30.88312864303589
31.897565603256226
30.970640182495117
31.8077290058136
32.50372862815857
30.820873975753784
31.632939338684082
31.865964651107788
31.32348322868347
34.21557307243347
34.56624221801758
31.213492155075073
31.13640856742859
31.360986709594727
31.267069578170776
32.84318399429321
31.352959156036377
30.597574949264526
31.098623752593994
31.24324131011963
31.853121757507324
33.10205125808716
31.20089101791382
31.462291717529297
30.924268007278442
33.593923807144165
33.52319049835205
31.037482738494873
30.856712102890015
31.725484609603882
31.21049189567566
30.444058179855347
32.99693465232849
33.61131572723389
31.30748438835144
30.909557342529297
31.674927949905396
31.36823797225952
31.01743173599243
31.497124910354614
31.35367178916931
31.531731605529785
31.650696277618408
33.79310750961304
32.07149529457092
31.131301641464233
31.885958671569824
32.267053842544556
31.04340887069702
32.67318654060364
32.883012771606445
31.81105923652649
31.121152877807617
31.557136058807373
31.957455158233643
30.874632120132446
32.806005001068115
32.81851005554199
30.996129035949707
30.63829016685486
31.21988034248352
31.01041007041931
31.097206354141235
31.668866395950317
30.902483224868774
30.843931436538696
34.55618476867676
34.71846413612366
30.481770038604736
31.72511100769043
31.253490924835205
30.803125619888306
31.47153115272522
30.89803123474121
31.792197465896606
31.888830184936523
33.16053032875061
31.050509691238403
30.701402187347412
32.165138483047485
32.17906427383423
31.50497603416443
31.65531301498413
31.72258758544922
31.740895748138428
31.69446349143982
30.502383947372437
30.620988845825195
31.415209770202637
30.55980396270752
31.13237428665161
30.8771231174469
30.481080293655396
32.829620599746704
33.76226329803467
30.78719925880432
31.415207862854004
31.383602619171143
31.026623249053955
31.080689907073975
30.698246955871582
30.599119901657104
32.50349807739258
32.67573666572571
32.23940110206604
31.17988419532776
31.286607265472412
32.513603925704956
31.332709550857544
30.82684326171875
31.00796890258789
30.899641752243042
31.55874514579773
30.661959886550903
32.1170129776001
31.628130435943604
31.533605813980103
31.24886441230774
32.08590626716614
31.272051095962524
31.460771799087524
30.7142493724823
32.235357999801636
31.363954067230225
31.426971197128296
30.90131378173828
30.66083812713623
31.171082258224487
33.14830780029297
31.195488929748535
32.66021108627319
32.850130558013916
31.08725905418396
33.66491985321045
32.15505790710449
31.570302724838257
31.547380924224854
31.431593894958496
33.340327978134155
32.14884924888611
30.87244939804077
30.532800436019897
31.77217960357666
31.36671471595764
31.162963151931763
31.487385511398315
32.50497055053711
34.837456464767456
32.0788254737854
34.97341728210449
34.80264377593994
31.088895320892334
30.95302700996399
32.172593116760254
31.010260581970215
31.41005516052246
30.71817636489868
35.73447847366333
34.56694054603577
31.385662078857422
31.08002781867981
31.132978439331055
32.25264358520508
31.01680850982666
31.34042501449585
31.222399950027466
30.46072745323181
31.575538873672485
30.664278030395508
30.340499877929688
31.05260396003723
30.66489863395691
31.992457389831543
30.537425994873047
31.988596200942993
31.8102810382843
31.035011053085327
32.60045671463013
31.503944158554077
30.967241764068604
32.528013944625854
32.79697346687317
30.980597019195557
30.720640897750854
31.003117084503174
30.943474292755127
31.278783559799194
31.782406091690063
31.78892755508423
34.12115216255188
34.36464977264404
31.09494948387146
30.420088529586792
31.749280214309692
32.1871612071991
34.718536138534546
30.56282091140747
31.22415280342102
31.71452236175537
31.406333923339844
33.489198207855225
30.947659730911255
31.567445516586304
30.987645864486694
30.77991485595703
34.32687997817993
34.45053243637085
31.814862966537476
30.960500717163086
30.541892528533936
30.289822816848755
30.859418392181396
32.728577613830566
32.3844518661499
30.894339084625244
31.002257585525513
31.475888967514038
31.27083659172058
31.06802725791931
31.53720188140869
31.35200023651123
30.550425052642822
30.823421716690063
31.236494064331055
31.650287866592407
32.34178018569946
31.69996452331543
31.79045271873474
31.742953062057495
31.88543462753296
34.15187358856201
34.051188468933105
31.17657709121704
30.913846731185913
30.535219430923462
30.585437297821045
31.26231622695923
33.34615349769592
30.629510402679443
31.547454118728638
31.327834606170654
31.947267293930054
30.932634353637695
31.667543649673462
31.542897701263428
32.49931621551514
30.62941026687622
31.297873973846436
31.22921895980835
30.8239848613739
31.72412109375
30.45577049255371
31.064037561416626
31.129233598709106
30.68769097328186
31.491724967956543
30.729791402816772
30.95565366744995
31.955821990966797
30.591094255447388
30.822803020477295
31.54215121269226
32.26475501060486
32.298802614212036
31.340448141098022
30.505903482437134
30.7562894821167
30.691698789596558
31.517303228378296
32.187265396118164
32.03864145278931
31.3889217376709
31.060375928878784
31.564049005508423
31.504750728607178
31.431937217712402
31.155554056167603
30.996492624282837
31.29352641105652
31.163661241531372
31.020641088485718
31.71957540512085
31.70046305656433
31.001403331756592
32.730406284332275
31.43935537338257
31.320382595062256
31.648249626159668
30.756512880325317
30.954081296920776
30.93929386138916
30.80016827583313
30.997830152511597
31.084118127822876
30.436113119125366
32.10383629798889
31.735743522644043
31.29740595817566
30.753283977508545
31.152738332748413
31.044131755828857
32.046916484832764
31.423113107681274
30.832761764526367
32.65299868583679
31.801877737045288
31.697914361953735
32.92607855796814
31.548990964889526
31.662618160247803
31.28206753730774
30.729223251342773
31.1301908493042
31.214885711669922
31.304051876068115
31.50581169128418
30.921056270599365
31.418280839920044
32.817036628723145
31.708110332489014
31.36644220352173
31.460567235946655
30.876648664474487
31.23583483695984
31.823270797729492
31.823177337646484
32.84706258773804
32.91828989982605
30.809984922409058
31.277982473373413
31.214777946472168
30.345664501190186
30.708749771118164
31.179561614990234
33.106136322021484
31.213338136672974
32.526283502578735
30.758621215820312
31.03431248664856
31.79228973388672
31.715351104736328
31.020509243011475
31.72263479232788
30.899497032165527
30.859833002090454
31.46403980255127
30.76831078529358
30.9136643409729
32.09639763832092
30.80525803565979
32.734591007232666
30.819082498550415
31.96952199935913
31.669557332992554
31.72232747077942
30.668006658554077
30.71179437637329
30.993561029434204
31.15544891357422
31.711469650268555
30.804269313812256
30.853180170059204
30.99567151069641
31.436709880828857
31.44621467590332
32.90614581108093
31.264423370361328
30.920258045196533
35.34443998336792
35.12284708023071
31.79533886909485
32.45194387435913
30.92856788635254
31.82150149345398
30.82942032814026
31.548023462295532
32.20402503013611
31.730591773986816
32.918906927108765
31.06189751625061
31.36957311630249
30.73903250694275
31.916552543640137
31.851613759994507
30.91016697883606
35.38943600654602
35.69887447357178
30.914665699005127
30.401901960372925
31.439244985580444
31.908687591552734
30.8078875541687
31.317301511764526
31.029958724975586
31.257709741592407
32.59594106674194
32.346583127975464
31.768301486968994
30.994256496429443
31.193684816360474
31.843541622161865
31.17608404159546
31.185487508773804
30.99871039390564
30.823053121566772
30.713086128234863
31.358375072479248
31.59377408027649
32.36222434043884
31.266036987304688
31.474995374679565
30.91261339187622
30.97271490097046
30.696832180023193
32.31397557258606
30.721258401870728
31.515832901000977
31.50663471221924
30.47705388069153
32.05548143386841
30.43358278274536
31.455952882766724
30.927114248275757
30.585346698760986
31.406120538711548
31.70006275177002
31.490138053894043
31.886417865753174
30.853777170181274
30.54282021522522
30.667122840881348
31.55400252342224
30.403178691864014
31.722607851028442
32.945435523986816
30.96835446357727
33.46926784515381
33.17751741409302
31.338510751724243
30.46701693534851
33.23154377937317
30.848029851913452
30.69720196723938
31.61664390563965
30.85550570487976
30.916532039642334
31.802274703979492
30.945268869400024
31.72250199317932
30.594747066497803
30.915332317352295
31.119829177856445
31.394101858139038
32.36502432823181
32.592915773391724
30.821204662322998
32.370012521743774
31.05415415763855
30.7116436958313
31.799683094024658
30.87412691116333
31.1398983001709
30.689077854156494
35.31446599960327
34.15501570701599
31.047938346862793
31.550193786621094
31.001972675323486
31.755243062973022
31.017009019851685
31.423303365707397
34.677515268325806
35.31387114524841
30.895008087158203
31.223878145217896
31.321989059448242
31.231685876846313
31.25416111946106
31.77033257484436
31.3724365234375
31.19994354248047
31.873214960098267
31.83348274230957
31.413541078567505
31.45285391807556
33.61392593383789
31.348031044006348
32.063539028167725
30.564486503601074
34.373507499694824
33.80365777015686
31.67304563522339
30.49541735649109
31.628268480300903
31.244220972061157
30.90679097175598
34.40967607498169
33.16811227798462
31.664592742919922
31.321708917617798
31.38418459892273
33.4827082157135
32.6789436340332
31.069520473480225
30.976031064987183
33.292805194854736
30.43087339401245
30.723788022994995
35.43675661087036
34.778876066207886
30.54059910774231
31.712589979171753
30.852437019348145
31.33592414855957
31.087460041046143
31.539587259292603
31.892355918884277
31.18325924873352
31.366121292114258
31.096163511276245
30.955570936203003
31.58933973312378
31.06980299949646
31.128548860549927
31.36741328239441
31.64028286933899
32.6766459941864
31.404099702835083
31.44107174873352
31.373433113098145
31.618908643722534
30.973562240600586
30.71223545074463
33.36217546463013
31.068647384643555
31.89548683166504
31.324236631393433
34.00886368751526
33.70887994766235
30.547607898712158
32.720797061920166
31.155209064483643
31.053137063980103
31.130522966384888
32.28304386138916
30.88410186767578
31.166946411132812
31.04229712486267
30.43083882331848
31.851183891296387
31.521392345428467
31.686210870742798
30.887024402618408
30.875763654708862
34.26181697845459
33.75366735458374
30.802793264389038
30.394938945770264
31.002331256866455
30.60296893119812
30.692268133163452
30.92929220199585
31.158244848251343
31.125489950180054
31.43191885948181
33.08551907539368
32.12646484375
31.673703908920288
30.83183455467224
33.610722064971924
31.60039186477661
31.957122564315796
30.728605270385742
31.102754592895508
30.87475323677063
31.058932304382324
30.67660140991211
30.713771104812622
31.90254235267639
31.969541549682617
30.979313850402832
32.15148067474365
30.844855785369873
31.420718908309937
30.904417753219604
31.746265411376953
30.7717764377594
32.38766264915466
31.056676149368286
33.757079124450684
31.509167194366455
31.61690044403076
31.08308696746826
33.8208327293396
34.30041480064392
32.10577034950256
31.044201850891113
31.327614307403564
31.20966863632202
30.60421633720398
30.5662899017334
31.2950279712677
30.78563165664673
31.51204204559326
31.321213245391846
31.335920095443726
32.4112753868103
31.862407445907593
30.843446016311646
30.56950092315674
31.04353356361389
31.476897478103638
32.24950122833252
31.22148370742798
32.150389671325684
32.331934452056885
31.156147480010986
31.029943227767944
32.55883765220642
30.75750994682312
30.931159257888794
30.642227172851562
31.763250589370728
34.14633893966675
33.796756982803345
31.715686559677124
30.940781593322754
31.31632900238037
31.214866638183594
31.03162384033203
31.29011082649231
32.27993583679199
30.7873318195343
30.8397159576416
31.13814115524292
31.130659580230713
31.08477282524109
31.989298343658447
30.751622200012207
31.20924711227417
33.01150631904602
31.283103704452515
33.65841507911682
30.524390935897827
30.794389247894287
31.823161125183105
31.39622735977173
30.548938751220703
31.252050399780273
30.617419004440308
30.83608341217041
31.09775733947754
30.64893913269043
30.780169010162354
31.65140151977539
31.20061469078064
32.406365156173706
30.809611558914185
31.105988264083862
31.625852346420288
30.554298400878906
31.61832618713379
30.872857570648193
30.980957984924316
31.56778359413147
31.540162086486816
30.881267309188843
31.12862730026245
31.65943956375122
30.752562284469604
31.005680561065674
30.54791021347046
31.442691802978516
31.931249618530273
32.48643517494202
31.598599672317505
32.473668813705444
32.04578351974487
31.18699550628662
31.65082812309265
31.216800689697266
30.969532012939453
30.553642749786377
30.926557540893555
30.73097276687622
31.213563919067383
30.940669775009155
30.674250841140747
32.22387409210205
32.12018609046936
30.945285081863403
31.03177499771118
30.956165313720703
30.407933473587036
31.0632107257843
31.006110668182373
30.88956332206726
31.868194103240967
31.201290607452393
33.223156213760376
33.24838614463806
30.858853101730347
32.50984787940979
31.819642782211304
31.946229457855225
30.81844425201416
31.594272136688232
32.67876052856445
30.816221475601196
30.715771436691284
31.497488021850586
31.382418632507324
30.680891275405884
31.77111291885376
31.236295700073242
31.21425437927246
30.63874888420105
31.47965717315674
31.55916404724121
31.412760496139526
32.006826639175415
31.29011082649231
31.367674827575684
34.900184631347656
34.30651521682739
30.588019132614136
30.8580584526062
30.813527822494507
31.27485990524292
30.57968783378601
30.745837450027466
31.511424779891968
32.368202447891235
34.860403299331665
30.949853897094727
31.922764539718628
31.759604454040527
30.49559736251831
30.70779275894165
30.757112979888916
34.461737394332886
34.74654841423035
30.8375461101532
30.960668087005615
31.02675437927246
30.893516302108765
31.897599935531616
32.83323073387146
31.26957130432129
31.93372130393982
30.542157411575317
32.22183299064636
34.82679629325867
31.135154247283936
32.7065064907074
31.964335680007935
30.474645137786865
30.834885597229004
30.665419340133667
31.496058702468872
30.833361864089966
30.67450523376465
31.254661798477173
31.610534191131592
31.561717748641968
30.665035247802734
30.62817144393921
31.252989292144775
32.49607038497925
33.44173288345337
30.73809003829956
32.52375245094299
30.466793060302734
30.693504810333252
31.518322229385376
30.79729390144348
30.637382984161377
32.20436406135559
31.109736442565918
30.4709575176239
30.857664823532104
30.954433917999268
31.88819694519043
32.32533025741577
31.15645718574524
30.948989629745483
31.380908250808716
31.24175524711609
30.806453943252563
32.133445739746094
31.046791553497314
30.7546546459198
30.576141357421875
30.792818069458008
30.833728551864624
31.73164677619934
31.467374801635742
30.990541219711304
32.92994046211243
33.45635986328125
31.058213233947754
31.602442502975464
30.98038125038147
31.482324600219727
30.600592851638794
30.81315040588379
35.04627442359924
35.31471514701843
31.03437042236328
31.33035969734192
30.94721531867981
30.7003390789032
31.549748182296753
31.966997623443604
31.55920696258545
30.926455974578857
31.058393955230713
31.801716327667236
31.937671184539795
30.911696434020996
31.58260989189148
31.00883173942566
31.516468286514282
31.064943552017212
33.93146824836731
34.97748064994812
31.545117139816284
31.221424341201782
31.08670926094055
31.05951189994812
31.36422824859619
30.755478620529175
30.95368790626526
31.558316946029663
31.214109897613525
32.86954426765442
31.476566314697266
34.344517946243286
30.69636631011963
32.759443044662476
32.82092571258545
30.48997449874878
31.157392978668213
31.042049646377563
31.278924226760864
30.8475980758667
30.94020175933838
31.676872730255127
31.391656637191772
31.4440016746521
31.518715620040894
31.493061780929565
32.99550700187683
31.20370125770569
31.390328407287598
31.715055465698242
30.847328424453735
31.60395574569702
30.77736520767212
31.43095111846924
30.876160144805908
30.240901470184326
31.47341012954712
32.61539125442505
33.04100465774536
31.270357131958008
31.811932802200317
31.057459831237793
31.17269229888916
30.782727479934692
31.067039728164673
32.25941824913025
30.576127290725708
31.6709942817688
33.05033755302429
32.171008825302124
30.896764755249023
31.580960988998413
31.174055337905884
31.517359972000122
31.58563256263733
30.949270725250244
31.359765768051147
30.86663269996643
30.651343822479248
31.968502044677734
30.8639714717865
30.52776002883911
31.41772699356079
31.203750371932983
31.29637384414673
33.349310874938965
31.6223726272583
32.63267946243286
31.813783645629883
33.37810492515564
33.92132568359375
30.60338044166565
30.869333028793335
31.150663137435913
31.59311604499817
31.70190715789795
30.91197156906128
30.744642972946167
31.752304077148438
31.40969228744507
31.242281198501587
31.525066614151
30.708717584609985
34.91977047920227
34.58959245681763
30.858206510543823
30.834922790527344
30.97153878211975
30.951852083206177
30.957883596420288
33.52355074882507
33.83143448829651
31.583414554595947
30.94825792312622
31.032644510269165
30.790170907974243
30.590999603271484
31.6511070728302
30.686397075653076
30.89916968345642
31.78648352622986
30.88459300994873
30.846096754074097
32.3787956237793
31.3023784160614
31.631946086883545
31.701311588287354
31.70878291130066
35.319358110427856
35.46390414237976
30.9199857711792
30.656169414520264
31.837801218032837
31.867143154144287
31.899194717407227
31.58803391456604
31.129809379577637
31.13594889640808
31.866202354431152
33.334084272384644
33.52431297302246
31.378211498260498
31.565306901931763
31.695598363876343
31.466445922851562
30.422876834869385
30.902043342590332
31.21738028526306
33.59638977050781
30.877705097198486
31.995327711105347
31.071898221969604
31.07101535797119
31.701139211654663
30.97121262550354
30.607053995132446
31.333865880966187
32.021634340286255
32.53695273399353
30.92378282546997
31.27347159385681
31.58495545387268
30.879185438156128
30.973371505737305
31.172184228897095
31.641703367233276
31.28355312347412
32.26856994628906
33.64603352546692
31.335604429244995
31.3927001953125
31.727092266082764
32.218581676483154
30.645220041275024
31.40372633934021
34.184998989105225
34.831888914108276
30.25630497932434
30.73653817176819
32.801520109176636
31.08124351501465
31.42947006225586
31.70945692062378
31.645521640777588
35.06344652175903
34.284215450286865
30.725998878479004
31.123504877090454
32.031036138534546
31.26184892654419
31.27056050300598
30.945544719696045
31.620246648788452
34.69871258735657
34.457561016082764
31.32399821281433
30.424391984939575
30.47049331665039
31.30983591079712
30.723679780960083
30.799317359924316
30.80933690071106
31.39864730834961
31.519280195236206
31.99453830718994
32.59814500808716
30.586194038391113
33.62242937088013
31.48188304901123
31.8207585811615
31.408396005630493
31.508259296417236
31.374124765396118
31.7600314617157
31.397218942642212
30.82916498184204
31.937835454940796
31.41590976715088
34.17079401016235
34.16063451766968
31.047954559326172
31.54381513595581
30.861073970794678
31.779595613479614
30.789751529693604
31.82497763633728
30.97655725479126
31.052703857421875
32.25826334953308
31.001620054244995
30.938262939453125
31.524104118347168
31.669150829315186
31.829544067382812
31.670735359191895
31.743226766586304
31.879976987838745
31.620596408843994
31.00002956390381
31.198588609695435
33.141167402267456
30.55669856071472
30.805192708969116
31.051331996917725
31.046052932739258
30.565802574157715
31.34910559654236
32.119328022003174
31.383358478546143
31.38190460205078
32.21899652481079
31.748703718185425
31.705261707305908
32.18236422538757
31.948423147201538
31.887162446975708
32.82289791107178
31.27254033088684
31.81445860862732
31.083373308181763
31.59597110748291
31.38552498817444
30.747268199920654
31.480984926223755
30.94300937652588
31.570294857025146
31.095068216323853
31.18876886367798
33.28373980522156
33.55821204185486
30.973194360733032
31.65421438217163
30.80992555618286
31.70304799079895
31.055869102478027
32.20989513397217
31.0797278881073
30.58088254928589
32.351557970047
32.35586476325989
31.704615354537964
31.786369800567627
31.302963256835938
30.85474181175232
31.901461362838745
31.764219760894775
30.625406503677368
30.99689745903015
31.295958280563354
31.25027871131897
30.964019060134888
31.154728651046753
31.162187099456787
30.1379816532135
32.53024101257324
31.78025770187378
32.433616638183594
31.22257089614868
31.882378816604614
30.564667224884033
35.32403612136841
34.29508399963379
31.2785165309906
31.73556351661682
31.1584894657135
31.287607669830322
31.818065404891968
31.787672758102417
31.475351572036743
30.95462393760681
32.54906129837036
30.9189772605896
31.95802140235901
32.33861827850342
32.22359585762024
32.88626146316528
34.844109296798706
34.64440083503723
31.486430406570435
30.772603750228882
32.387885093688965
30.828653573989868
30.754456043243408
30.60219717025757
30.939510583877563
31.239353895187378
31.689468383789062
31.123552560806274
31.0219988822937
32.39846158027649
33.14288854598999
31.499465465545654
32.83627486228943
31.047048568725586
30.827259063720703
30.95111393928528
30.872775316238403
30.800697088241577
31.297903537750244
31.16631555557251
30.646219491958618
31.75567317008972
31.608213424682617
32.19128060340881
32.7480309009552
31.346644639968872
31.188863515853882
32.069096326828
30.66027593612671
31.36072015762329
34.91249108314514
34.86439919471741
30.735084772109985
30.797468662261963
30.850611925125122
31.105007886886597
30.698366165161133
30.796541929244995
30.90687918663025
30.326138496398926
32.13435626029968
31.455365419387817
33.86059904098511
34.40433478355408
30.735762119293213
31.621870517730713
30.935285091400146
30.884109020233154
31.680894374847412
31.68705916404724
31.003977060317993
31.222663640975952
31.162412881851196
31.623918771743774
34.002612352371216
34.196064949035645
31.467904567718506
31.311960458755493
30.969778776168823
31.762768745422363
31.914180517196655
30.956587314605713
31.02349615097046
30.176342248916626
30.767805337905884
32.198683738708496
31.55191397666931
31.43137836456299
31.50207257270813
31.642035722732544
30.626041412353516
31.106881618499756
30.77627944946289
31.415528774261475
31.13475489616394
32.28686213493347
31.98930597305298
31.024071216583252
31.455799102783203
32.68233323097229
31.94231081008911
30.82270336151123
30.507937908172607
31.952517986297607
31.25755000114441
31.083457469940186
31.298635482788086
30.84289813041687
31.671559810638428
30.59265947341919
31.708473682403564
30.32375168800354
31.534302473068237
31.253735780715942
31.17191505432129
32.567097187042236
31.821903228759766
30.44194984436035
31.147933959960938
31.73085355758667
31.93488335609436
32.73489284515381
31.05716562271118
30.683335542678833
30.9068124294281
31.476680755615234
31.10918664932251
30.70780920982361
33.26610231399536
32.263291120529175
31.08044981956482
30.809587001800537
31.363333702087402
30.919193983078003
32.09607243537903
31.433990478515625
31.941945791244507
32.19480657577515
30.57407283782959
30.574060678482056
31.66938591003418
32.56617307662964
32.60010743141174
31.70452308654785
30.683831214904785
30.90890073776245
32.084203481674194
32.24229049682617
30.95710062980652
31.755593061447144
32.478031873703
32.58203434944153
30.836865425109863
32.140763998031616
30.87314796447754
31.274383306503296
31.783331155776978
33.36336016654968
30.53848886489868
31.463910818099976
31.0129873752594
31.161455154418945
30.882991075515747
31.984872341156006
32.23025989532471
30.225837230682373
34.970568895339966
33.5317964553833
31.107839345932007
32.333550214767456
31.02458930015564
30.8812313079834
31.481191396713257
32.29749798774719
32.33813977241516
31.589080333709717
30.613404273986816
31.818140506744385
30.416091918945312
32.00245976448059
31.123870849609375
31.611830949783325
31.493179082870483
31.302664279937744
32.78601551055908
31.482969999313354
32.95060992240906
32.384143114089966
31.906919240951538
30.583170175552368
30.873327255249023
31.322041749954224
32.435242891311646
30.562880754470825
31.155213356018066
31.629138946533203
31.76987862586975
30.831279277801514
30.901362419128418
32.266844511032104
32.655357837677
31.09121084213257
30.57524800300598
32.14373779296875
31.602816820144653
32.15773367881775
31.827279329299927
31.843658447265625
31.189915895462036
31.247851133346558
30.618518829345703
31.167959213256836
31.16948628425598
32.9709849357605
31.020411014556885
31.020137786865234
32.625855922698975
31.86834406852722
31.821065664291382
30.75394368171692
31.114606380462646
31.172855138778687
30.91894507408142
30.674351453781128
30.97168231010437
32.20578956604004
31.328185558319092
30.596169471740723
31.961052417755127
32.867332458496094
30.736084938049316
30.652203798294067
32.32706260681152
31.354891300201416
31.151256561279297
32.70106649398804
32.70181202888489
30.51648187637329
31.434837102890015
31.428229570388794
31.331461429595947
30.800946950912476
30.813640117645264
30.899190425872803
32.20111608505249
31.657840967178345
30.921400547027588
31.40755271911621
31.306321382522583
33.03701639175415
31.846975803375244
30.949522018432617
30.672337532043457
30.803196907043457
31.101234197616577
30.704684734344482
30.7786066532135
30.511027574539185
31.562923192977905
31.078861951828003
30.67953133583069
31.383597373962402
31.519970655441284
30.80194091796875
31.785054206848145
32.670459508895874
31.250242471694946
31.161014318466187
30.638636589050293
30.830105304718018
31.431398153305054
30.659383535385132
32.0192174911499
30.942434072494507
30.738090753555298
31.237138986587524
30.83023500442505
31.589863538742065
32.02745223045349
31.685325622558594
33.27308440208435
32.022178173065186
31.801194190979004
30.757487535476685
31.708958864212036
32.04207634925842
31.38183355331421
30.915602445602417
31.34318494796753
33.460623025894165
31.258788347244263
31.39167022705078
30.956635236740112
31.502294063568115
31.01570415496826
30.797255992889404
30.77569007873535
31.225203037261963
31.494431257247925
31.227377891540527
30.880906343460083
30.40149450302124
30.406615734100342
30.964940786361694
31.545024394989014
32.20241451263428
30.492851495742798
30.451632022857666
30.63140845298767
30.93097972869873
30.72683835029602
32.071327686309814
32.25378370285034
30.950312852859497
31.103692293167114
31.036850452423096
31.600636959075928
31.02318000793457
31.688608169555664
33.132161140441895
31.175114631652832
30.659310817718506
33.22030067443848
31.53977870941162
30.862343072891235
34.31449007987976
31.22011160850525
31.33306360244751
30.923556566238403
32.38824653625488
31.778024911880493
30.649460315704346
31.55267572402954
31.683337926864624
30.90816354751587
30.67277956008911
31.321152925491333
31.430893659591675
31.552324771881104
32.640315771102905
31.347137212753296
31.285212993621826
33.701956272125244
33.72831726074219
30.551851511001587
31.417183876037598
30.673725366592407
30.977226972579956
31.260819673538208
31.16373610496521
30.855867385864258
33.32379913330078
30.574796438217163
30.841455698013306
31.285248041152954
31.07732391357422
31.765565633773804
30.989705801010132
31.788138151168823
32.01956653594971
31.30509901046753
31.332295417785645
31.818371295928955
32.5877947807312
32.36231184005737
31.410277843475342
30.71739149093628
30.608335494995117
30.74077558517456
31.577357292175293
32.73471164703369
31.733293294906616
31.322076320648193
30.87040376663208
31.358067750930786
30.947362184524536
32.08845329284668
31.3984317779541
31.71042799949646
30.542685985565186
31.653159856796265
31.82076597213745
30.983570337295532
31.508476734161377
30.953831434249878
31.156187057495117
30.681087017059326
30.97524929046631
31.717180728912354
31.491674184799194
31.331717252731323
31.359346628189087
30.748754739761353
30.81904673576355
32.009876012802124
32.09908103942871
31.925536155700684
31.341964960098267
31.024362564086914
31.235451459884644
31.03762197494507
31.235401153564453
30.6892409324646
30.907440900802612
30.634714126586914
31.61262273788452
31.450092315673828
31.828275680541992
30.83445954322815
30.95158362388611
31.228657960891724
31.375138759613037
31.11213493347168
30.748143672943115
31.162519931793213
32.97707009315491
32.4311683177948
32.738576889038086
32.52326726913452
31.52567982673645
30.633092641830444
31.02034068107605
31.599753856658936
31.14391779899597
32.42745661735535
32.32012152671814
30.836535215377808
31.402169942855835
31.657146453857422
31.07995581626892
31.299262046813965
32.640321016311646
32.11838912963867
31.374326944351196
34.673115491867065
35.06844782829285
30.982398986816406
31.20937991142273
31.576871633529663
34.65444040298462
34.00075006484985
30.558372259140015
30.989383935928345
31.32366943359375
32.509860038757324
30.40399956703186
31.420372486114502
31.026002645492554
33.55839133262634
31.157679319381714
30.814345598220825
31.93533492088318
31.73258113861084
30.446880102157593
33.03764200210571
31.989187002182007
33.004897356033325
32.564972162246704
31.181917428970337
30.72494149208069
30.458094120025635
31.394365072250366
31.1207275390625
31.473029375076294
31.892728090286255
33.00629448890686
30.547425985336304
32.08122134208679
31.521013259887695
32.39306378364563
31.429266691207886
33.877827882766724
34.748313903808594
31.427555322647095
30.88595175743103
31.527963161468506
31.400504112243652
31.66387939453125
30.56287956237793
30.89085555076599
30.855541706085205
31.08710503578186
31.086982011795044
32.763718605041504
31.543827533721924
32.2159149646759
31.783284902572632
31.85712456703186
31.875918865203857
31.791044235229492
30.570709228515625
31.144379138946533
31.237853288650513
30.94460105895996
31.796355724334717
32.52844500541687
31.588082790374756
30.966186046600342
31.66295623779297
34.678364753723145
34.86996126174927
32.04259777069092
32.02894139289856
32.07427906990051
30.806243658065796
30.76234459877014
32.720293283462524
30.761713981628418
30.67196750640869
31.520872354507446
30.906376838684082
30.988105535507202
31.294594049453735
32.318668365478516
31.31645631790161
30.955915689468384
31.301533937454224
31.009103059768677
32.10760188102722
30.909512519836426
30.74427366256714
30.976710557937622
31.384557247161865
31.040397882461548
33.07883977890015
31.422861337661743
31.172739267349243
