40.37160801887512
41.81654691696167
39.85092735290527
41.26592421531677
40.44457030296326
40.55388331413269
40.29803824424744
40.43937945365906
40.62899732589722
35.83126735687256
41.487024784088135
39.61194086074829
35.770084381103516
37.266263484954834
40.02993726730347
40.965630769729614
32.13650178909302
31.63916563987732
36.89660835266113
37.74774646759033
38.216184854507446
38.16251015663147
38.008219480514526
37.774372577667236
41.72805738449097
39.73817205429077
36.41884779930115
38.56976628303528
31.126481294631958
32.980287313461304
36.853029012680054
36.4717652797699
44.2366464138031
42.12554883956909
35.84804940223694
37.6963427066803
40.74418091773987
42.96594429016113
41.55727219581604
38.306060791015625
40.86886644363403
40.723999977111816
40.81523013114929
39.38282108306885
31.059614181518555
41.82353591918945
40.797932386398315
40.966989278793335
40.976381063461304
40.408469676971436
39.880492210388184
40.36590099334717
41.1782865524292
41.72669553756714
31.930126428604126
34.58087706565857
34.53965473175049
44.25102424621582
41.22471499443054
40.50607705116272
40.64460611343384
40.17532992362976
41.045621156692505
42.08403825759888
37.14626431465149
42.2466185092926
39.5070276260376
37.721394777297974
40.2082257270813
39.8710298538208
40.495856285095215
42.27125787734985
39.074833154678345
39.27411770820618
41.53573989868164
41.05843687057495
43.459906578063965
41.504226207733154
40.17490887641907
41.37225675582886
40.16579627990723
39.24456596374512
41.02150058746338
43.096648931503296
40.13261699676514
40.433093786239624
40.82579493522644
42.13372540473938
42.11271023750305
41.096291065216064
40.383965492248535
40.00877118110657
37.02392816543579
45.70427989959717
42.605753660202026
39.52311658859253
41.94542932510376
39.92495083808899
40.73271107673645
40.43584752082825
39.540873765945435
39.668431520462036
39.81320571899414
40.030208349227905
40.279531717300415
39.869203090667725
39.56579327583313
40.337549448013306
40.02318358421326
40.2835168838501
40.42460751533508
40.905524492263794
40.471694231033325
41.73793625831604
40.41527533531189
39.99864721298218
40.609710454940796
41.27037715911865
39.96599769592285
40.64100098609924
40.44343090057373
40.090837717056274
41.957125663757324
40.45073699951172
40.12094473838806
41.41135787963867
39.74552011489868
41.79643678665161
39.807109117507935
39.995442390441895
41.134177684783936
41.51927638053894
40.441428899765015
40.26453876495361
39.37890386581421
41.31570315361023
39.885478019714355
39.73143291473389
39.97207283973694
39.41134285926819
40.9881796836853
41.00419521331787
40.852792263031006
41.576409578323364
39.66957187652588
40.84985828399658
40.60149073600769
40.5683650970459
39.94523048400879
40.25537395477295
40.64950966835022
40.839876890182495
36.83787679672241
31.092557430267334
41.83898401260376
39.248756885528564
39.67890119552612
40.89947700500488
40.64839434623718
40.972604513168335
40.7521288394928
40.20415687561035
40.45390343666077
34.592697858810425
34.29298782348633
40.22123193740845
40.47920870780945
39.89183521270752
39.90606212615967
40.34993767738342
40.98884630203247
38.8668577671051
39.925292015075684
41.27050018310547
41.351606369018555
40.440359115600586
40.76663851737976
40.49338698387146
40.19880175590515
39.491159439086914
39.466997146606445
39.274637937545776
39.72860908508301
40.61237931251526
40.49455785751343
40.22158074378967
40.44503831863403
41.25720524787903
40.47852659225464
41.13289546966553
42.106595039367676
39.892544984817505
39.67044115066528
42.78377962112427
40.791197776794434
41.553669929504395
43.4454607963562
40.197675704956055
39.61554527282715
42.016064167022705
41.63430333137512
39.89405798912048
39.7789363861084
40.76620674133301
41.347076654434204
41.23483657836914
40.9618124961853
37.72344923019409
43.455564737319946
37.171921730041504
40.476178884506226
42.68033170700073
40.17719340324402
40.87009334564209
40.140944719314575
40.53344750404358
41.00168228149414
41.602962255477905
41.38950872421265
41.23321557044983
41.638243436813354
43.21860384941101
37.75910830497742
37.806150674819946
40.7668821811676
40.80591535568237
40.7860267162323
41.985294580459595
46.08429288864136
47.66334366798401
41.61781287193298
41.386651277542114
41.97006916999817
39.24123549461365
43.54037666320801
40.437331438064575
41.86358857154846
38.74456238746643
41.13102698326111
41.342082262039185
39.48264789581299
38.537426471710205
39.85395121574402
38.64258170127869
39.651451110839844
35.14259958267212
37.90695071220398
34.32814836502075
41.55666947364807
48.91050100326538
36.92405915260315
37.534663915634155
49.02836298942566
39.9003427028656
40.80520296096802
39.90368390083313
41.32818961143494
40.37241268157959
40.55822801589966
40.76316714286804
40.0160231590271
39.51429581642151
40.74671244621277
43.302311182022095
40.68496251106262
40.07570195198059
39.515339374542236
49.04124212265015
42.99316048622131
39.55535125732422
40.43730044364929
41.90747880935669
39.625335454940796
40.9064519405365
43.1268265247345
45.41361451148987
44.37904405593872
39.11328673362732
39.66489768028259
40.465991735458374
40.12554621696472
40.78718185424805
42.35821723937988
39.32111620903015
41.947858810424805
40.64660310745239
40.5536527633667
40.43192768096924
39.97360157966614
40.80550003051758
40.67246913909912
40.53244686126709
40.817232847213745
40.64190483093262
40.79669499397278
39.95533084869385
40.33802652359009
40.59353303909302
40.40929913520813
39.89995193481445
39.89780020713806
38.124406814575195
36.669217586517334
33.00418710708618
40.34005904197693
40.40331435203552
41.26323390007019
41.11618709564209
40.92767071723938
41.34342908859253
40.323190450668335
39.37402129173279
40.64296197891235
42.41100525856018
41.040311098098755
40.79216551780701
37.861510038375854
40.25306725502014
37.1832754611969
40.90887713432312
41.1507728099823
45.98477005958557
47.89002203941345
44.84480547904968
36.94798421859741
40.85878086090088
39.8737313747406
40.24394083023071
41.02411675453186
36.18767476081848
49.23455858230591
41.6629593372345
40.18787932395935
40.67943620681763
41.2311749458313
41.21515703201294
41.19969129562378
36.315298318862915
39.918182611465454
39.759681224823
40.145381450653076
38.74493360519409
40.33309078216553
40.34935283660889
40.75100374221802
43.027443170547485
40.62764620780945
40.27754616737366
40.11016917228699
36.6405885219574
36.68711519241333
40.10205626487732
40.07807278633118
39.47712302207947
41.13694167137146
40.44290018081665
40.06053805351257
40.45678114891052
40.11346125602722
40.92356896400452
40.32955741882324
40.34126400947571
40.66592073440552
40.77685236930847
37.621960163116455
41.28292489051819
40.48664927482605
40.90976595878601
42.40659308433533
40.978575468063354
40.65132164955139
41.889442920684814
37.1706805229187
40.618935108184814
41.16676902770996
40.88084316253662
40.351966381073
42.03331017494202
41.646435022354126
41.034348011016846
41.684303998947144
37.905754804611206
37.776214599609375
39.965821743011475
40.79851198196411
42.41744351387024
43.336308002471924
52.68354058265686
40.254326581954956
40.027079343795776
42.92331910133362
43.25838756561279
41.44236922264099
41.17740845680237
41.725955963134766
41.70341944694519
42.018054723739624
38.8552987575531
39.15774321556091
42.579063177108765
44.542545795440674
41.79762244224548
42.20303177833557
38.38339567184448
46.89479327201843
41.41829752922058
41.6382532119751
40.85773682594299
40.9639093875885
40.82806968688965
41.83405256271362
44.000734090805054
42.66390919685364
40.75413990020752
41.84700131416321
42.15357851982117
40.602051973342896
40.52218151092529
41.492188930511475
42.713589668273926
41.191261529922485
41.6319420337677
40.87115430831909
41.57717156410217
42.013123512268066
42.24037480354309
40.63978624343872
39.42347049713135
40.464489698410034
40.931522607803345
40.90635585784912
41.996694564819336
41.78909754753113
42.05771517753601
42.23824501037598
42.15931034088135
41.65631675720215
41.070576667785645
42.081737995147705
42.04335975646973
41.015942335128784
41.474446535110474
41.30952191352844
38.16408967971802
41.813077211380005
41.86652946472168
40.29649043083191
42.17991900444031
41.299731492996216
42.15844511985779
39.63675570487976
41.977720499038696
41.45388412475586
41.96003818511963
40.50313115119934
42.14247536659241
44.52963638305664
41.71266150474548
42.08689308166504
40.53107976913452
44.159342765808105
41.641913652420044
42.598124980926514
41.23721146583557
43.309391260147095
42.52282905578613
42.437586069107056
42.279937982559204
42.31962847709656
41.391798973083496
42.22468185424805
39.74821352958679
42.47835326194763
37.33993172645569
41.32571792602539
54.43003273010254
40.57386064529419
43.72165608406067
42.74461078643799
42.63407278060913
42.89684319496155
41.89094352722168
42.53540301322937
42.33332705497742
42.76820993423462
43.48400115966797
42.39025592803955
42.25295639038086
42.53676986694336
39.04347372055054
43.196179151535034
44.2710165977478
42.54770374298096
43.78109002113342
41.0079300403595
42.51561784744263
43.70145511627197
41.04830002784729
42.63471031188965
43.39131689071655
42.48676347732544
41.99164819717407
41.277804374694824
39.807162284851074
43.517303705215454
42.60586619377136
42.824891090393066
42.91633677482605
42.57576513290405
42.675405740737915
44.98756814002991
41.75283980369568
41.58256721496582
38.99070358276367
41.22922992706299
41.35689163208008
41.49553322792053
41.435558795928955
41.851614475250244
41.866567611694336
43.69023609161377
43.15130281448364
40.13520836830139
42.743422746658325
43.22428750991821
43.30457043647766
42.90356230735779
42.674816370010376
42.80559015274048
42.86073112487793
42.05287313461304
42.48573637008667
42.21761918067932
42.62279224395752
37.801106452941895
48.51681327819824
35.03944730758667
42.03393077850342
43.32199311256409
43.180689334869385
42.428977966308594
39.46560049057007
44.16935729980469
42.52013635635376
42.65913963317871
42.60204458236694
43.288001537323
43.21323800086975
41.8436222076416
45.409785985946655
42.98574423789978
43.341246128082275
43.07681226730347
42.609527349472046
41.069961071014404
41.47346329689026
36.1857647895813
42.125141620635986
42.34478306770325
43.062304973602295
40.724751234054565
42.460233211517334
42.77070617675781
43.092620849609375
42.50101685523987
42.08800673484802
42.62653636932373
42.89030718803406
42.005377769470215
42.62886953353882
50.560791969299316
50.6664457321167
41.81032180786133
42.33213925361633
42.036046504974365
42.530601501464844
39.98987889289856
40.4030237197876
42.29276514053345
42.58018755912781
42.348172426223755
42.981831550598145
42.22670340538025
41.966217041015625
42.61926579475403
43.36525535583496
42.5941686630249
41.60967206954956
42.070281744003296
42.197344064712524
42.13505983352661
42.48281502723694
42.51360535621643
41.08675956726074
41.55604934692383
42.575254917144775
43.96069002151489
42.097394704818726
40.22528648376465
39.99128746986389
42.49695348739624
42.3241925239563
43.06337237358093
42.821218490600586
41.97782349586487
43.17328405380249
43.34627866744995
43.077330350875854
42.28298258781433
44.00068545341492
40.513792753219604
42.43869209289551
43.697861194610596
41.51744556427002
42.80118918418884
43.59849143028259
42.34875798225403
43.24971604347229
42.415141582489014
42.709054708480835
44.54545879364014
43.544060468673706
42.583077907562256
42.17794847488403
42.820213317871094
42.89189171791077
42.29304099082947
41.56633901596069
42.86344075202942
39.186835289001465
41.70979714393616
43.21826982498169
48.53818655014038
48.67963433265686
43.31333923339844
41.97306489944458
43.457351207733154
42.36092400550842
43.54125165939331
42.03102397918701
43.51631569862366
43.242284297943115
43.05425000190735
42.01220083236694
40.66473340988159
39.419801473617554
42.76877236366272
41.889806270599365
42.186553716659546
42.89041090011597
42.77956676483154
41.41220235824585
42.95344161987305
41.78364610671997
42.059035539627075
42.49486589431763
41.71461081504822
42.12494897842407
42.58124899864197
41.93226742744446
42.23734211921692
41.713160276412964
39.49855661392212
40.724504709243774
42.35649013519287
43.28727912902832
42.25318169593811
42.158204317092896
41.04939937591553
40.20366144180298
42.902419328689575
42.31106352806091
42.48365330696106
41.68848776817322
43.10873794555664
42.41316223144531
43.031004428863525
43.16974759101868
42.57838845252991
42.87962746620178
43.66365694999695
32.831199169158936
35.387274980545044
43.80229043960571
42.758671045303345
43.72488451004028
42.40830993652344
41.72534441947937
40.147947549819946
42.34229016304016
42.210845947265625
43.40566396713257
42.158711671829224
43.388216972351074
42.531134843826294
42.83144950866699
42.61941862106323
41.967283725738525
42.74578261375427
42.45171499252319
43.07184624671936
43.2310528755188
41.9668447971344
42.483481884002686
42.56648826599121
43.5470232963562
44.46982407569885
45.196751832962036
47.29255199432373
43.199235916137695
42.21302604675293
40.0098295211792
40.286829471588135
42.93571424484253
43.85929584503174
42.99594712257385
42.02696204185486
41.65713810920715
39.75051021575928
39.629087686538696
50.656325578689575
43.549532890319824
42.70021939277649
40.73185348510742
40.436113357543945
42.177454233169556
42.56427788734436
42.910168409347534
41.68946862220764
42.929203033447266
43.83585453033447
42.584179401397705
42.937636613845825
42.53118658065796
43.02805018424988
42.60224652290344
43.605756998062134
43.480947732925415
42.62754988670349
42.11355948448181
43.196706771850586
43.750638008117676
40.964601278305054
41.93034386634827
41.41832494735718
37.939651012420654
33.502763986587524
43.441057443618774
43.40593194961548
41.5091233253479
41.08673715591431
42.93769979476929
42.73369336128235
42.84830665588379
43.295074224472046
45.252912282943726
44.99628019332886
42.48893713951111
43.27044486999512
40.04975724220276
40.01998233795166
42.30010175704956
43.0545175075531
42.86101770401001
41.89457607269287
43.56554651260376
42.85918188095093
43.322450399398804
43.46697211265564
42.82287406921387
42.38916778564453
42.987913846969604
42.97758746147156
42.79932427406311
41.881613969802856
42.923771381378174
42.91368889808655
42.75838255882263
43.945454835891724
43.19169545173645
44.435341119766235
43.7424738407135
43.89309334754944
42.6751127243042
41.35321497917175
40.44597911834717
43.52680587768555
42.97478151321411
42.61858510971069
44.24024748802185
43.16374969482422
42.71435284614563
42.60750198364258
43.11198091506958
43.02850008010864
43.67381429672241
43.993664026260376
43.33082962036133
41.81351900100708
43.58350491523743
42.978930711746216
42.21521306037903
42.205281257629395
42.602256774902344
42.550013303756714
43.30068349838257
41.04294157028198
40.44671392440796
42.734029054641724
43.080973625183105
44.110637187957764
42.20138716697693
42.58578586578369
43.06233239173889
42.52631187438965
42.18754601478577
41.09932732582092
40.55478119850159
42.599445819854736
42.36516046524048
42.745951890945435
41.948710203170776
41.76314997673035
42.970704317092896
42.345309019088745
43.50503659248352
45.641681432724
42.18824338912964
39.896369218826294
40.028865814208984
42.66015839576721
43.80803108215332
42.551875829696655
42.31753611564636
43.118879079818726
42.50539684295654
42.810955286026
42.71120643615723
36.082921504974365
34.92023825645447
42.83922719955444
42.18956708908081
39.68295693397522
39.34234976768494
42.99289107322693
42.72915244102478
43.69355750083923
42.45215916633606
42.360843658447266
43.79842448234558
42.55655121803284
42.34488654136658
43.24757671356201
42.84070825576782
42.82717204093933
42.8809654712677
42.370437145233154
43.5205762386322
42.794570446014404
42.443482875823975
43.08146953582764
42.9305477142334
42.48291802406311
43.137073278427124
42.51235628128052
42.284425020217896
41.67272424697876
43.14358925819397
42.04788112640381
43.04211616516113
40.97602915763855
40.27976894378662
42.8372004032135
42.630390882492065
43.20394206047058
42.11680793762207
42.911216497421265
37.79591751098633
39.25979971885681
43.009812355041504
43.41063046455383
41.04321312904358
39.63822388648987
42.946147441864014
42.598822832107544
42.28748846054077
43.17662525177002
42.68165063858032
43.1894211769104
43.85982418060303
42.8982834815979
42.80337309837341
42.25991225242615
43.421701192855835
42.71405053138733
43.31726622581482
43.12068438529968
43.0563702583313
43.64964008331299
42.83760619163513
43.09986710548401
43.01893496513367
42.99030137062073
43.10525369644165
42.38892340660095
42.755526304244995
42.94156527519226
42.64392161369324
43.45458102226257
42.76264977455139
43.31449294090271
43.07162594795227
42.0437285900116
42.73054647445679
42.846874475479126
42.71183967590332
42.76054549217224
43.293877601623535
43.367446422576904
42.136669397354126
41.66116404533386
42.95369625091553
42.604459047317505
42.92375683784485
42.216716289520264
42.1706919670105
42.8386070728302
42.28431487083435
42.96276617050171
42.97352647781372
43.217992305755615
43.356255769729614
42.652512073516846
42.80611872673035
42.2561559677124
42.08687400817871
42.24112892150879
43.50464224815369
42.04799294471741
42.575631618499756
40.09679937362671
41.237935304641724
42.70250630378723
42.86649179458618
43.12628626823425
42.86865997314453
43.21779203414917
42.598060607910156
42.59014058113098
42.80414700508118
43.35318684577942
41.83476281166077
42.47118163108826
42.504985094070435
41.91713047027588
43.21325755119324
42.978588581085205
42.58855581283569
43.88007593154907
42.69664287567139
43.25285458564758
33.41645956039429
33.25814199447632
41.493013858795166
40.372339725494385
40.47342491149902
42.35277771949768
43.37321162223816
41.99740123748779
42.74779391288757
43.984816551208496
43.2074248790741
52.768322467803955
42.94486618041992
42.0685453414917
40.44750142097473
40.75698685646057
43.25498986244202
42.702271699905396
42.21173548698425
43.32804560661316
42.9053418636322
41.92531061172485
43.575376987457275
42.28138995170593
41.15939164161682
41.18939828872681
42.634695291519165
42.61746668815613
42.95233988761902
42.407209634780884
43.059215784072876
43.22674250602722
42.08576226234436
43.34296226501465
42.04645538330078
42.29371094703674
43.32095694541931
42.679261922836304
43.94248414039612
42.938454389572144
43.07372450828552
42.37909126281738
43.3700647354126
39.44773244857788
39.58418822288513
42.370747089385986
42.859291076660156
43.86746430397034
42.462427616119385
42.165714502334595
42.51505255699158
42.98761510848999
42.770177602767944
41.93557548522949
42.747626066207886
43.67304062843323
42.13188433647156
43.78125858306885
42.63875699043274
43.401220083236694
43.119850635528564
43.339375495910645
43.04530143737793
42.957011461257935
41.92284917831421
42.51727318763733
42.91042184829712
42.43687176704407
43.04497504234314
42.1864652633667
43.148656368255615
43.85915994644165
43.508018255233765
42.63324475288391
42.30031108856201
43.811126470565796
39.90005564689636
40.8153178691864
43.28302359580994
43.51616549491882
42.15138649940491
42.66678428649902
42.40261387825012
43.341673851013184
42.821608781814575
42.541691303253174
42.470229387283325
42.585089683532715
43.188945055007935
42.27725529670715
41.47886633872986
43.02170515060425
42.18043851852417
42.75170159339905
42.170217990875244
43.052993297576904
43.18831253051758
42.9191255569458
42.72371983528137
42.73964762687683
42.87754440307617
42.69057893753052
42.799330949783325
42.74518084526062
41.99647068977356
44.40784955024719
37.28547286987305
43.01154017448425
42.508365631103516
42.947805404663086
43.49302625656128
42.70191931724548
41.976391315460205
42.71566867828369
44.078712701797485
43.1794536113739
42.9090850353241
44.122018337249756
42.95039391517639
42.404884815216064
42.28161954879761
42.423834800720215
42.243165016174316
43.2899603843689
42.26016664505005
42.53040027618408
42.15509557723999
42.81823420524597
44.19270324707031
40.5203959941864
39.78311777114868
42.60642600059509
43.07787561416626
42.55703926086426
43.28911232948303
43.122169494628906
44.10423707962036
43.12102961540222
42.05657958984375
43.18929171562195
43.48729681968689
42.549166679382324
42.680511713027954
42.05647087097168
42.37087821960449
42.545844078063965
43.3193199634552
42.105236530303955
42.51613473892212
42.38016057014465
42.167654514312744
43.23742604255676
42.973915338516235
43.15364933013916
43.68732714653015
42.726672410964966
42.48014950752258
43.41845679283142
42.38668346405029
42.63437604904175
42.31337809562683
43.04739546775818
46.81660771369934
47.767404317855835
41.9371383190155
43.07866549491882
42.761255979537964
42.680851221084595
42.36627435684204
42.4665584564209
42.60592007637024
43.44296383857727
42.616321325302124
43.20350646972656
42.426079511642456
42.48454666137695
41.733630895614624
42.765886545181274
43.98313617706299
42.88520789146423
43.16862988471985
39.76373600959778
39.73021650314331
42.118451833724976
42.62465000152588
42.60981464385986
53.02814245223999
54.70825219154358
42.77978014945984
42.972460985183716
42.32288408279419
42.618327379226685
42.33668375015259
42.156044244766235
42.06142020225525
42.3871328830719
42.41220760345459
42.86043620109558
42.46345829963684
42.984858751297
42.20633029937744
44.990607500076294
43.64323902130127
42.415300369262695
42.71582055091858
42.93322539329529
42.647894620895386
43.00992560386658
43.066487550735474
42.23422598838806
43.592793703079224
42.48478889465332
42.22234010696411
44.385671615600586
42.63232421875
41.686065435409546
42.047117471694946
42.671470165252686
42.354268312454224
43.98742151260376
42.322163343429565
43.40801167488098
42.60701060295105
43.995054721832275
43.189202070236206
42.500404596328735
42.87243700027466
40.30374073982239
40.33494997024536
42.52234506607056
42.607258796691895
42.67479586601257
50.2630729675293
42.07592415809631
42.47199606895447
42.94309949874878
42.22527599334717
43.05594086647034
43.95012974739075
42.135979890823364
43.118401288986206
42.87323474884033
42.95890188217163
42.10179591178894
44.241836071014404
43.34736466407776
42.6011745929718
43.03575658798218
42.5457706451416
43.266454458236694
42.137359857559204
40.97102904319763
40.05106472969055
43.28146171569824
42.06151723861694
42.65851330757141
42.36462378501892
42.044434785842896
43.14659404754639
42.16916608810425
43.51549768447876
43.41964149475098
43.04744577407837
42.790236711502075
42.160999059677124
43.319689989089966
42.69402289390564
42.79999136924744
42.785086154937744
42.420042514801025
42.98829531669617
41.632458448410034
42.4720618724823
41.689379930496216
43.125476360321045
42.15986490249634
43.42787218093872
42.23846197128296
43.23533320426941
43.23613667488098
42.524147748947144
43.054306745529175
44.26336860656738
42.42230844497681
42.04115271568298
42.34900188446045
42.58912467956543
43.04689264297485
39.42448592185974
39.85013699531555
42.566404819488525
42.833290100097656
38.538991928100586
42.759560108184814
43.622817039489746
42.50713872909546
42.787208795547485
43.166829109191895
42.752254247665405
42.675960063934326
43.04233360290527
42.865697383880615
42.386616230010986
42.13864183425903
42.54656624794006
42.68361687660217
42.796184062957764
42.597646713256836
42.15343523025513
42.61440920829773
42.79636764526367
42.7083466053009
40.24250912666321
40.29045534133911
41.69289708137512
44.22635102272034
43.26252365112305
33.048542499542236
40.75266981124878
43.140891790390015
42.27340483665466
41.705745697021484
42.316290855407715
42.977622985839844
43.386250734329224
43.232848167419434
42.31630873680115
42.82707619667053
42.43947124481201
42.28359317779541
43.72097826004028
43.184406042099
42.50832772254944
43.05966854095459
42.30627799034119
38.53467059135437
39.28381586074829
43.0405707359314
42.33355474472046
42.41176652908325
41.978832960128784
44.167712926864624
42.2490017414093
42.49139618873596
42.70755362510681
42.30615758895874
42.64940881729126
43.55946230888367
42.963743686676025
43.042771100997925
43.140522480010986
34.692179918289185
34.748963594436646
42.714179277420044
43.0305860042572
44.26491689682007
42.61234474182129
43.032248973846436
41.437015533447266
42.031365633010864
42.660452365875244
42.65362882614136
42.19500970840454
42.50708627700806
42.89608669281006
42.474668979644775
42.58921527862549
43.319063901901245
39.828551292419434
42.95514726638794
43.35278344154358
43.21791934967041
43.70734095573425
43.709805488586426
42.53102970123291
42.085545778274536
41.94306516647339
42.72445821762085
43.52610421180725
43.33513808250427
42.1816086769104
43.35537552833557
42.029322385787964
42.17678785324097
42.493568658828735
42.18334174156189
39.973360538482666
39.79112482070923
42.808436155319214
43.2631573677063
47.97430777549744
47.45109248161316
42.53927445411682
42.88205933570862
43.64406871795654
42.51386833190918
42.6288423538208
42.660473346710205
37.63028526306152
37.15433955192566
42.79021406173706
42.63112163543701
42.3956081867218
43.067437410354614
42.9131019115448
42.80157828330994
42.534016132354736
43.61671805381775
43.16299247741699
43.03532910346985
43.29401183128357
42.38713026046753
42.84458827972412
42.682313203811646
41.64932918548584
42.18830990791321
42.8513503074646
42.1143434047699
42.62529993057251
42.935256242752075
42.57184338569641
44.47908425331116
44.090943336486816
42.39125061035156
43.06292104721069
42.98353719711304
42.95865559577942
42.30314564704895
40.87411308288574
40.66895914077759
42.071606397628784
47.3079936504364
43.90136241912842
43.341469526290894
42.99163460731506
42.3122673034668
43.34500193595886
42.92042803764343
42.26975750923157
42.538357973098755
42.77299523353577
42.90287947654724
42.87354350090027
43.576075077056885
43.299614667892456
43.192442178726196
41.867066860198975
42.2001588344574
42.86298584938049
42.296419620513916
42.73794150352478
42.44780921936035
43.815804958343506
43.57705116271973
42.9118115901947
41.98676681518555
42.77286171913147
42.920998096466064
43.53592610359192
43.03895330429077
43.44101810455322
42.20220589637756
43.065006494522095
40.21894955635071
41.02406454086304
42.97157907485962
42.52997183799744
43.45345664024353
43.12877321243286
42.37178611755371
42.60889673233032
42.58705949783325
43.11678624153137
42.71815466880798
43.116480112075806
41.829336643218994
43.172828674316406
42.58382058143616
43.84547686576843
43.18780255317688
42.018210887908936
43.33205199241638
42.0448100566864
42.60467457771301
42.59457993507385
42.09018564224243
41.882585525512695
44.067582845687866
42.398849964141846
42.159528493881226
42.255735874176025
42.69820547103882
42.239917039871216
39.70108604431152
40.18592405319214
44.585471630096436
42.43351984024048
43.31938409805298
40.40204429626465
41.184749126434326
42.42720317840576
43.12073802947998
43.696431398391724
43.757813930511475
42.73774766921997
42.38633394241333
43.497419118881226
43.53898549079895
43.10248804092407
42.70962333679199
42.89817667007446
42.44453167915344
43.492398262023926
42.49710464477539
42.0821053981781
42.770768880844116
43.596254110336304
42.46877384185791
42.68154311180115
44.08345603942871
42.74739217758179
43.14754891395569
42.163042068481445
42.655585527420044
42.14895033836365
40.622313499450684
40.347068309783936
43.438130378723145
43.67752814292908
43.917492151260376
42.50927686691284
42.69443225860596
43.01881527900696
36.60420775413513
36.26141405105591
42.45920515060425
43.25779914855957
42.502116203308105
42.66240954399109
42.95304846763611
42.93452167510986
43.41617965698242
42.59925889968872
42.27169108390808
43.28652286529541
42.85548782348633
43.17990970611572
43.0734646320343
43.23981595039368
43.90145778656006
35.572508811950684
42.133869647979736
42.56285524368286
42.749528646469116
43.66878890991211
43.205737590789795
42.4824960231781
43.5655198097229
42.363198041915894
42.14460515975952
42.57990479469299
43.518311977386475
43.189297914505005
42.80743765830994
42.938541889190674
42.64903783798218
41.840665102005005
42.79143214225769
42.15154552459717
42.39960789680481
43.67871594429016
42.82182598114014
42.72006177902222
42.83125925064087
42.67419147491455
42.2948637008667
42.26991581916809
42.61191368103027
43.01011514663696
45.38763904571533
42.729915380477905
43.978864669799805
43.16262197494507
42.465771198272705
42.04606747627258
42.553595542907715
42.0719952583313
42.2815055847168
43.251898527145386
43.616536378860474
42.485878705978394
42.43402671813965
42.03118109703064
43.73043441772461
42.44697904586792
43.22207307815552
42.076788663864136
42.32068419456482
42.45301055908203
43.30338907241821
42.76208305358887
42.20921874046326
43.28211998939514
42.83863663673401
42.608389139175415
41.46039867401123
42.16433334350586
41.986082315444946
43.45355749130249
42.86134481430054
39.97418737411499
41.86274862289429
43.44096612930298
42.92723822593689
43.467077016830444
42.92362356185913
43.49805188179016
42.896363973617554
43.56686496734619
42.45591497421265
41.87908458709717
43.02841305732727
43.460458517074585
42.99158215522766
42.46131753921509
43.34114146232605
42.76883387565613
43.072839975357056
42.68913125991821
43.22014117240906
43.04640507698059
43.084676027297974
40.32223582267761
40.8240110874176
43.751452922821045
42.49317717552185
43.23475766181946
42.314770460128784
43.05867600440979
43.715911865234375
43.39069867134094
42.234307527542114
42.71375107765198
42.5884735584259
42.219088315963745
42.72101545333862
42.9730703830719
42.821385860443115
43.75791645050049
41.9425265789032
42.50860595703125
42.090869665145874
42.55810308456421
42.5695161819458
43.11823010444641
42.91047644615173
44.12094807624817
42.972264528274536
42.6821391582489
41.98081707954407
43.00596857070923
42.2278368473053
42.54058814048767
39.80338954925537
40.43890047073364
43.543925046920776
42.062551498413086
42.78363108634949
42.35251331329346
42.9551739692688
42.37371253967285
43.66805601119995
42.0525381565094
43.556923627853394
43.018863677978516
43.32390356063843
42.59547424316406
42.026063203811646
44.434894323349
42.50767111778259
42.872678995132446
42.26492667198181
42.4166898727417
43.238525390625
42.17883777618408
42.08198261260986
40.65749382972717
42.17096424102783
42.398019552230835
42.723785161972046
42.94303035736084
43.653644323349
43.2458176612854
42.63512468338013
42.615262269973755
43.119136095047
42.228973150253296
43.91804480552673
43.1413688659668
42.90358805656433
43.293161153793335
43.297831296920776
42.50506329536438
39.67035675048828
43.20355939865112
42.93477010726929
42.47554659843445
42.671298027038574
42.7731716632843
42.67606329917908
43.3013060092926
42.53361392021179
42.03331971168518
43.06370711326599
42.431668758392334
42.938042879104614
42.5643150806427
42.23607015609741
42.01405358314514
42.63186264038086
42.9593551158905
43.008764028549194
42.60203146934509
42.03767275810242
42.202502489089966
42.58044695854187
43.1008358001709
42.416847467422485
43.204893827438354
43.7480890750885
43.020466327667236
42.22600769996643
42.453264474868774
42.13027739524841
43.15421223640442
39.944369316101074
39.865747690200806
43.269657611846924
42.01466131210327
42.851726770401
36.988083362579346
36.35790538787842
42.38258385658264
42.74892807006836
42.49651122093201
42.63287615776062
43.296008586883545
42.04694175720215
41.78736352920532
43.96720314025879
42.37779903411865
41.9493522644043
40.44706702232361
39.25381565093994
43.429540157318115
43.097270011901855
42.46646809577942
42.78132224082947
43.39846730232239
42.31793427467346
42.691845655441284
42.53293323516846
42.67187762260437
42.53085780143738
43.89251518249512
42.115257263183594
42.52036786079407
42.9070348739624
42.20334458351135
43.079341650009155
40.27722644805908
40.173794984817505
42.577972412109375
42.816399812698364
42.89570665359497
42.17839002609253
42.719226598739624
42.389124155044556
42.69339895248413
43.52548289299011
42.13917088508606
42.80321192741394
42.96749711036682
42.5081512928009
42.542280435562134
42.57305717468262
42.897029876708984
42.77646994590759
42.687259912490845
42.06730937957764
43.80063509941101
42.646270513534546
40.78390836715698
40.719040393829346
43.364336252212524
42.68524622917175
42.80917024612427
39.6899847984314
39.716076374053955
42.74538326263428
42.40315556526184
42.17119646072388
42.72500467300415
42.73176407814026
43.81106519699097
42.027328968048096
43.29473948478699
42.740861654281616
42.44194841384888
42.540404081344604
42.313936710357666
42.275094985961914
41.86955904960632
42.73725891113281
42.93321132659912
42.72352337837219
40.20197892189026
39.98767423629761
42.50680470466614
43.040306091308594
42.5375919342041
42.82256054878235
42.17496609687805
43.21649527549744
42.60098695755005
42.845744132995605
42.495622873306274
42.312602043151855
43.559098958969116
42.63438534736633
42.36829328536987
43.5985848903656
42.35264825820923
42.54684329032898
42.20091533660889
42.617966413497925
42.87552237510681
43.077059745788574
42.29667353630066
42.776345014572144
39.88749408721924
40.53508520126343
43.41541028022766
43.19186043739319
42.16535949707031
40.885127544403076
40.57969689369202
42.38561153411865
43.7668080329895
42.720417499542236
42.53418970108032
42.79834461212158
41.808298110961914
42.431578159332275
42.74460554122925
43.20135021209717
42.11890411376953
43.171682357788086
43.449747800827026
42.61733889579773
43.09543228149414
43.04223108291626
43.443889141082764
41.737019777297974
40.543092250823975
39.706440687179565
43.273093700408936
42.5852530002594
41.019160985946655
42.5732307434082
42.57190251350403
43.28481149673462
42.61795234680176
43.602322816848755
44.044798374176025
43.250364542007446
42.16828536987305
42.568684101104736
42.608797550201416
42.29487919807434
43.190107107162476
42.18039584159851
43.035096406936646
43.38452363014221
42.84062051773071
42.553457736968994
41.93373370170593
42.906195640563965
39.957491874694824
40.11381673812866
42.00675702095032
42.83190202713013
44.288522243499756
43.467501640319824
42.644147634506226
42.43568253517151
42.750787019729614
43.674129009246826
42.62795805931091
43.2854700088501
42.761277198791504
41.79792904853821
42.399776220321655
42.411080837249756
42.231019258499146
43.45168209075928
43.69124698638916
42.410773038864136
42.626542806625366
42.59623622894287
40.68277716636658
40.12177133560181
43.05622124671936
43.50324845314026
39.06176996231079
38.795764446258545
42.8088219165802
43.00767159461975
41.958462715148926
42.152676582336426
42.349265813827515
43.527854919433594
42.05392622947693
42.984479665756226
41.76392889022827
41.918915033340454
43.62031102180481
44.037455320358276
41.88381004333496
42.55539631843567
43.46781253814697
42.7601592540741
39.67888808250427
39.885223150253296
43.395859718322754
42.8682599067688
41.03408098220825
40.20724034309387
43.512104988098145
42.57559537887573
43.27673387527466
42.85180401802063
42.29146337509155
42.78651785850525
42.19591975212097
41.95314908027649
42.38052225112915
42.32871913909912
43.132941246032715
42.85880517959595
42.737459659576416
43.483426332473755
43.76964282989502
43.846070289611816
40.931066274642944
39.66441631317139
41.244802951812744
42.53226399421692
42.690309286117554
39.71259021759033
40.679564476013184
42.54555535316467
43.93154501914978
42.88564491271973
42.003201484680176
44.158483266830444
43.23102927207947
43.46456480026245
44.04598617553711
42.84589910507202
41.70883774757385
43.23198318481445
43.17102932929993
43.42644786834717
43.468782901763916
42.03322672843933
42.24237012863159
42.569204807281494
40.50682520866394
40.60941958427429
40.89544153213501
41.04562735557556
42.84431791305542
43.20574116706848
40.91047406196594
44.19615721702576
42.836944580078125
41.65851330757141
42.90793204307556
43.35665464401245
42.28453803062439
42.20787739753723
43.272956132888794
42.728294372558594
42.05476474761963
43.08200979232788
43.04819440841675
43.39271259307861
42.07760500907898
42.8536639213562
42.50452733039856
42.80657172203064
39.753140449523926
40.52484607696533
42.29070448875427
41.84430193901062
42.36310791969299
43.94222617149353
42.518523931503296
42.18468928337097
43.15923857688904
42.137630462646484
42.819875955581665
43.87619733810425
43.00359630584717
42.77777671813965
42.34559965133667
42.46006655693054
42.59541344642639
42.58782148361206
41.856706857681274
42.93055772781372
43.27092361450195
42.25475001335144
42.42810559272766
40.8254714012146
40.72726488113403
42.50125455856323
40.10426115989685
42.19602990150452
42.70434236526489
41.54618692398071
38.967381715774536
42.04322099685669
43.267285108566284
42.65862679481506
43.67763638496399
43.01832175254822
42.851648569107056
44.17803645133972
43.12859511375427
42.71731758117676
42.36694049835205
43.481282234191895
42.84244108200073
43.272767066955566
43.4488685131073
42.71396732330322
42.83269906044006
43.47514319419861
40.09097194671631
39.833831787109375
43.17171120643616
40.15322256088257
43.2027485370636
40.69773888587952
42.61983895301819
42.62000274658203
43.55012845993042
43.80203366279602
43.17424154281616
43.82432293891907
42.21878099441528
42.418259143829346
42.04598045349121
42.35520267486572
43.11232042312622
42.59977316856384
43.43669104576111
42.949917793273926
42.35556650161743
43.29885935783386
42.57540488243103
41.128936529159546
39.79792594909668
42.64762759208679
43.75164723396301
40.75503611564636
40.198970317840576
42.856558322906494
42.228283166885376
41.54103374481201
42.10148763656616
43.19633960723877
43.62928533554077
42.23302507400513
42.93720722198486
42.36621809005737
41.81366324424744
42.96128869056702
42.62341642379761
42.483628273010254
42.256022214889526
41.97897410392761
42.43407869338989
42.447078704833984
40.09899568557739
40.85825276374817
40.13744831085205
40.44824528694153
42.474173069000244
39.456382513046265
40.83283090591431
43.04050874710083
42.53095459938049
43.055599212646484
43.19240927696228
42.208101987838745
42.84044313430786
43.22914433479309
43.254225730895996
42.822656869888306
42.68730187416077
42.68412709236145
42.74169301986694
42.23362994194031
42.15341591835022
43.149375438690186
42.799577474594116
43.48399114608765
39.86830949783325
39.64954710006714
39.71760535240173
43.14853835105896
42.18749952316284
43.277308225631714
42.39433741569519
42.39453983306885
42.949471950531006
42.414551973342896
42.704378843307495
42.559733152389526
42.84669518470764
43.363702058792114
43.691749811172485
42.849183797836304
43.34733510017395
42.69786500930786
42.415234088897705
42.624170780181885
43.08824849128723
40.47551608085632
39.423255443573
42.105435848236084
43.68200469017029
40.518155336380005
40.3903751373291
42.786622524261475
42.57709503173828
42.8332781791687
42.38554906845093
43.21864199638367
43.07212448120117
43.660139083862305
43.04086899757385
43.146485567092896
42.79959464073181
44.16266703605652
41.92821168899536
42.93927621841431
42.3794469833374
42.678678035736084
43.484482526779175
42.21845102310181
40.68944334983826
40.25178813934326
43.09553241729736
39.893433570861816
41.88609528541565
41.11829447746277
42.39733839035034
43.39487028121948
43.064005851745605
42.764376163482666
42.395172119140625
42.924108266830444
42.653552532196045
42.23852467536926
42.941888093948364
42.64805579185486
43.361757040023804
43.21391010284424
42.26553392410278
43.29355263710022
42.95074391365051
43.96866273880005
42.5287561416626
40.058937549591064
40.450443744659424
42.9888482093811
42.232064962387085
40.996076345443726
41.152780532836914
43.107091665267944
42.84360313415527
42.72871685028076
42.64308404922485
43.26960849761963
42.57758617401123
42.889782190322876
42.28811001777649
42.62065005302429
42.09541869163513
42.836909532547
41.83107042312622
42.59202837944031
43.0964515209198
42.85355091094971
43.118263959884644
42.60884165763855
40.10819864273071
40.99371886253357
42.03523635864258
42.48813438415527
40.206039905548096
39.93076038360596
42.52569365501404
43.202001333236694
42.48505997657776
42.95240235328674
41.93682909011841
42.16667675971985
41.60694408416748
44.31246566772461
42.76160502433777
42.053285360336304
42.68246674537659
42.08259582519531
42.3495831489563
43.516735792160034
43.217772006988525
42.2260537147522
43.15090250968933
40.785414934158325
39.768452167510986
42.35074496269226
43.307961225509644
40.8008246421814
39.52896070480347
42.3398220539093
43.41786575317383
43.011980295181274
42.97275638580322
43.04918146133423
42.70806837081909
42.790772438049316
42.422773361206055
42.45332384109497
42.30534911155701
42.462483644485474
42.68364715576172
42.95963191986084
43.13239598274231
43.944799184799194
43.60733151435852
43.02083778381348
40.646620750427246
39.62601661682129
43.35421943664551
43.09996700286865
39.970192670822144
39.98526906967163
42.71426272392273
43.81731581687927
42.2742760181427
42.555513858795166
42.570428133010864
42.237937450408936
42.680201292037964
42.608500957489014
42.21805024147034
43.32089924812317
42.0661256313324
42.33373951911926
42.83559584617615
42.24846291542053
41.41901159286499
43.31971073150635
42.5649619102478
39.95068097114563
39.907942056655884
42.65694332122803
43.10217642784119
40.7280912399292
40.01405644416809
42.209561824798584
42.68590784072876
41.71200251579285
43.049495697021484
44.130988359451294
42.61050271987915
42.57119178771973
42.80155038833618
42.41227197647095
42.5378143787384
42.5448842048645
43.074724435806274
41.34519696235657
42.66634464263916
42.63467311859131
43.939388275146484
42.448601722717285
40.037091970443726
39.84748864173889
40.28798151016235
42.72017049789429
39.7196102142334
40.14528250694275
44.035836696624756
42.36401057243347
42.677714586257935
42.79093337059021
43.520761251449585
43.4684374332428
42.59199857711792
42.913079261779785
41.98306322097778
42.356651306152344
42.68763065338135
43.62352800369263
43.14823246002197
42.5453200340271
41.49227547645569
43.151856660842896
43.19701170921326
40.251868724823
40.32636475563049
42.57204532623291
40.07836437225342
42.3178596496582
39.70569682121277
40.27250790596008
43.028565883636475
43.75508952140808
42.064526319503784
42.9761803150177
42.183995723724365
42.39502811431885
43.301090717315674
42.53476810455322
42.36120390892029
42.03865456581116
42.95401096343994
43.04652762413025
42.63449788093567
42.49445962905884
41.95512008666992
42.68584227561951
42.01205492019653
39.78379249572754
39.86080360412598
40.341740131378174
39.6939697265625
42.859978914260864
42.48753070831299
42.862969636917114
43.551098108291626
43.071590185165405
42.66631746292114
43.370203733444214
43.47785830497742
42.52350878715515
42.4653434753418
42.55257749557495
43.02536368370056
43.594597816467285
43.01303577423096
42.336244344711304
41.87631559371948
43.5184862613678
43.47711753845215
39.902299880981445
40.22599935531616
40.626341342926025
39.412765979766846
40.10351300239563
42.52021336555481
42.861019134521484
43.12377715110779
42.060900926589966
43.376572132110596
42.69775104522705
42.73782277107239
42.21856737136841
42.139748096466064
42.408647537231445
42.622008323669434
43.040858030319214
42.8778772354126
43.80153465270996
42.94396424293518
43.212316274642944
42.35195279121399
42.73258590698242
39.668766498565674
40.95175647735596
42.19848608970642
40.022125482559204
39.22597551345825
42.900800466537476
39.59765911102295
39.434181690216064
42.02017903327942
42.60822033882141
42.198145389556885
42.68725514411926
43.393847942352295
42.72437787055969
42.333080768585205
42.5932559967041
42.49346685409546
42.99137496948242
42.19737195968628
41.980493783950806
42.446105003356934
42.620296478271484
42.382118225097656
42.773422718048096
43.44477128982544
40.11784315109253
39.96847581863403
40.05646228790283
41.447014808654785
39.982648849487305
43.27514028549194
43.55876040458679
42.764918088912964
43.771278858184814
42.699697732925415
41.999489545822144
42.38303542137146
42.36536765098572
42.47014784812927
41.599693775177
43.39315629005432
42.71576166152954
42.2056348323822
43.45447134971619
43.028239011764526
42.49769163131714
42.62528944015503
42.776514291763306
40.23274803161621
40.35301971435547
40.39249634742737
40.42636752128601
39.828569650650024
42.852338552474976
42.7707314491272
42.89714813232422
42.24227714538574
42.407697916030884
42.49797010421753
43.73177909851074
44.11357808113098
42.496115922927856
42.184292793273926
42.45126414299011
42.80813932418823
42.59634184837341
42.26698088645935
43.943456172943115
43.99546718597412
43.71866178512573
42.39227604866028
39.82140827178955
40.39182806015015
39.85566210746765
40.33469319343567
40.07386660575867
42.13158440589905
42.313621044158936
42.70994567871094
43.025700092315674
43.24737238883972
42.695451498031616
42.48747801780701
43.273722410202026
43.01290965080261
42.760608196258545
43.07433724403381
42.41509962081909
42.42097091674805
43.1480348110199
42.93385577201843
42.0033757686615
40.241007566452026
40.30833983421326
41.100348472595215
39.768019676208496
41.12312150001526
40.14852857589722
42.18580341339111
42.5296630859375
42.466238021850586
42.805338859558105
43.83875823020935
42.72636318206787
43.070993423461914
42.64905381202698
42.28649878501892
42.576966762542725
43.73564887046814
42.519131660461426
42.51560688018799
41.91118550300598
42.90691924095154
43.30065369606018
43.03321123123169
42.93667960166931
39.87021994590759
39.68043065071106
40.21097445487976
40.68792104721069
39.96409606933594
44.0827739238739
42.353872537612915
42.55776786804199
42.708011865615845
43.41083836555481
42.65414810180664
42.1640350818634
42.422866106033325
42.112935066223145
42.91302037239075
42.90608549118042
42.78959083557129
42.59462022781372
43.32233023643494
42.72669053077698
43.32690668106079
42.65796875953674
42.14783000946045
40.224117279052734
39.96005392074585
43.471184730529785
40.19391202926636
40.83538246154785
43.696425437927246
42.16296625137329
43.03435564041138
42.51247811317444
43.04883170127869
42.641886472702026
42.30980467796326
43.25473165512085
44.33890891075134
42.4685640335083
42.623663902282715
42.4853777885437
42.96218299865723
42.00174427032471
43.94753313064575
42.948134422302246
40.176528215408325
40.296655893325806
42.92250657081604
42.664445638656616
39.65456700325012
41.27819776535034
42.90251398086548
42.810492515563965
42.67808151245117
42.06961941719055
43.060028314590454
42.85922169685364
42.30427408218384
42.9758939743042
43.220165729522705
42.88476872444153
43.99463176727295
43.03957939147949
42.62975764274597
42.38146734237671
42.27127933502197
42.44757962226868
43.88875603675842
40.332844495773315
40.330628871917725
42.45037651062012
42.986597537994385
40.04552412033081
40.35708713531494
42.11184120178223
42.46306777000427
43.23512578010559
42.60696601867676
43.057286500930786
42.92061161994934
42.490920066833496
43.08205270767212
43.56995987892151
42.21634006500244
42.43412232398987
41.464834451675415
42.25475740432739
42.56917476654053
42.95971918106079
42.37574124336243
42.43635964393616
39.872949838638306
40.348825454711914
42.950761556625366
39.540915966033936
40.21187376976013
42.9860782623291
41.926852226257324
43.265742778778076
43.4048273563385
42.69706892967224
42.01638460159302
43.01171135902405
42.2970449924469
42.385539293289185
42.58839702606201
42.76877164840698
42.76714015007019
43.21193194389343
42.511690855026245
42.41719937324524
42.13329792022705
44.02392625808716
42.825483560562134
40.45632863044739
39.70625853538513
