35.00508689880371
35.05894422531128
34.90626502037048
35.180890798568726
35.04256820678711
35.89113163948059
34.59828734397888
35.01610350608826
34.64298892021179
34.65128755569458
34.44413733482361
34.63528823852539
34.485512018203735
34.44499230384827
34.28398132324219
34.70846104621887
35.32540845870972
35.977487564086914
35.244301319122314
35.45882225036621
36.20558428764343
34.13244009017944
36.1931357383728
33.98769187927246
35.422964572906494
34.158600091934204
35.39341068267822
33.69556212425232
34.24124097824097
34.29980492591858
34.621986389160156
35.138603925704956
34.74389600753784
35.156341791152954
34.75485277175903
34.60428786277771
34.32997989654541
34.84273433685303
35.432095766067505
34.98935556411743
35.15125823020935
34.486961364746094
35.78095984458923
35.693475008010864
35.0072922706604
35.49248385429382
35.501001834869385
35.796361207962036
34.16521143913269
36.61958408355713
34.23855948448181
36.20273208618164
34.14846062660217
35.71743893623352
34.19553589820862
34.831538677215576
35.33547616004944
34.84168767929077
34.64709711074829
35.421894788742065
34.73890829086304
35.12476325035095
35.225645780563354
34.411884784698486
34.523951292037964
34.75326704978943
35.338754177093506
35.01624369621277
35.07518148422241
34.640361070632935
34.84772706031799
35.105687856674194
34.657729625701904
36.28168058395386
34.30139112472534
35.62367606163025
35.5915322303772
34.220643520355225
34.46656346321106
34.96148324012756
35.74236297607422
34.8672616481781
34.999762773513794
34.56261324882507
34.7727952003479
34.678749322891235
34.81457734107971
34.23179864883423
34.43555998802185
35.75615167617798
34.55673670768738
35.941781759262085
35.54556345939636
35.56699752807617
35.89861011505127
34.621888399124146
35.15030837059021
35.172322034835815
33.66359806060791
33.257635831832886
34.43310284614563
34.24762153625488
33.34879207611084
33.3475456237793
32.96271729469299
33.897568225860596
33.04160666465759
33.893301486968994
33.170494079589844
33.672826290130615
33.32538723945618
33.393826484680176
33.82498073577881
33.13726878166199
33.49598288536072
33.634631633758545
35.11570405960083
33.2036714553833
33.99953532218933
33.441224813461304
34.681082248687744
33.749714612960815
34.28067493438721
33.715861320495605
33.54257655143738
33.06238007545471
33.40548276901245
33.24178194999695
33.291781187057495
33.38368105888367
33.99145007133484
33.953065395355225
33.248045206069946
33.15810990333557
33.319846630096436
33.73321318626404
33.53696846961975
33.036436796188354
34.01825261116028
34.023860692977905
33.516905069351196
33.101757764816284
34.08200407028198
33.50204038619995
35.10843753814697
33.14289927482605
33.98030376434326
34.51350665092468
33.73300909996033
34.47402811050415
33.54743432998657
34.06097221374512
33.63212323188782
33.917391300201416
33.264870405197144
34.26939868927002
33.42425346374512
33.35893225669861
33.30041527748108
33.15744352340698
33.83273220062256
33.18623447418213
33.0739586353302
33.2662832736969
33.832332134246826
35.06760215759277
33.17435312271118
33.45693397521973
33.562867641448975
35.01933789253235
33.174195528030396
34.70841932296753
34.69929647445679
32.96866464614868
33.754255533218384
33.98197317123413
33.39207482337952
33.64554214477539
33.72671627998352
33.77257323265076
34.18566536903381
33.14293122291565
33.74367427825928
34.0767662525177
32.96702218055725
33.43242835998535
33.16924571990967
33.25621271133423
33.28240966796875
34.20792531967163
33.62416338920593
33.468647718429565
33.33829164505005
34.22367215156555
33.88065314292908
33.26644968986511
35.211581230163574
32.88381361961365
33.68093800544739
34.27807831764221
33.566585302352905
33.805277585983276
34.781360149383545
33.25026893615723
33.44242978096008
33.62563920021057
33.086164236068726
32.94825100898743
33.42779541015625
33.17552900314331
33.33297300338745
33.176440477371216
33.869741439819336
33.89555263519287
33.368364572525024
33.41485929489136
33.918755769729614
33.294055461883545
33.156001329422
33.65350413322449
33.03557991981506
34.19839668273926
34.23151612281799
34.600329637527466
33.34710383415222
34.90717172622681
33.51026248931885
34.380104303359985
33.32232332229614
34.13561534881592
34.0992386341095
33.18322229385376
32.90617823600769
32.81032419204712
33.62638187408447
34.04686665534973
33.53271245956421
33.557132720947266
33.39185380935669
33.42873692512512
33.470893144607544
33.34717082977295
33.1006133556366
33.42248344421387
33.41762685775757
33.3536491394043
33.008435010910034
33.892343521118164
33.47287392616272
33.99258065223694
33.7603280544281
34.835737228393555
34.133848905563354
33.22467637062073
35.031309843063354
33.76282286643982
34.0193817615509
34.72742581367493
33.454124212265015
33.298129081726074
33.01370334625244
33.80927777290344
32.92771911621094
33.76584243774414
33.987701416015625
33.54084086418152
33.54931974411011
33.232065200805664
33.23601818084717
34.72999024391174
33.37577176094055
33.21704721450806
34.19773292541504
33.59176182746887
34.28682351112366
33.58227252960205
33.744624853134155
34.4549081325531
33.516315937042236
34.0448694229126
33.60318851470947
34.58439564704895
33.031782388687134
34.14924144744873
33.50066900253296
33.29932904243469
33.14872622489929
33.6030330657959
32.894731283187866
33.87782025337219
33.38412809371948
33.94921374320984
33.31853723526001
33.7866051197052
33.4725079536438
34.23649311065674
33.59257102012634
33.52933430671692
33.66266965866089
33.05379676818848
34.08572030067444
33.75945687294006
33.53615188598633
33.03852367401123
33.51034593582153
32.76280999183655
34.918476581573486
33.50463843345642
33.56217432022095
34.343661069869995
33.40624976158142
34.543933153152466
33.18115019798279
33.54139852523804
34.01491165161133
34.28199577331543
33.473745822906494
34.19167518615723
33.41622710227966
33.13796663284302
33.6248300075531
33.23493480682373
33.340802907943726
33.32880783081055
33.86022114753723
33.26021718978882
33.51690435409546
33.27562642097473
33.717203855514526
33.64087414741516
34.13000249862671
33.716331243515015
33.970096588134766
33.68705081939697
35.58208417892456
33.46877408027649
34.15364170074463
33.24281430244446
34.27112698554993
33.58146142959595
33.18938064575195
33.64887857437134
33.51132941246033
34.26775503158569
33.15099263191223
33.386011600494385
33.84397029876709
33.49886679649353
33.68507671356201
33.5730459690094
33.46706438064575
33.27368998527527
33.68600511550903
33.005661964416504
34.35529041290283
33.16605758666992
33.30182433128357
33.31267046928406
33.31895971298218
34.16096305847168
33.851693868637085
33.03397750854492
34.73228406906128
34.19291043281555
33.27333688735962
33.985180616378784
33.72112488746643
34.57462954521179
33.64867353439331
33.434409618377686
33.077258825302124
33.540544271469116
33.82291603088379
33.361013650894165
33.541086196899414
33.16855788230896
34.00358510017395
33.58024716377258
34.20675253868103
33.985445737838745
33.89701581001282
33.34552478790283
33.4057412147522
33.437809228897095
34.246037006378174
33.43894577026367
32.92041325569153
34.00102400779724
34.879708766937256
33.80595922470093
34.41177725791931
34.18527054786682
34.032670974731445
33.90798878669739
33.5853967666626
34.387558937072754
35.55465388298035
33.1423921585083
34.44328188896179
34.25893831253052
33.126192808151245
33.491963148117065
33.65295338630676
33.24737524986267
34.48898386955261
33.1485915184021
33.130669593811035
34.07997393608093
33.99616575241089
32.88892602920532
34.42797565460205
32.89740824699402
33.045881271362305
34.386730432510376
33.716283559799194
33.51184630393982
33.021244287490845
33.01602602005005
33.883050203323364
32.99595284461975
33.87398386001587
33.59974718093872
33.047489643096924
33.392621994018555
33.12873959541321
33.57173299789429
33.62483787536621
33.95262551307678
33.67696785926819
33.307374000549316
33.67832398414612
33.41938066482544
32.866002559661865
33.30797863006592
33.41657328605652
34.146939754486084
33.734862089157104
33.598241567611694
33.09357690811157
32.872846364974976
33.447160959243774
33.18670606613159
33.076717138290405
34.131277084350586
33.475889682769775
33.564788818359375
33.23071050643921
33.5480580329895
33.806411027908325
33.71237254142761
32.92526459693909
34.0182409286499
33.37782335281372
33.43723487854004
33.57065749168396
32.818968057632446
33.968807220458984
33.537041902542114
33.243871212005615
33.21111726760864
32.774102449417114
32.99729609489441
34.278666973114014
32.85949659347534
33.94786024093628
33.62053084373474
33.381134271621704
33.30057883262634
34.447988510131836
34.10209059715271
33.443589210510254
33.99623084068298
33.42751097679138
33.32850956916809
34.358373165130615
33.20162010192871
33.06081771850586
33.10196089744568
33.43157625198364
32.927348375320435
33.2877140045166
33.21310758590698
33.31756949424744
33.78242778778076
33.353657960891724
33.35029911994934
33.89937472343445
33.29863381385803
35.26407241821289
33.797775983810425
33.41162300109863
33.945114850997925
34.020634174346924
33.632503509521484
34.58766984939575
34.2193067073822
33.4263482093811
34.16032147407532
33.56540894508362
33.17465019226074
33.27034091949463
32.85930371284485
33.42099618911743
34.10809946060181
33.11157846450806
33.200632095336914
34.0121431350708
33.5568425655365
33.51472496986389
33.15992569923401
33.09538412094116
33.410979986190796
33.7207932472229
33.42161440849304
33.43433904647827
33.93873643875122
33.21990919113159
33.3388512134552
33.273653507232666
34.06264805793762
33.46276926994324
33.42097449302673
33.33905577659607
33.458454847335815
33.935901165008545
33.710763931274414
33.72785973548889
33.66538429260254
33.4197142124176
33.52431583404541
32.90933871269226
33.159745931625366
33.54280090332031
32.96319627761841
33.67210507392883
33.28169846534729
33.58266615867615
33.62691569328308
33.13579297065735
32.90388011932373
33.002325773239136
33.58784770965576
33.40855264663696
34.12819004058838
33.33618497848511
33.27698493003845
32.84014105796814
34.088114500045776
33.25139117240906
32.972548484802246
33.04041814804077
33.33885192871094
34.093992948532104
33.3782217502594
33.23769450187683
33.29860711097717
33.490286111831665
33.21270561218262
34.18282222747803
33.63591384887695
33.816855907440186
34.245707750320435
33.34411978721619
35.666788816452026
33.48466396331787
33.54268169403076
33.05977702140808
32.970741510391235
33.67870807647705
33.26860451698303
33.59957027435303
34.0835964679718
33.0560097694397
33.72100234031677
33.68435716629028
33.28760004043579
34.03536939620972
33.35580825805664
33.51897072792053
32.95991539955139
33.54895806312561
33.873467206954956
33.14235758781433
33.886924505233765
34.56794023513794
33.5116970539093
33.71851992607117
33.30108046531677
33.895923137664795
33.32863187789917
33.45446705818176
35.76573348045349
33.3220272064209
33.35390591621399
34.164265871047974
33.87802290916443
33.35293650627136
32.983452558517456
33.94264030456543
33.52999401092529
33.656949281692505
34.0103919506073
33.74693584442139
33.400821924209595
33.43249487876892
33.6006805896759
33.738208055496216
33.77725291252136
33.46883463859558
33.66968035697937
33.21954798698425
33.710302114486694
32.98468255996704
34.363982915878296
33.69193387031555
33.90915489196777
33.887399673461914
33.31809949874878
33.2714102268219
33.672404289245605
33.632465839385986
32.84460496902466
33.52781867980957
33.38881540298462
33.16977286338806
33.330524921417236
34.60389590263367
33.91045928001404
34.687878131866455
33.507790327072144
33.8253698348999
33.820131063461304
33.203484773635864
33.75056052207947
33.3317551612854
32.93859601020813
32.82758808135986
33.71471333503723
33.34822607040405
34.327964067459106
33.49303650856018
33.769959449768066
33.53139305114746
33.998366594314575
33.51426839828491
35.56364393234253
33.719266176223755
33.174346685409546
33.718812704086304
33.60286045074463
33.1782021522522
33.287638664245605
33.59683609008789
32.82597899436951
33.044084548950195
32.98596501350403
33.20822072029114
33.97231435775757
34.204118490219116
33.98605275154114
33.24589824676514
33.301321029663086
33.5065495967865
34.21865200996399
33.51916193962097
32.9787437915802
33.59476852416992
33.45541024208069
34.32559537887573
33.95290422439575
34.006596326828
33.819324254989624
33.56151461601257
33.432597160339355
33.51219606399536
34.20353889465332
33.30744481086731
33.53314685821533
33.432502031326294
33.410317182540894
33.61762881278992
33.40013790130615
33.38887977600098
33.29415273666382
33.30614757537842
32.81853008270264
32.837634325027466
33.4584174156189
33.41291618347168
34.428733825683594
33.08736991882324
33.3913209438324
33.12427067756653
33.35305619239807
33.59081292152405
33.23496198654175
33.46172380447388
33.443660497665405
33.39777374267578
34.18019247055054
33.41041564941406
33.19981122016907
33.164124727249146
33.12499451637268
34.440184116363525
33.62882709503174
33.1275794506073
33.67685866355896
33.08921813964844
33.211307525634766
33.97915482521057
33.33021068572998
33.25186204910278
33.16199803352356
34.83846306800842
32.84059429168701
33.6815721988678
32.99475622177124
34.254087924957275
34.388548135757446
33.8746657371521
34.260581970214844
34.06852412223816
33.19257831573486
32.90066623687744
34.0964093208313
33.33878016471863
33.047611951828
33.20886015892029
32.7405731678009
33.4859504699707
33.14382362365723
33.614996910095215
34.00114822387695
33.07858347892761
33.03665828704834
33.809290409088135
33.344330072402954
33.89566993713379
33.039812088012695
33.51912808418274
33.21262884140015
32.79331135749817
32.92757797241211
33.32359981536865
33.20262575149536
32.63987946510315
33.640867471694946
34.583637714385986
34.36571741104126
34.52854943275452
33.370986223220825
33.286112785339355
33.155359983444214
32.79538941383362
32.9447135925293
33.01582217216492
33.3378701210022
33.19637393951416
32.950093030929565
33.03195929527283
33.40771126747131
33.4162220954895
33.27420425415039
33.29758429527283
33.405149936676025
33.47420573234558
33.76664638519287
33.3063805103302
34.26329302787781
34.36704230308533
33.55275750160217
33.36093521118164
33.4118230342865
33.11225152015686
33.91337013244629
34.03590536117554
32.60757493972778
34.27412986755371
33.881038188934326
32.85822606086731
33.49656581878662
32.81044602394104
32.873619079589844
32.97478914260864
34.089858293533325
33.247840881347656
32.79642081260681
33.49905848503113
33.36646318435669
33.928643465042114
33.13455843925476
32.90358233451843
33.15139555931091
33.74565529823303
33.415067195892334
32.679723024368286
33.02515649795532
33.35731530189514
33.640172719955444
33.66589403152466
32.88745045661926
34.0648729801178
33.42412757873535
33.8303964138031
33.54658818244934
33.667590856552124
33.92388677597046
33.13785362243652
34.225956439971924
33.33411884307861
32.92913746833801
33.236533403396606
33.342846393585205
33.544469594955444
33.68417716026306
33.28289008140564
32.85167860984802
33.404247760772705
33.484004497528076
33.403862953186035
33.73558974266052
33.43322134017944
33.13476252555847
33.670690059661865
33.46802234649658
33.21524119377136
33.20022797584534
32.73898363113403
32.8958477973938
32.99402952194214
33.72273135185242
33.15288686752319
34.34229111671448
34.2981014251709
33.379152059555054
33.31745958328247
33.473860025405884
33.134018421173096
33.42920684814453
33.04887652397156
33.0939404964447
33.189326763153076
33.86933994293213
33.19130563735962
33.60692477226257
33.625126123428345
33.33235502243042
33.32061433792114
33.63528776168823
32.921287059783936
33.081849336624146
33.3315634727478
33.4632408618927
33.30531573295593
33.3582546710968
33.74349904060364
33.824012994766235
33.99354147911072
34.48533010482788
33.62462902069092
32.66645097732544
36.00187349319458
32.82200789451599
33.54937505722046
33.32514142990112
33.37133502960205
33.08086705207825
32.61981248855591
32.94097328186035
32.7907919883728
32.998112201690674
33.207727909088135
32.814688205718994
32.742401361465454
33.24254083633423
33.397685289382935
33.4767529964447
32.85343074798584
32.987119913101196
33.17822527885437
34.03807520866394
33.337451219558716
34.51363968849182
32.87851166725159
33.289573431015015
34.01475524902344
33.13199067115784
33.276511669158936
33.77975344657898
33.39483666419983
33.14181852340698
33.482303619384766
34.743664264678955
32.944397926330566
34.0630886554718
32.91264271736145
33.792359352111816
33.22660255432129
33.49885082244873
33.47146677970886
32.98455786705017
33.32735085487366
33.02975583076477
33.40648698806763
33.63470935821533
34.75186014175415
34.3697783946991
33.323081731796265
33.55076789855957
33.17597842216492
33.63100814819336
33.948132276535034
34.16954708099365
33.358036518096924
33.88189077377319
32.946802854537964
33.52476787567139
33.26365923881531
34.143200635910034
32.860100984573364
32.99950432777405
33.1575026512146
34.836427450180054
33.86768054962158
33.51528835296631
33.255836486816406
33.508705615997314
33.28986620903015
33.053306341171265
33.10379123687744
33.38479042053223
33.143139600753784
33.98182415962219
34.058767557144165
33.399662733078
33.321441888809204
34.261465072631836
35.05770015716553
33.81700038909912
34.060580253601074
33.184293031692505
32.493276834487915
34.50891709327698
33.3554527759552
32.98916029930115
33.12208032608032
33.52629017829895
33.23968744277954
33.97406530380249
33.3348331451416
32.672154664993286
32.78954815864563
35.09411334991455
33.03010296821594
33.36488056182861
33.23198676109314
33.598552942276
33.056405782699585
33.14756417274475
33.264158725738525
33.31971883773804
34.073089838027954
32.70539426803589
32.85281491279602
33.16069197654724
32.947540521621704
33.43876791000366
34.3212628364563
32.58014154434204
34.052332639694214
34.520819664001465
33.46313452720642
32.94963312149048
33.64257502555847
33.06286001205444
32.923925161361694
33.10828971862793
33.25458025932312
33.49742913246155
32.852328062057495
33.2878999710083
33.258055686950684
33.867525577545166
34.824525117874146
33.25791144371033
33.03442883491516
33.67862391471863
33.20785140991211
32.68604230880737
33.55872321128845
33.11878275871277
32.820812463760376
33.748419761657715
33.5592679977417
33.335641384124756
33.333491802215576
33.07119035720825
32.82408332824707
35.03062415122986
32.81307935714722
32.943294525146484
34.619314432144165
32.88658285140991
32.89996290206909
33.05004858970642
32.53697848320007
33.85325360298157
32.67129325866699
33.812392234802246
33.642775535583496
32.955729961395264
32.9542191028595
33.23233079910278
34.10699653625488
33.73696041107178
35.49036383628845
33.14068293571472
33.36716628074646
34.851621866226196
33.26629710197449
33.47641086578369
32.84091067314148
33.0397047996521
32.45448446273804
33.403950452804565
33.809082984924316
34.085657596588135
33.83697748184204
33.7866644859314
32.99672198295593
33.278881549835205
33.38893985748291
32.96268272399902
33.216362953186035
34.18515062332153
33.128174781799316
34.1164972782135
33.4185733795166
33.73336672782898
34.047088861465454
33.30570602416992
33.522122383117676
33.52435040473938
33.29894685745239
33.17480397224426
33.04832935333252
33.89604377746582
33.63560628890991
33.39398670196533
32.66387367248535
33.45225644111633
33.75258660316467
33.994558811187744
32.982473850250244
34.026726484298706
32.9880166053772
33.43940854072571
33.29883170127869
32.75508785247803
33.1457884311676
33.55098628997803
32.95373010635376
34.44563412666321
34.11971592903137
34.10790729522705
33.918306827545166
34.0145468711853
33.93038606643677
32.93388509750366
32.95570230484009
34.404011487960815
33.69587302207947
33.498738288879395
33.52602005004883
32.844120264053345
33.10747575759888
33.311115026474
33.33548879623413
33.89614391326904
33.01048040390015
34.355053424835205
33.02586054801941
33.53062844276428
33.92158317565918
33.76492762565613
33.137502908706665
32.86488914489746
33.150537729263306
33.49048185348511
34.84130549430847
33.144667863845825
32.894503593444824
33.053701639175415
33.576356172561646
33.20664429664612
33.88642334938049
33.790223598480225
33.18552541732788
32.947179079055786
33.11850309371948
33.69864463806152
32.925761461257935
33.28669190406799
33.4070942401886
34.39403748512268
32.71906352043152
33.93003010749817
32.96176600456238
33.08453607559204
33.43067383766174
33.39827036857605
34.445045948028564
32.91905975341797
34.65271544456482
33.75362801551819
33.22701692581177
33.939107179641724
33.006608963012695
33.55100131034851
34.17551589012146
34.27081060409546
33.20336723327637
33.070932149887085
34.52999711036682
33.34909629821777
33.16046333312988
32.829384088516235
34.363603353500366
32.9473671913147
32.63234877586365
33.4469792842865
33.92168068885803
33.23062324523926
33.462597131729126
33.79755640029907
33.25571799278259
33.23425316810608
34.47023320198059
34.6399450302124
32.77778959274292
33.486464738845825
34.29683756828308
33.584513902664185
33.32618522644043
33.19389224052429
33.737608671188354
33.271870851516724
32.80181622505188
33.16414546966553
32.93452453613281
33.30960774421692
33.64167809486389
33.07281827926636
33.10654830932617
33.93802309036255
33.91459894180298
33.8828444480896
34.064701080322266
33.05881690979004
33.03250765800476
33.09005117416382
32.95545148849487
34.17925977706909
32.95230197906494
33.8040668964386
32.82299828529358
32.933334827423096
32.92575812339783
33.238105058670044
35.378522634506226
34.70027470588684
33.42479586601257
32.67966175079346
33.064706802368164
33.13421940803528
33.152294874191284
33.523470640182495
32.85447454452515
33.306294679641724
33.04109597206116
33.870513916015625
32.959874391555786
33.523308992385864
33.88341569900513
33.74782586097717
33.47718024253845
32.92785930633545
33.435633182525635
33.506487131118774
33.650373697280884
33.56949710845947
33.389265298843384
34.067851066589355
32.98002362251282
33.379881381988525
33.53810501098633
33.116480350494385
33.150224924087524
33.226038455963135
34.07411289215088
32.83573341369629
33.396160364151
33.52199196815491
32.877087354660034
33.94560265541077
33.0223126411438
32.728588342666626
33.062196493148804
34.34893608093262
33.90334439277649
33.871060848236084
33.37075734138489
33.220101833343506
33.79794955253601
33.424110651016235
33.28736758232117
33.42359399795532
32.93058919906616
33.35506296157837
33.90803098678589
33.10150384902954
33.72447943687439
33.28207850456238
33.10744333267212
34.06564378738403
34.29129219055176
34.51895308494568
34.16030502319336
33.58049011230469
33.19399309158325
33.51465606689453
34.061729431152344
33.210845708847046
33.63263988494873
33.59141492843628
34.83537292480469
33.23098707199097
32.91062808036804
33.06399154663086
33.957093715667725
32.79549479484558
33.128931522369385
33.46687030792236
32.939080476760864
33.15080976486206
33.186880588531494
33.54931712150574
33.196420192718506
33.5944402217865
32.825785875320435
33.98412466049194
33.5616135597229
34.12305426597595
34.4073600769043
34.270636320114136
33.91065573692322
32.96381425857544
33.10421371459961
32.76266431808472
33.25501322746277
33.37055993080139
32.77789568901062
33.692625761032104
33.564637184143066
33.449522256851196
33.67000865936279
33.53686738014221
33.79698133468628
33.696845054626465
33.73944807052612
33.27724742889404
34.32683324813843
33.72353458404541
33.16493558883667
32.82474231719971
34.57088899612427
33.383102893829346
33.30177640914917
32.87028527259827
33.31024980545044
33.5568060874939
33.1053671836853
32.91834545135498
33.59137940406799
32.50605344772339
33.52888870239258
33.5645956993103
33.49742817878723
33.370951890945435
33.90156054496765
33.89736318588257
34.295262575149536
36.21127462387085
32.85407853126526
33.244187116622925
33.670997619628906
33.36322474479675
34.330830335617065
33.2598295211792
33.616501808166504
33.693273067474365
33.5453085899353
33.5723180770874
33.35000705718994
33.52114009857178
33.34532284736633
33.20590090751648
33.23634099960327
32.84470510482788
33.18068218231201
33.103111028671265
32.94688081741333
32.979267597198486
33.377801179885864
33.47753167152405
33.06216263771057
32.7793447971344
33.40560221672058
33.4645414352417
32.956912994384766
33.80780506134033
33.44552564620972
33.44292140007019
34.90182089805603
32.555569648742676
33.48026371002197
33.8161256313324
33.00749611854553
33.34299445152283
33.717041969299316
33.17560124397278
32.99695539474487
33.03323173522949
33.050543546676636
33.49180030822754
33.48775029182434
33.412485122680664
32.811084032058716
33.25832009315491
33.6592071056366
34.04156231880188
33.05238699913025
32.99853229522705
33.52173662185669
33.61485719680786
34.38217115402222
33.447577238082886
34.86262845993042
33.75416684150696
33.32539987564087
33.357702016830444
33.19401931762695
33.48968482017517
33.39910817146301
33.12865972518921
33.062490940093994
32.937660217285156
32.917489528656006
33.68211126327515
33.60421586036682
33.471571922302246
32.63380742073059
33.028865814208984
32.97386574745178
33.20812964439392
34.03426170349121
33.54303741455078
33.087456941604614
34.208683252334595
33.045072078704834
33.505467653274536
32.871827602386475
33.85571837425232
34.27688670158386
32.864954710006714
33.023093461990356
32.769020080566406
33.56685733795166
33.02668213844299
33.264596939086914
32.67452359199524
33.91983246803284
33.14690160751343
33.43805527687073
33.95637822151184
33.242783546447754
34.629494428634644
33.480310678482056
34.416125774383545
33.55722689628601
33.43210506439209
34.11076331138611
33.61726403236389
32.706199169158936
32.95936322212219
33.23202729225159
33.28747367858887
33.63640356063843
33.59486532211304
32.81386470794678
32.989492893218994
34.0416259765625
33.65441918373108
33.50516080856323
33.665935754776
33.103344440460205
32.97279667854309
34.241193771362305
34.18964219093323
34.10387086868286
33.290947675704956
33.72578835487366
33.144824743270874
33.38145875930786
33.25042200088501
33.41351342201233
33.78087115287781
32.91312885284424
33.532739877700806
33.308759927749634
33.13737750053406
35.02940249443054
39.61479830741882
33.88223624229431
34.85483121871948
32.97511911392212
32.771090030670166
33.32943320274353
33.80157685279846
32.96279168128967
33.07059192657471
32.95737934112549
33.966078996658325
33.47296977043152
32.90348434448242
33.0886287689209
33.37319350242615
32.97101807594299
32.92826008796692
32.98211979866028
33.46713995933533
33.125837087631226
34.08406972885132
32.92896866798401
33.72295808792114
32.90065264701843
33.06382203102112
33.71137714385986
34.36821508407593
32.86881923675537
33.94561219215393
33.186720848083496
32.749091386795044
33.065608978271484
33.25413680076599
33.49189519882202
33.693891763687134
33.26845669746399
32.95740032196045
32.73370552062988
33.78229808807373
32.79217743873596
33.543134927749634
33.7672963142395
33.45548129081726
32.811630964279175
33.880326986312866
33.621520042419434
33.564642906188965
34.00117111206055
32.86144971847534
34.342135429382324
33.51571607589722
33.26223683357239
32.98297739028931
32.95042181015015
33.5016508102417
32.824734687805176
33.744850873947144
33.448517084121704
33.06510400772095
33.029441833496094
33.050084590911865
33.37326431274414
33.491117000579834
33.96778202056885
33.63959789276123
33.118489265441895
34.31845808029175
33.16998624801636
33.884745597839355
32.87791323661804
33.94136166572571
32.81710171699524
32.81365776062012
34.1534686088562
33.03787040710449
33.19318461418152
33.58183670043945
33.455283880233765
33.074583768844604
33.47111773490906
33.797452211380005
32.8221869468689
33.4300901889801
33.17558789253235
32.99886202812195
34.12648010253906
33.19630169868469
33.20046591758728
33.61088013648987
32.68202471733093
33.16418242454529
33.962726354599
32.86336326599121
33.64687252044678
33.579336643218994
33.28388500213623
32.67694854736328
33.180798053741455
33.1300163269043
33.45709228515625
34.04011869430542
34.00451970100403
33.90137791633606
33.66242957115173
33.35119819641113
33.12872314453125
32.88145732879639
34.20669651031494
33.332404136657715
32.94625377655029
33.59997248649597
33.083497524261475
32.89750409126282
33.11966896057129
33.54914903640747
33.07191872596741
33.173529624938965
33.21278262138367
33.56058716773987
33.5170373916626
33.80950951576233
33.57396602630615
34.373751640319824
33.30443024635315
34.215216398239136
32.97520709037781
33.00939917564392
33.636836767196655
33.492833375930786
33.32139492034912
33.44569802284241
33.812902212142944
34.14906620979309
33.26930093765259
33.73237943649292
32.949897050857544
32.87519836425781
32.88125205039978
34.08098387718201
32.94027781486511
33.7403838634491
33.134506940841675
33.12843322753906
33.20692253112793
34.59855818748474
32.96663498878479
32.833648681640625
32.96133327484131
33.3594491481781
33.552072286605835
33.1298553943634
32.993598222732544
34.42641735076904
33.15300703048706
33.322617530822754
33.538339614868164
33.87595558166504
33.496071338653564
32.93169689178467
32.84310269355774
33.087427377700806
33.489999771118164
33.25882434844971
33.73056411743164
33.18786954879761
33.159201860427856
33.17635798454285
33.02374076843262
33.336939573287964
34.563783168792725
33.77672076225281
33.228856325149536
32.827810764312744
32.96040868759155
32.81854557991028
33.48337721824646
32.91825199127197
33.13241481781006
33.568801403045654
33.16717171669006
33.293989181518555
33.673003911972046
33.873130083084106
32.79379916191101
34.5374059677124
35.79053544998169
33.179001331329346
33.9137818813324
33.077160358428955
33.810930252075195
32.94932794570923
32.90134382247925
32.916271924972534
34.186707973480225
33.794222593307495
33.216585874557495
34.59082913398743
33.83051300048828
34.228697061538696
33.349878787994385
33.74284243583679
33.78245210647583
33.915011405944824
33.56426119804382
33.354636430740356
32.89765787124634
32.79147505760193
33.255892515182495
33.324138879776
33.33031868934631
33.19383645057678
33.427037954330444
33.47954082489014
33.35037589073181
33.39173102378845
33.11208415031433
32.83828258514404
32.82716703414917
33.763309717178345
33.788851737976074
33.261852741241455
32.98405122756958
33.75208044052124
33.340396881103516
34.51050662994385
33.273388624191284
33.38561224937439
33.26324725151062
34.47196698188782
33.55789494514465
32.89367341995239
33.39040970802307
33.2742714881897
33.35083365440369
33.32565522193909
33.95996165275574
33.27074432373047
33.87273406982422
33.24246287345886
32.96446919441223
32.88556265830994
33.06722164154053
33.66939043998718
33.697447776794434
33.412946701049805
33.44028329849243
34.028725147247314
32.954814195632935
32.88963961601257
33.65083456039429
33.44883847236633
34.29573059082031
32.82715892791748
33.17350506782532
33.33040404319763
32.84020233154297
33.2475163936615
33.81383419036865
33.57549858093262
33.126943588256836
34.139155864715576
33.17333793640137
33.211617946624756
33.39796042442322
33.889902114868164
33.299752950668335
32.90733337402344
33.05663084983826
33.51822757720947
33.41824221611023
33.20344543457031
33.362802505493164
34.37655019760132
32.812275886535645
32.80945801734924
34.09887647628784
33.89402651786804
34.16618013381958
33.335054874420166
33.452001094818115
33.49040150642395
33.475571632385254
33.18380618095398
33.118884801864624
33.17169809341431
32.85809373855591
32.61593151092529
33.22463083267212
32.955925703048706
33.05476975440979
33.470189809799194
32.92868971824646
32.99346613883972
33.07553029060364
32.9824652671814
33.67637920379639
33.16078495979309
33.63113307952881
33.514161586761475
34.79870319366455
33.90560173988342
33.135581493377686
32.68433380126953
34.389703035354614
32.68616771697998
33.48946571350098
33.07539892196655
34.209259271621704
33.41246843338013
33.901068687438965
33.43933892250061
33.128435373306274
33.273216009140015
33.969600200653076
33.19767451286316
33.16766905784607
33.698768854141235
33.779473304748535
33.1629433631897
33.2599823474884
33.74364876747131
32.83711647987366
33.46994233131409
33.20832848548889
32.886183977127075
33.28224587440491
32.926316022872925
32.941874504089355
33.158586263656616
33.08456015586853
32.49520540237427
32.83408856391907
33.69198489189148
33.66353368759155
34.01372766494751
33.30587196350098
33.87303900718689
33.354652404785156
34.24218702316284
33.05836749076843
33.75614404678345
33.02729678153992
33.05970764160156
33.52677822113037
33.09939885139465
33.019041776657104
32.989540815353394
33.45547652244568
33.744102239608765
33.3918251991272
32.96720814704895
33.22958254814148
32.82552671432495
32.945189476013184
33.64364743232727
33.55908226966858
34.3783802986145
34.522928953170776
33.10720491409302
33.79138374328613
33.94842338562012
33.16848611831665
33.03095626831055
32.835477352142334
33.520713806152344
32.76246094703674
33.459113359451294
33.07559680938721
32.89717888832092
33.03617835044861
33.44971442222595
33.18150472640991
33.73275589942932
33.291900396347046
34.505779504776
33.84779191017151
33.85031032562256
33.99630570411682
33.67841196060181
32.92956805229187
33.04791235923767
33.07961988449097
34.154834032058716
32.739729166030884
33.050878286361694
32.78185486793518
33.219537019729614
32.87481474876404
33.514864444732666
32.9493670463562
32.95568251609802
32.67236280441284
32.81271719932556
33.4021418094635
33.46798491477966
32.90786671638489
32.83817529678345
34.93821048736572
33.33267283439636
33.31103825569153
33.73458933830261
33.18309044837952
33.63480496406555
33.29672622680664
34.62327265739441
33.01385974884033
34.00142502784729
33.12739586830139
33.14229726791382
32.932767391204834
33.628326416015625
33.07774472236633
32.94775414466858
32.96538591384888
33.111560583114624
33.45917582511902
33.29487729072571
33.98516249656677
32.84800720214844
33.65603232383728
32.84820890426636
34.659730434417725
33.289557695388794
33.91536736488342
33.34598445892334
33.94486451148987
33.551642179489136
33.027711153030396
33.148985862731934
34.18886661529541
32.923115968704224
34.177162885665894
34.563730239868164
33.13521361351013
33.48733949661255
33.65139198303223
33.18956804275513
32.92631912231445
33.66605472564697
33.116493940353394
33.523242235183716
33.48702621459961
32.8664174079895
33.496448040008545
33.87765049934387
34.74291777610779
33.836416482925415
33.33711767196655
33.070825815200806
34.04118299484253
33.6593599319458
33.380300760269165
33.09298849105835
35.00472450256348
34.0143768787384
33.75111699104309
33.63056302070618
32.75974369049072
33.17840075492859
32.90001559257507
32.526928186416626
32.97803735733032
33.48314309120178
33.28019404411316
33.845537424087524
33.35760855674744
33.01477289199829
33.354880571365356
34.25751090049744
33.79732275009155
33.85565114021301
33.13063097000122
33.740609645843506
33.05842089653015
33.57111835479736
33.06715273857117
33.51488971710205
33.54589295387268
32.96399140357971
32.98793339729309
33.413811922073364
33.08555316925049
33.86616063117981
32.64454007148743
33.59076809883118
32.92741298675537
33.33468723297119
33.26599097251892
33.03770470619202
33.62784957885742
33.3873655796051
32.97170639038086
33.33302664756775
33.44304823875427
32.91528105735779
33.39385104179382
33.34842228889465
34.00431227684021
33.6405463218689
34.43703603744507
33.95210289955139
33.92396283149719
33.40409016609192
34.11951184272766
33.15658783912659
32.96570301055908
33.493709564208984
33.47578191757202
32.632532596588135
34.069560289382935
32.96442937850952
33.20558571815491
33.4069766998291
33.370790004730225
33.070717096328735
33.33417296409607
32.857147216796875
32.99982833862305
33.201321601867676
34.037524700164795
33.26141047477722
34.448957443237305
33.64483118057251
33.378283739089966
33.19531059265137
32.82232046127319
32.905306577682495
33.24271583557129
33.99195337295532
33.13140630722046
33.32887148857117
33.06232047080994
33.08399438858032
32.54797339439392
33.50935935974121
33.20990586280823
33.42512512207031
34.2116219997406
32.83327341079712
33.354530334472656
33.894397497177124
32.94571113586426
33.57274580001831
33.856061935424805
32.853514194488525
33.909218311309814
33.059561014175415
32.848918199539185
33.414738178253174
33.13887572288513
32.557037115097046
32.92545962333679
32.83501887321472
33.01469016075134
33.083680152893066
33.620055198669434
32.93661379814148
33.342899560928345
33.62988567352295
33.1450560092926
33.62515115737915
33.47203493118286
33.070733070373535
34.324219942092896
32.729363441467285
33.146196365356445
33.63888168334961
33.582876443862915
33.392308712005615
33.14657258987427
32.768062591552734
33.83170008659363
34.01575517654419
33.557652950286865
33.0764000415802
32.69661283493042
33.80925107002258
33.618173360824585
33.23905825614929
32.71725559234619
32.696799516677856
32.68720078468323
34.13326692581177
33.63730549812317
33.310542821884155
33.04029321670532
33.339805364608765
33.26878786087036
33.266509771347046
33.04691958427429
33.27353501319885
33.83044505119324
32.99965858459473
32.99555468559265
34.026185035705566
32.94523620605469
33.007078886032104
33.03554034233093
32.92879605293274
33.32629919052124
33.079427003860474
34.637983083724976
33.97498631477356
33.3731644153595
32.97872471809387
33.14073920249939
33.6534423828125
33.567704916000366
33.22022318840027
34.09462308883667
33.15972828865051
34.60765361785889
32.67116570472717
33.067816734313965
32.96378207206726
33.82171559333801
33.101300954818726
33.02887773513794
32.92267107963562
33.464558124542236
33.366156339645386
32.96679639816284
33.09488081932068
32.716593742370605
34.52613639831543
33.50142955780029
32.99492526054382
32.815837383270264
33.39510416984558
33.4224739074707
33.76550102233887
33.435627937316895
33.25684952735901
33.632920026779175
34.80702996253967
34.58312273025513
33.235164403915405
33.24143147468567
33.590033292770386
32.776180267333984
33.741944789886475
33.93251419067383
33.69911432266235
33.20899224281311
32.975316762924194
32.604387521743774
33.71066904067993
32.99749255180359
33.663193464279175
33.6172251701355
34.39241671562195
33.771787881851196
33.61466336250305
32.92032790184021
33.08070659637451
33.94426155090332
32.990185260772705
33.092002391815186
32.761101961135864
33.04967284202576
33.45518183708191
33.56997203826904
32.98718190193176
33.091774225234985
32.85601544380188
33.21330118179321
33.80695366859436
32.84577441215515
33.271815061569214
33.585702419281006
33.32306432723999
33.396175146102905
32.97163271903992
33.08498978614807
34.154137134552
32.63025784492493
36.277384996414185
33.08910512924194
32.934184074401855
32.865477323532104
33.08505940437317
32.77506136894226
33.476091384887695
33.33690595626831
33.02112078666687
33.26439714431763
32.97944498062134
32.669525384902954
34.71553921699524
32.77569651603699
33.800846099853516
34.75351881980896
33.404780864715576
33.860761880874634
33.46014213562012
33.02053713798523
33.65446496009827
34.01195001602173
33.15118861198425
33.411006927490234
33.04006481170654
33.89043879508972
33.49729347229004
32.58338904380798
33.58307981491089
33.492735147476196
33.07002830505371
33.698293685913086
32.86723804473877
34.01152586936951
34.53350496292114
32.67412757873535
35.053149461746216
32.786957025527954
33.057841539382935
33.07293176651001
33.10044980049133
33.62600755691528
33.11516308784485
33.18289256095886
32.97462010383606
33.35776734352112
33.406938314437866
33.237677812576294
33.059349060058594
33.60472273826599
33.343717098236084
33.067967653274536
34.35222506523132
34.044857025146484
33.80402946472168
33.592063665390015
32.961899757385254
33.09232974052429
33.78965425491333
33.37524890899658
33.34745001792908
32.89099335670471
32.72035455703735
33.35349726676941
33.19548559188843
33.39964771270752
32.79907202720642
33.68960618972778
33.75221586227417
33.31734323501587
33.19036889076233
33.767234325408936
33.449427366256714
33.46476221084595
33.662784814834595
33.98484921455383
33.60242676734924
33.87549352645874
33.1594672203064
33.970293045043945
33.03429961204529
34.178316831588745
33.26650643348694
33.5615291595459
33.2470006942749
32.78419828414917
33.100820541381836
32.944841384887695
33.52221894264221
33.31873893737793
33.448548793792725
33.37118172645569
32.834086894989014
33.4258189201355
33.04526925086975
33.572391986846924
33.104573488235474
33.020275592803955
33.151630878448486
33.75334620475769
33.6364905834198
33.202569246292114
33.36433219909668
33.90597343444824
33.649887800216675
34.16050672531128
33.53352355957031
33.92514896392822
33.14819359779358
33.67722129821777
33.355489015579224
32.87383699417114
33.298478841781616
33.80009579658508
33.06102132797241
32.732998847961426
33.27928304672241
33.213335037231445
33.01193022727966
33.1237576007843
33.162267208099365
34.053264141082764
32.951205253601074
33.12809777259827
33.36345553398132
33.85248565673828
33.18817687034607
33.31197714805603
33.00178647041321
33.189619064331055
33.23808288574219
33.84826302528381
33.10546159744263
33.97263479232788
32.75038552284241
33.87365412712097
33.026392698287964
34.43128490447998
33.29372692108154
33.30586767196655
33.152443408966064
33.51021409034729
33.41562581062317
33.438438177108765
33.03630995750427
33.51708102226257
33.81895422935486
33.28129458427429
33.56139588356018
33.80687379837036
33.0266969203949
32.91740012168884
32.80250096321106
33.608853816986084
33.87720060348511
33.073448181152344
33.489604473114014
33.50828409194946
33.045902490615845
33.71121859550476
33.00994324684143
34.10550332069397
33.43569254875183
32.91867661476135
33.4383819103241
32.782835245132446
33.48109412193298
33.23471784591675
34.07000923156738
33.99955677986145
34.31764078140259
33.70097374916077
34.09714102745056
33.04025483131409
33.79573321342468
33.28162717819214
33.044456243515015
34.127633571624756
33.55238628387451
33.587287187576294
33.957802534103394
33.56013250350952
33.01985454559326
33.58272051811218
33.145081996917725
33.15989136695862
33.13195586204529
33.161386251449585
33.732545614242554
33.288039207458496
34.33281397819519
32.63811254501343
33.36276912689209
33.48921060562134
33.00318098068237
33.6966598033905
33.00056743621826
33.423105239868164
32.929853677749634
32.91089415550232
33.27239012718201
33.36605978012085
33.399152755737305
33.66024947166443
34.165159940719604
34.612220287323
32.53424286842346
33.7285943031311
33.1229248046875
32.93102526664734
33.56651020050049
33.61530375480652
33.42944693565369
33.47748923301697
33.584006786346436
33.346611976623535
33.02810525894165
33.54199767112732
33.539395570755005
33.56437683105469
33.161237478256226
33.13697338104248
33.58460998535156
33.64793634414673
33.240578413009644
33.44529390335083
33.192599058151245
33.07690072059631
34.45258355140686
32.66492414474487
33.815237283706665
32.70527100563049
33.780937910079956
33.247379302978516
34.16938924789429
32.97461128234863
33.68893504142761
33.43906831741333
33.841644287109375
32.788641929626465
33.0341682434082
33.20309901237488
33.55077385902405
33.254334449768066
33.57570743560791
33.069071531295776
33.52095007896423
33.08134436607361
32.793564558029175
33.44595003128052
33.097895860672
34.26700186729431
33.91945672035217
34.32652997970581
32.57981729507446
34.18421220779419
32.90803360939026
33.20443034172058
33.3739070892334
32.72549891471863
33.0898802280426
32.96337580680847
33.05025839805603
33.468178033828735
33.490025758743286
33.24043679237366
33.98547387123108
33.964977502822876
33.99134850502014
33.9180269241333
33.1713080406189
33.806116819381714
33.38976287841797
33.89291477203369
33.632981061935425
34.49324107170105
33.65853476524353
33.859251499176025
33.522162199020386
33.478153228759766
33.16957116127014
33.17969822883606
32.48075866699219
33.865572929382324
32.824262380599976
33.39588689804077
32.972763776779175
33.637189865112305
33.32010531425476
32.75881338119507
33.400246381759644
33.29526495933533
32.789329528808594
33.608269929885864
33.46590042114258
33.960015296936035
33.901060581207275
33.19533443450928
34.16302752494812
32.65531063079834
33.74743986129761
33.633933782577515
34.643563985824585
32.93792724609375
33.52673673629761
33.087318420410156
33.575042486190796
32.88795304298401
33.60280966758728
32.95244908332825
33.60276222229004
33.03821611404419
33.539958238601685
33.27235436439514
33.09348011016846
33.19355607032776
33.35235786437988
33.49736833572388
33.29514813423157
33.803234815597534
32.71417713165283
33.30363321304321
34.19884705543518
33.69122290611267
33.881229877471924
32.64616346359253
34.3716721534729
33.14442729949951
33.78823781013489
33.774149656295776
33.93948292732239
33.27197766304016
32.680235147476196
33.39465260505676
33.25403141975403
32.735169649124146
33.03368401527405
33.72422552108765
33.39910054206848
33.28061652183533
33.28235650062561
34.03676986694336
33.54083514213562
33.16505241394043
32.89299559593201
34.29342198371887
33.52007842063904
33.616734743118286
32.7304482460022
33.04074001312256
32.91797351837158
33.41446924209595
33.080928802490234
33.261192321777344
34.07089591026306
32.71881890296936
33.87249803543091
32.77383875846863
33.019325494766235
33.012795209884644
33.456458568573
33.871378660202026
32.76698398590088
32.55356311798096
33.47085380554199
33.493237257003784
34.18512558937073
33.25859236717224
33.389095067977905
33.11331295967102
32.84804081916809
33.279383182525635
32.85791301727295
32.8692741394043
33.64700198173523
33.99451017379761
33.26274585723877
32.94321322441101
33.1490318775177
34.163581132888794
32.76469349861145
33.15186357498169
33.41547513008118
33.88392233848572
34.09813642501831
33.10919761657715
35.279351234436035
33.21226501464844
34.10626840591431
33.49803447723389
32.99003744125366
33.01034641265869
33.08700513839722
32.8281626701355
33.134833574295044
34.05566883087158
33.31712627410889
33.22225213050842
33.011112213134766
33.416441202163696
33.692286014556885
33.009652853012085
33.30321788787842
32.97627353668213
33.42326831817627
33.132588624954224
32.9222137928009
33.837947368621826
34.27337694168091
34.369779109954834
33.94947838783264
33.8933961391449
33.30867075920105
34.23190999031067
33.885618925094604
33.36340379714966
33.513877153396606
33.53802013397217
33.02174234390259
33.71978163719177
33.55629920959473
33.18363356590271
33.18479299545288
33.23253846168518
33.51890230178833
33.2032949924469
32.8998281955719
33.36441779136658
33.413557291030884
33.1813006401062
33.98780822753906
33.58347940444946
33.75420618057251
32.87244367599487
33.332117557525635
33.476054668426514
33.72310209274292
33.005205154418945
34.12532591819763
33.34171772003174
34.55867099761963
33.19637727737427
32.96312236785889
34.29349946975708
33.29522752761841
33.63509678840637
33.384925842285156
33.58117151260376
33.137452125549316
33.101320028305054
33.993857860565186
33.5414981842041
33.64530396461487
33.36410713195801
33.315500020980835
32.81619834899902
32.80400896072388
33.810306787490845
33.78687381744385
33.47549653053284
33.89987897872925
34.56325006484985
32.86039686203003
34.28120446205139
33.271373987197876
34.197741746902466
33.04101824760437
33.15100884437561
32.929943561553955
32.46854758262634
33.66460156440735
33.60413575172424
32.96541619300842
33.455466508865356
33.78007626533508
33.05812072753906
33.66366267204285
33.60568070411682
33.44546413421631
33.089287996292114
33.77318286895752
33.447723627090454
33.27753210067749
33.974058628082275
34.115814447402954
34.209288120269775
33.338475465774536
34.258761405944824
32.62108087539673
33.83241510391235
33.860363483428955
33.308571100234985
33.35709357261658
33.05550813674927
33.515279054641724
33.274054765701294
33.33108568191528
32.93420600891113
33.47464990615845
32.695069313049316
33.5384681224823
33.2285361289978
33.147296667099
33.89236569404602
32.9857234954834
33.30149006843567
33.068936586380005
34.03107452392578
33.178723096847534
34.438103914260864
33.91720652580261
33.34052848815918
33.954493045806885
33.048802852630615
34.10237646102905
32.854572772979736
32.75146555900574
32.81149697303772
33.4422824382782
33.06914138793945
33.61563014984131
33.12402629852295
33.109994888305664
33.7998161315918
34.37175369262695
33.05824398994446
33.084327936172485
33.52083492279053
33.130993366241455
33.31301689147949
33.43226194381714
33.22950625419617
33.51142954826355
33.09312438964844
33.65338349342346
34.332629680633545
33.61916136741638
32.979007959365845
33.21789622306824
33.26818108558655
32.84325098991394
33.287075996398926
33.87427568435669
33.35687708854675
33.91737222671509
32.61987566947937
33.02091407775879
33.37797999382019
33.48884177207947
32.89734721183777
32.56104826927185
33.22647047042847
33.29328942298889
33.22936749458313
32.810168981552124
32.8520233631134
33.38297653198242
34.06572413444519
32.77060508728027
34.192954540252686
33.01638841629028
33.78269600868225
34.05191230773926
32.87546467781067
33.04939651489258
33.34383296966553
33.88279604911804
33.77189016342163
32.91673922538757
33.9714937210083
33.19109487533569
33.232128858566284
33.18030333518982
33.90039801597595
33.274593114852905
33.12790107727051
33.376370906829834
33.23286986351013
33.61797857284546
33.05674147605896
33.63368630409241
33.24618744850159
33.88602089881897
34.02041554450989
33.47159957885742
34.30263900756836
34.03498840332031
33.09900641441345
33.145893573760986
32.54528188705444
34.01979923248291
33.64376139640808
32.98490881919861
33.33750295639038
32.98062562942505
33.356940269470215
33.18427896499634
33.22575783729553
33.77360534667969
32.773136615753174
33.10929346084595
32.86747860908508
32.92509913444519
33.28844857215881
33.04834222793579
33.30773305892944
33.07894730567932
32.673359870910645
32.81483578681946
33.14695763587952
33.4275484085083
33.103256940841675
34.319870948791504
33.356576681137085
32.76036190986633
33.21002411842346
33.05066180229187
34.222821950912476
33.320563554763794
33.30734300613403
33.94253325462341
33.15275430679321
33.00164580345154
34.02158212661743
32.635459423065186
33.58512997627258
33.56509709358215
34.05811357498169
33.310482025146484
32.77842473983765
33.5124192237854
32.75512385368347
32.84573698043823
33.35457420349121
32.95543432235718
33.400108098983765
32.889485120773315
33.37761163711548
33.98486399650574
32.8725323677063
33.2821090221405
33.19838523864746
32.58138084411621
34.101900577545166
33.191211462020874
32.99153733253479
32.56951022148132
32.465301752090454
33.53589487075806
33.444522857666016
33.35306787490845
33.16022300720215
33.17820715904236
33.07274293899536
32.858606815338135
33.07294201850891
33.37628769874573
32.85101556777954
33.005388498306274
33.56715726852417
33.15512943267822
34.471521854400635
33.37442898750305
33.1362726688385
33.643203020095825
33.60201859474182
33.45181941986084
32.574928760528564
33.03537392616272
33.69912028312683
33.54712200164795
34.306334018707275
34.13155722618103
32.92387294769287
33.94001650810242
33.02170515060425
34.19265127182007
33.86635422706604
33.50015592575073
33.64646363258362
33.024573802948
33.12601709365845
33.361194133758545
34.013731241226196
33.09640288352966
32.790751934051514
33.45874571800232
33.75440430641174
33.352768659591675
33.01994180679321
33.11344885826111
32.75428867340088
33.69111251831055
33.24306106567383
34.12475562095642
33.761043071746826
33.303595304489136
33.440759897232056
33.00471758842468
34.38075137138367
35.05278825759888
35.06678366661072
32.65897297859192
33.45462608337402
33.996339082717896
32.830671310424805
33.05418825149536
32.943334341049194
33.18483066558838
33.405694246292114
33.3298065662384
33.003724098205566
32.48337149620056
33.7938392162323
33.353694438934326
33.73106646537781
33.06526708602905
33.32741403579712
32.91119313240051
33.26474404335022
33.12750291824341
33.40361213684082
32.82298827171326
33.02165603637695
33.04430294036865
33.104496002197266
33.601052045822144
34.15462589263916
33.10883665084839
33.44281482696533
32.80620241165161
33.866902351379395
33.73645901679993
32.934192419052124
33.76527452468872
33.306455850601196
33.3154079914093
32.802051067352295
32.98651432991028
33.23485612869263
33.62821865081787
33.0319459438324
33.58542275428772
32.98634600639343
32.97695350646973
32.992706537246704
33.42742872238159
33.1896276473999
33.79140639305115
33.73419451713562
33.155405044555664
33.53209686279297
33.560136556625366
34.050758838653564
34.022212982177734
32.94536542892456
33.98337650299072
33.16182613372803
33.32738971710205
33.76367473602295
33.463316202163696
33.405468225479126
33.94101333618164
33.24211668968201
33.2956223487854
33.40543603897095
33.127573013305664
33.599899768829346
32.89080214500427
32.98563075065613
33.494133710861206
33.05738019943237
34.19681406021118
34.57543635368347
34.69646167755127
33.6443567276001
34.39559578895569
33.28170323371887
32.88231873512268
32.95809078216553
32.884143590927124
33.1523654460907
33.76882839202881
33.11516833305359
34.0245578289032
32.964717864990234
33.46978688240051
33.29733324050903
34.08065629005432
33.15710663795471
33.45075535774231
33.098381996154785
34.062859773635864
34.793689250946045
33.940192222595215
33.60544443130493
33.616522789001465
33.678778409957886
33.63600468635559
33.43964910507202
33.4860463142395
33.06984329223633
33.9366614818573
33.14232277870178
33.03131818771362
32.79212951660156
33.235278367996216
33.92517447471619
33.57338881492615
33.61768102645874
33.01510429382324
33.696006298065186
33.69166707992554
33.74780058860779
34.65778660774231
33.41645407676697
33.53899574279785
32.933337688446045
33.144171953201294
32.90426540374756
32.87260293960571
33.06016421318054
32.73421025276184
33.06405019760132
33.15403485298157
33.32430410385132
33.05230355262756
32.90421462059021
32.947824239730835
33.72531700134277
33.52441191673279
32.650107622146606
33.63745665550232
33.695011377334595
34.02626013755798
33.81951332092285
33.685336112976074
33.25208139419556
33.50399875640869
33.0481173992157
33.09074640274048
33.293280839920044
33.64126396179199
33.70610785484314
32.9689826965332
33.28154110908508
33.44739294052124
33.98074007034302
33.039751291275024
33.05055332183838
32.900004863739014
33.6207172870636
32.758692026138306
33.2240355014801
33.67697882652283
33.712220907211304
33.81559753417969
34.121073722839355
33.83167266845703
33.091362714767456
32.875402212142944
33.652661085128784
33.67941975593567
33.313615798950195
33.257259130477905
34.08673906326294
33.33140563964844
32.89943313598633
32.74660325050354
33.404390811920166
33.36413621902466
32.95010471343994
33.31686472892761
33.14441180229187
33.524277448654175
32.98481369018555
33.95371341705322
34.07717800140381
33.93241548538208
33.850991010665894
33.11290502548218
33.82089614868164
33.05625009536743
34.054272174835205
32.69912600517273
33.48991656303406
33.33535599708557
33.49796915054321
33.37281346321106
33.45646572113037
33.48407030105591
33.49886107444763
33.202706813812256
34.02190589904785
33.39237666130066
34.19619798660278
33.17561411857605
32.96786546707153
34.2497136592865
34.32463979721069
33.75480914115906
34.12485146522522
33.102489709854126
33.17429566383362
33.069520473480225
33.593475341796875
33.02547788619995
33.15262460708618
33.10500240325928
32.86990022659302
33.77133655548096
33.661150217056274
32.73428225517273
33.276883363723755
32.85883331298828
34.104111194610596
33.947853803634644
34.874478578567505
33.37011671066284
33.47486209869385
33.371293783187866
33.03558969497681
33.03208303451538
33.371580600738525
34.17868399620056
33.03623962402344
32.99488091468811
34.044148445129395
34.09917640686035
33.46258187294006
34.94875144958496
32.90055751800537
34.77673387527466
32.767788887023926
33.77537155151367
33.44601535797119
33.90108513832092
34.44359827041626
33.21958088874817
33.31519889831543
33.64692687988281
32.76848244667053
32.91358518600464
33.19381856918335
33.12670421600342
33.47346377372742
34.13745450973511
34.61226749420166
34.18955111503601
33.39856290817261
35.04307961463928
33.49098014831543
33.10350823402405
33.27522015571594
34.040759325027466
33.6945104598999
34.10522222518921
33.53266143798828
33.136051177978516
33.817235231399536
33.59647274017334
33.09768843650818
33.48095703125
33.58076310157776
33.04685735702515
33.48892569541931
33.43286871910095
33.56692409515381
34.131098985672
34.708051681518555
34.00026059150696
32.78665232658386
33.63737750053406
33.02121591567993
32.91748356819153
33.87445139884949
33.190653800964355
34.10446739196777
32.76228928565979
33.939549922943115
33.89181613922119
33.06072187423706
33.1770122051239
33.317076444625854
33.70600199699402
33.118152141571045
33.657565116882324
33.56487774848938
33.85872983932495
33.89003562927246
34.380314111709595
34.105382680892944
34.87452054023743
34.19468021392822
33.795250415802
34.17290663719177
