29.20509672164917
29.330108880996704
29.138893604278564
28.99663257598877
29.237330436706543
29.436382055282593
29.088361263275146
28.77495789527893
28.89034080505371
28.52038264274597
29.113215446472168
28.55974316596985
28.09022068977356
29.30576252937317
29.127267360687256
28.41799306869507
26.927156686782837
27.35456681251526
30.31574559211731
29.67515802383423
29.42384123802185
29.112886905670166
29.769044160842896
29.04752516746521
29.375874757766724
29.5827796459198
28.527731895446777
28.435428380966187
28.885212898254395
28.791980504989624
28.92564582824707
29.015456199645996
28.729543924331665
28.938655614852905
30.757972478866577
37.68279147148132
29.633776903152466
29.85114622116089
29.37385082244873
29.15863537788391
29.569430351257324
29.221822500228882
29.238988876342773
29.285408973693848
32.5814049243927
30.015403509140015
29.398633003234863
30.53031611442566
29.761370420455933
30.29680323600769
30.11572504043579
31.15729784965515
29.880122423171997
30.59289002418518
30.252789735794067
31.154903173446655
30.798210620880127
31.481771230697632
31.242814302444458
32.77013278007507
29.322192192077637
31.255620002746582
30.378926038742065
30.624773502349854
31.667983293533325
30.352654218673706
35.22212815284729
32.452439308166504
39.89349055290222
34.5584020614624
30.693246126174927
31.13885474205017
35.55289626121521
39.4275860786438
36.60454773902893
41.52538561820984
43.935608863830566
30.568336963653564
51.66146421432495
42.23825263977051
31.430422067642212
32.19716286659241
57.270987033843994
33.216814041137695
32.90262699127197
36.81096601486206
36.53976321220398
47.09560799598694
33.43444538116455
57.64287257194519
41.3440465927124
41.255234479904175
48.82093667984009
37.09794473648071
42.63614511489868
34.954872369766235
36.49162793159485
63.934887170791626
36.33666133880615
37.202019929885864
38.56315851211548
43.863229274749756
60.9316029548645
37.3820743560791
58.95465803146362
37.387036085128784
35.9309937953949
50.92868900299072
56.475361824035645
41.92363905906677
37.56811308860779
39.27305889129639
47.51580023765564
41.13181281089783
53.464518308639526
36.882466316223145
50.290603160858154
37.48470997810364
48.40698170661926
37.12899422645569
48.888028621673584
55.16295671463013
52.12219715118408
40.18827223777771
49.80237102508545
47.17449140548706
39.41638898849487
42.5411479473114
46.61611008644104
55.502301931381226
47.57167887687683
55.1814751625061
43.058897495269775
40.45716404914856
53.495654344558716
54.857149839401245
43.448649883270264
59.417988538742065
43.15997552871704
52.668362855911255
41.239465951919556
44.17446517944336
45.06963777542114
41.658628702163696
48.322786808013916
40.44281268119812
48.32393193244934
49.006367683410645
52.73345613479614
57.95711970329285
43.568665742874146
42.453776359558105
56.37668323516846
43.29094648361206
46.5521879196167
40.778483629226685
45.762001037597656
44.83014416694641
47.95461893081665
43.66812586784363
41.557167768478394
43.71733856201172
40.850048542022705
46.74894952774048
44.815213680267334
33.9997193813324
34.47858762741089
34.29260730743408
46.799445390701294
49.764291286468506
45.96034908294678
49.23146438598633
49.4076886177063
47.19576692581177
46.70237874984741
46.75913619995117
47.14355707168579
46.13507962226868
46.57370591163635
46.4963173866272
46.661293029785156
48.37521409988403
46.774789571762085
34.309293031692505
46.71822953224182
46.933923959732056
47.03672981262207
47.123955488204956
45.94329762458801
28.97298264503479
62.664872884750366
46.88422441482544
65.0530698299408
46.43867230415344
44.669724464416504
47.420510053634644
45.73097825050354
44.62381458282471
44.42647075653076
45.21933650970459
55.32408022880554
53.99899125099182
46.71428990364075
47.92433524131775
46.052539587020874
45.17113184928894
36.984084367752075
34.748188495635986
46.757399797439575
46.344106912612915
46.675111293792725
46.40976810455322
46.9690625667572
37.405911922454834
44.363967180252075
48.70221161842346
50.773120403289795
28.82287836074829
45.18618178367615
40.48209476470947
43.777377128601074
54.76581954956055
43.39323449134827
53.08536148071289
46.55321669578552
50.59211087226868
44.781834840774536
45.26166105270386
46.338765382766724
50.37959957122803
44.97827410697937
46.773332595825195
31.222707509994507
49.196146965026855
49.60355305671692
46.32163906097412
50.88809370994568
50.43574833869934
51.04621386528015
50.71734857559204
49.518810510635376
49.34036469459534
49.525715589523315
28.806408405303955
28.750097274780273
46.70555138587952
49.15423917770386
38.22743368148804
53.560529470443726
48.688979387283325
44.950366735458374
49.98369526863098
49.14090919494629
48.0653772354126
48.03056335449219
48.14510130882263
48.83344221115112
47.83120846748352
50.78807997703552
49.4573438167572
47.96171474456787
49.22341823577881
50.3234601020813
48.205430030822754
37.0509569644928
48.09216785430908
48.67059683799744
40.05399966239929
40.32964754104614
48.44125485420227
40.63828492164612
44.83878827095032
49.10235261917114
44.146968603134155
43.90933346748352
45.63734841346741
46.15141487121582
31.786876440048218
45.72283124923706
46.77229619026184
42.10051417350769
45.68472671508789
46.77409386634827
46.302130699157715
41.47850823402405
46.9213809967041
46.29385471343994
45.54649567604065
45.403388261795044
45.32720494270325
33.044779777526855
33.37185025215149
44.08619928359985
42.901650190353394
42.166130781173706
42.38479828834534
42.57096481323242
42.717857837677
43.13811135292053
42.8541784286499
42.23947811126709
43.24098038673401
43.393481969833374
35.36596894264221
43.91894030570984
42.51889371871948
42.92665696144104
43.220542430877686
43.168134927749634
43.83890414237976
42.4070725440979
43.16135764122009
41.22905969619751
44.10358214378357
42.550331830978394
42.252896785736084
42.094189167022705
42.23569941520691
42.66316103935242
42.47683548927307
33.538947343826294
32.99587082862854
42.3192355632782
36.744447469711304
42.753530502319336
41.97910284996033
42.27221465110779
42.80681276321411
42.16838264465332
44.18048596382141
43.127591371536255
37.92485499382019
42.89582586288452
42.065070390701294
43.07205581665039
43.61174392700195
42.44897818565369
40.817147970199585
41.72494626045227
42.426316261291504
42.036853075027466
41.95313310623169
42.505099296569824
41.84895133972168
42.47327780723572
41.04020857810974
42.1845006942749
38.84482026100159
36.30097317695618
41.400256872177124
42.45841717720032
43.58848023414612
41.5238778591156
38.4988694190979
42.24987483024597
40.62477087974548
41.03661274909973
40.98951196670532
41.47426700592041
41.16244435310364
42.29113960266113
42.65082287788391
43.44574952125549
43.841336727142334
41.87422704696655
42.4203462600708
42.72620415687561
41.07070708274841
37.948315143585205
41.068726778030396
41.008344411849976
42.3660352230072
41.82729363441467
42.229339599609375
42.21996808052063
42.02028465270996
39.84807586669922
41.92536807060242
42.50595211982727
41.90200352668762
41.16769862174988
41.530487298965454
41.73119044303894
41.24051356315613
41.838207483291626
41.811312198638916
41.007601261138916
42.00146985054016
42.214542388916016
40.79687714576721
41.1836302280426
40.619999170303345
41.80176496505737
41.41937518119812
41.73519682884216
40.63659620285034
38.80379676818848
41.82748007774353
42.21282720565796
41.05001211166382
40.99679207801819
42.22801661491394
42.80434584617615
42.52088212966919
41.522215127944946
41.10124969482422
40.518123626708984
41.761733055114746
42.384745359420776
41.08953404426575
40.31073546409607
40.98405885696411
40.82989048957825
41.208868980407715
41.377795934677124
40.482823848724365
40.53801083564758
41.418962717056274
40.669153451919556
33.17657017707825
40.901745557785034
41.40197801589966
41.81862020492554
42.0760543346405
41.64167022705078
40.55408954620361
40.67468786239624
40.46907067298889
40.62190103530884
40.107224464416504
41.09540295600891
39.45262908935547
40.372987270355225
40.95429992675781
40.555508613586426
36.88859534263611
37.4413526058197
42.04604387283325
41.03047704696655
41.03408765792847
40.33438777923584
40.85376524925232
40.76329684257507
39.67117166519165
38.95381569862366
40.390562534332275
40.37205362319946
41.12844181060791
40.3510537147522
40.225261926651
40.68311834335327
39.869380712509155
41.54699945449829
41.17773771286011
40.98538684844971
40.90280342102051
41.465821981430054
40.77608799934387
40.38795256614685
40.749300718307495
40.86627817153931
39.752732038497925
40.634079456329346
40.51886534690857
44.29052519798279
46.02587080001831
41.56484532356262
40.852625131607056
40.793856143951416
40.348422050476074
39.44785976409912
39.7755970954895
39.652432680130005
40.781026124954224
40.74763250350952
39.24901485443115
40.190190076828
39.807921171188354
39.91301107406616
40.226017475128174
35.22846531867981
34.805466651916504
39.983835220336914
40.854700326919556
41.402151346206665
40.520267724990845
39.91416001319885
40.27530574798584
41.790477991104126
40.19297194480896
41.118688344955444
38.69923496246338
38.384010314941406
39.95972180366516
40.53544998168945
39.2789580821991
41.07225751876831
40.436760663986206
40.56399440765381
39.90976619720459
34.90391802787781
35.84862160682678
40.33029866218567
40.185418367385864
40.25936937332153
39.1665780544281
39.78323483467102
40.59557056427002
41.34148836135864
36.53912711143494
40.06046509742737
40.125531911849976
41.049354791641235
39.519599199295044
39.724809885025024
39.83962869644165
41.362154960632324
39.4568510055542
40.83786869049072
38.78417658805847
37.189443588256836
39.55416464805603
40.19281840324402
33.68317890167236
32.43287444114685
40.27527904510498
40.242820024490356
40.59347128868103
41.02785348892212
40.06150698661804
41.399293422698975
40.281556606292725
40.00559997558594
40.680540800094604
40.70268988609314
39.62223196029663
39.77880334854126
39.94670295715332
40.17612981796265
40.39737033843994
40.215030670166016
41.103246212005615
39.6810040473938
40.04888463020325
40.09887075424194
39.649532079696655
40.39680600166321
39.09825658798218
42.70468783378601
42.635119915008545
39.839253425598145
40.48153376579285
39.80468797683716
39.88629627227783
40.301191568374634
41.29355835914612
40.857929706573486
39.946977376937866
40.36969804763794
40.11098670959473
40.26598024368286
40.95768070220947
40.16059756278992
40.312957525253296
40.41393065452576
39.3156681060791
40.09900689125061
40.13606595993042
41.69167351722717
39.97938084602356
39.642696142196655
41.550214767456055
40.54698133468628
41.12545132637024
40.93631315231323
40.5300874710083
40.23380947113037
40.148008823394775
39.99368238449097
39.57471823692322
40.20930600166321
41.11924886703491
40.60594439506531
39.42086148262024
39.7791063785553
40.600775718688965
40.9085750579834
40.56867432594299
40.089956760406494
39.00685381889343
40.09198355674744
40.25164461135864
40.38501262664795
40.339370250701904
40.380677461624146
39.780253171920776
41.53958821296692
40.83933687210083
39.98394298553467
40.425060510635376
40.32219052314758
40.03392958641052
38.46541905403137
40.60480761528015
42.14825415611267
41.01664614677429
39.28058648109436
40.95602989196777
39.85806202888489
38.970739126205444
41.32916212081909
40.43056106567383
41.28140664100647
40.09651017189026
40.960174560546875
40.32036900520325
40.785207986831665
40.60771131515503
40.05306839942932
40.28533625602722
40.4298529624939
41.194881439208984
40.6175594329834
40.39183950424194
36.38077926635742
37.01069116592407
39.729649782180786
40.663453340530396
40.29089975357056
41.55978775024414
39.95737409591675
40.46271991729736
39.334349632263184
39.141316175460815
40.949095249176025
42.57093930244446
40.90671896934509
39.4500675201416
40.707412004470825
39.61888265609741
39.50070881843567
39.33472752571106
41.774479389190674
40.84454894065857
40.0778648853302
39.80426526069641
38.882126808166504
39.08324670791626
39.09361243247986
37.95926594734192
40.072957038879395
37.66975378990173
38.17461276054382
39.89976263046265
38.306699991226196
37.26500058174133
38.85201835632324
38.56035876274109
38.92532134056091
33.41974925994873
38.71640205383301
40.01510691642761
33.961934328079224
44.63207292556763
42.95805501937866
38.00254249572754
37.662379026412964
38.7981960773468
39.853798151016235
39.05105996131897
38.955270528793335
38.326802492141724
38.2951295375824
38.73726511001587
38.10289168357849
39.16070580482483
37.80401659011841
38.690107583999634
39.856401205062866
36.24959325790405
39.52997612953186
35.59784173965454
35.753716230392456
39.408348083496094
38.52830672264099
39.222008228302
38.46332359313965
39.338001012802124
39.19595289230347
38.84402370452881
39.26877784729004
39.890987396240234
39.37031888961792
38.41112399101257
38.545894622802734
38.60713505744934
38.05851340293884
37.82481360435486
38.81803822517395
38.393986225128174
44.64977145195007
44.29187607765198
37.4813506603241
39.73215842247009
38.443047285079956
38.770113945007324
43.994203090667725
43.65344166755676
38.92434287071228
39.71002149581909
39.637778997421265
38.545791149139404
38.49725413322449
37.729248046875
38.16040301322937
38.70788502693176
38.741697549819946
39.02098751068115
38.28526329994202
38.65391135215759
37.48828673362732
39.752530097961426
38.73314666748047
38.34025049209595
37.77687907218933
38.20728588104248
38.16822099685669
38.25596761703491
37.964497089385986
37.538854122161865
37.108556270599365
38.82363963127136
37.58128380775452
45.31402349472046
47.38020896911621
38.39146852493286
39.61257004737854
43.38584280014038
43.68948268890381
37.96952676773071
39.0848023891449
39.689127922058105
39.60991168022156
38.6714985370636
41.150474548339844
39.291905879974365
39.66442584991455
33.13499855995178
35.625885248184204
39.490376472473145
38.50957655906677
40.15159058570862
41.00023102760315
40.79157090187073
38.133357524871826
38.21079611778259
38.21986937522888
38.84843707084656
40.290215492248535
40.78073215484619
40.19671416282654
41.13352632522583
40.0053346157074
38.49007511138916
38.3263783454895
38.080474615097046
39.24475860595703
39.60074830055237
39.516119718551636
40.40215039253235
41.15966439247131
39.93954110145569
40.73992419242859
41.08723044395447
39.95905065536499
39.06286931037903
38.375102519989014
37.43881678581238
34.647480964660645
47.26518154144287
45.58773422241211
46.279037952423096
40.5792019367218
38.88057780265808
40.562495470047
40.76739263534546
35.35427665710449
35.358667850494385
38.699052572250366
39.80760478973389
39.99707865715027
39.01822066307068
41.33567404747009
40.30387544631958
41.17074275016785
42.4184205532074
40.31614923477173
42.0717031955719
40.0260534286499
42.21991443634033
40.49925947189331
39.6584038734436
40.90511870384216
37.76573395729065
38.19732666015625
41.306286334991455
40.517667293548584
41.6650013923645
40.41099166870117
41.296810150146484
40.79491829872131
41.86463141441345
40.877557039260864
38.81924533843994
38.92213797569275
41.504029512405396
41.47293496131897
41.193379163742065
40.89718151092529
40.25960445404053
40.561184883117676
40.8348433971405
46.51950550079346
46.32842445373535
39.75060701370239
39.745269536972046
41.43518900871277
39.83884525299072
39.93563437461853
41.2008171081543
40.2149555683136
41.31529521942139
40.62633275985718
41.19158959388733
41.764809370040894
34.974740505218506
32.57806372642517
33.98826742172241
41.0950767993927
39.56158995628357
40.792046785354614
41.09082245826721
39.26897978782654
40.07611060142517
34.321335792541504
35.0842866897583
39.987342834472656
41.07956266403198
40.65998888015747
40.33111643791199
41.2284197807312
40.60642218589783
35.92141246795654
41.76067090034485
35.07160210609436
34.20749807357788
40.923611640930176
40.32609939575195
40.49350714683533
39.9345600605011
40.40161609649658
40.72655129432678
39.63988709449768
39.91055870056152
39.261913776397705
40.13699960708618
40.58009743690491
36.27739453315735
32.2937650680542
32.04582095146179
34.565248012542725
41.81780982017517
41.700742959976196
42.23345732688904
41.69784688949585
40.79056358337402
41.045140981674194
39.35592436790466
40.38200259208679
38.78268623352051
40.9029335975647
39.9684579372406
40.70704174041748
42.28294277191162
41.61001205444336
41.40738224983215
41.80680990219116
40.50883460044861
41.257296323776245
41.037909507751465
39.76713681221008
36.54520535469055
38.569645166397095
40.085445165634155
41.655126094818115
32.5054771900177
34.13102841377258
41.63909912109375
40.75995135307312
39.88859510421753
41.03405570983887
40.97434902191162
42.93252944946289
33.540462017059326
43.94753456115723
44.037880420684814
38.276076555252075
42.86914253234863
41.837278842926025
42.6282377243042
42.865572452545166
42.86517524719238
41.635878562927246
40.98650765419006
41.725072383880615
38.154134035110474
35.77872061729431
36.01865601539612
38.335580587387085
37.56863594055176
39.935311794281006
41.658262729644775
42.23760437965393
41.86550974845886
41.98127341270447
43.09971499443054
42.34149932861328
45.07389307022095
41.45051121711731
42.72840118408203
42.139166831970215
42.423550605773926
39.73409700393677
41.968369245529175
43.66857671737671
36.33703017234802
42.211814403533936
41.474544048309326
43.0036461353302
47.53059267997742
45.99057674407959
42.49190926551819
42.56881761550903
43.32063055038452
43.62155866622925
41.83649396896362
43.460760831832886
42.48468589782715
42.85466194152832
42.936445236206055
42.18255639076233
43.02281975746155
42.525429010391235
42.97753834724426
42.297115087509155
37.331286668777466
36.459309816360474
42.37045216560364
42.58599281311035
42.12593650817871
42.14911913871765
42.15903949737549
35.67890429496765
36.69533729553223
43.006712675094604
42.10881805419922
41.91321873664856
43.04406714439392
42.29783844947815
42.804988861083984
41.55564498901367
42.58136749267578
44.213642835617065
42.20669102668762
42.478071212768555
41.93190550804138
41.80461859703064
37.01033282279968
35.95345973968506
41.182857275009155
40.78100275993347
42.16932797431946
42.62063384056091
42.11411714553833
43.101195335388184
43.22316098213196
43.008246183395386
43.24523591995239
39.12157607078552
44.35683989524841
42.42954421043396
37.95619440078735
37.238996505737305
43.014782667160034
42.805129528045654
41.914668560028076
42.81576108932495
42.63940358161926
41.82413196563721
43.0096492767334
43.61506128311157
43.70414090156555
37.51813197135925
40.09874892234802
44.11488103866577
34.902019023895264
33.743913650512695
34.17922329902649
44.09350633621216
41.83236598968506
43.53719162940979
41.159127950668335
42.811402559280396
40.582751989364624
41.92940545082092
42.023247957229614
43.25920224189758
42.2691216468811
42.31279730796814
41.626402139663696
42.811973571777344
41.45923089981079
46.96803164482117
47.7345073223114
42.62649869918823
41.818601846694946
42.47442579269409
42.30168890953064
42.23937702178955
43.03977584838867
42.350112199783325
40.59284543991089
43.49337077140808
43.27454590797424
43.479225873947144
42.34724736213684
42.45953845977783
42.97676086425781
34.8098247051239
43.19244837760925
42.356258392333984
42.63232421875
42.09293055534363
41.60830211639404
42.52027153968811
44.06860947608948
43.06121826171875
42.5524365901947
41.887282609939575
42.737149477005005
41.95098423957825
43.387858867645264
41.99738168716431
42.87447118759155
40.36075782775879
41.29130578041077
41.944594383239746
43.00592112541199
43.39350962638855
42.44720911979675
41.81500601768494
41.7998628616333
39.11542773246765
42.93302655220032
41.37066388130188
42.30906677246094
42.447481870651245
43.10490155220032
40.72016525268555
41.9976122379303
43.480345249176025
42.55417251586914
43.0160346031189
36.78713822364807
41.17170286178589
41.762128829956055
42.579455614089966
46.24700736999512
45.51302170753479
44.95113968849182
45.98934531211853
42.98517560958862
42.58939790725708
31.95573329925537
48.09190034866333
47.8947696685791
32.355249881744385
42.301801443099976
42.66330528259277
42.64201045036316
43.34604096412659
41.67967987060547
42.034966468811035
49.48429465293884
48.13851594924927
47.35882210731506
42.74009084701538
42.39646077156067
43.85764694213867
47.762757301330566
41.94147849082947
42.36990284919739
41.32335948944092
42.575549840927124
41.48313617706299
43.05498456954956
39.073392152786255
37.92685604095459
37.814061641693115
42.18840670585632
42.18254113197327
41.11904811859131
37.024616718292236
33.03561210632324
41.118003606796265
41.0262176990509
41.65921640396118
42.95496392250061
41.6365532875061
39.73301434516907
42.20817494392395
42.289918422698975
42.70488405227661
41.06865310668945
43.6355516910553
43.51582360267639
40.462881088256836
38.36745262145996
44.09537434577942
40.59077739715576
42.17372703552246
42.14545202255249
41.89673113822937
42.05021262168884
41.754462480545044
42.44085383415222
51.139251947402954
38.393224477767944
51.00913667678833
40.489075899124146
41.123164653778076
42.7854700088501
41.921473026275635
41.95912551879883
42.18851566314697
42.68177676200867
42.78455901145935
39.144917726516724
39.90582275390625
44.49409604072571
41.598620653152466
41.080007553100586
44.4170138835907
42.49544310569763
43.2587468624115
40.84850883483887
42.05893158912659
41.92477607727051
41.342960834503174
42.95785403251648
42.88875436782837
42.532246828079224
42.25256109237671
36.66815686225891
41.60940742492676
37.34371757507324
42.81113409996033
41.53306579589844
42.95984721183777
42.526055097579956
42.99052906036377
36.86145043373108
39.47497344017029
43.44259023666382
44.1199676990509
42.64932346343994
42.02751350402832
42.268760442733765
42.85192561149597
42.62766122817993
40.53659677505493
41.95780611038208
42.83291816711426
42.50936675071716
42.474340200424194
41.949707984924316
42.47466254234314
42.22077393531799
42.6435911655426
42.9051148891449
42.425782442092896
41.50678277015686
43.34248328208923
46.933653831481934
41.062415599823
37.39567470550537
38.01091432571411
42.266058683395386
42.02088212966919
41.79734230041504
42.64670658111572
42.583492040634155
39.1610472202301
38.986398220062256
42.33073568344116
42.130475997924805
41.59923076629639
42.371219635009766
43.844205141067505
42.31844425201416
42.1188805103302
42.30582070350647
41.07715344429016
41.38780164718628
40.467605113983154
44.820780515670776
44.43766689300537
41.72599720954895
43.72873330116272
42.03059196472168
42.617955684661865
41.641088008880615
43.019293546676636
38.6234815120697
38.56561613082886
41.109999656677246
41.52287697792053
42.06208634376526
42.22407865524292
41.89537858963013
43.35556507110596
45.29682016372681
45.002893686294556
39.49865126609802
39.201746463775635
41.50900959968567
43.365004539489746
44.39546823501587
41.91363310813904
42.27002954483032
40.23323392868042
42.77827787399292
43.14314079284668
40.94743227958679
37.93812823295593
48.38732671737671
42.11731147766113
42.01772117614746
42.42316675186157
41.753374338150024
41.85595726966858
42.660574197769165
41.028926849365234
41.701422691345215
43.48700308799744
41.11829495429993
42.77683997154236
41.937212228775024
45.3189857006073
42.49940896034241
43.06046009063721
39.96845841407776
43.96692109107971
38.423624992370605
41.70161747932434
40.15489411354065
43.329742670059204
41.740833044052124
41.896512031555176
43.19185400009155
42.16781163215637
42.50700116157532
39.921085596084595
40.391536712646484
42.15547752380371
42.14622521400452
42.201534271240234
41.53546166419983
42.94017505645752
43.08571124076843
44.88721227645874
42.66846442222595
41.99863362312317
42.553534269332886
42.8782274723053
42.71484184265137
43.12224984169006
42.987114906311035
42.54985475540161
41.98767614364624
43.75461006164551
43.4053258895874
42.221301794052124
40.794711112976074
42.53062105178833
42.10961890220642
43.18787741661072
43.90288209915161
44.02858519554138
41.619165658950806
43.976057291030884
42.01187062263489
43.44742798805237
42.77274513244629
41.399548053741455
42.83329939842224
39.721800804138184
40.84751749038696
41.966973304748535
42.450321197509766
42.97118425369263
43.32277727127075
42.70222568511963
42.9761004447937
42.07959198951721
42.702152252197266
42.88071966171265
42.5242121219635
42.27194166183472
43.328126668930054
43.15038537979126
42.711658000946045
42.10403060913086
41.19839692115784
42.96669840812683
41.7220299243927
41.714414834976196
43.88714957237244
41.60681176185608
45.09565782546997
42.45737147331238
39.328226804733276
39.86574602127075
42.031100273132324
43.65117168426514
42.893758058547974
41.247780084609985
39.70344877243042
42.19966721534729
42.33461260795593
41.78026819229126
42.756030797958374
42.686100006103516
44.102035999298096
42.42025327682495
42.63114929199219
43.222442626953125
43.218018531799316
43.45438861846924
43.41530776023865
43.90672326087952
43.46690535545349
43.81466102600098
42.730268478393555
42.61151957511902
42.37847566604614
44.16887640953064
43.71967649459839
39.66626501083374
42.56543493270874
42.62631130218506
43.06135964393616
44.38532853126526
42.97171068191528
43.2672061920166
43.19554305076599
43.3497474193573
43.73407292366028
39.96349477767944
40.83313179016113
42.83722424507141
42.66432166099548
43.98633003234863
43.218233823776245
42.9173469543457
43.360376834869385
44.071592569351196
42.77442526817322
43.60852122306824
42.645293951034546
43.873894691467285
43.21597671508789
43.01794147491455
43.00634574890137
43.12403106689453
42.26137113571167
42.906641483306885
44.37249732017517
43.86241316795349
44.75154185295105
41.76606273651123
43.364120960235596
44.04604482650757
42.08923649787903
43.10159993171692
41.89118695259094
42.25177335739136
43.43728232383728
42.519631147384644
44.18257975578308
43.02387189865112
42.746952056884766
39.64946985244751
46.03577208518982
44.561063051223755
42.81915020942688
42.457794189453125
44.957903146743774
43.03812527656555
42.35909152030945
43.960938453674316
43.859663009643555
43.15512299537659
43.08543276786804
43.33260989189148
43.77940249443054
42.902347564697266
41.688681840896606
43.25811147689819
43.649033069610596
43.20367097854614
42.55247163772583
42.839359521865845
38.62985587120056
37.52941536903381
40.923996686935425
42.04142904281616
43.18387460708618
43.30243992805481
43.50225234031677
42.13797688484192
42.1377112865448
42.450947284698486
42.99433422088623
43.2382173538208
42.68371653556824
43.612679958343506
42.55421566963196
43.64360165596008
44.38143348693848
43.4588258266449
44.09725260734558
43.218719720840454
44.089158058166504
42.31144595146179
43.28922390937805
43.3803334236145
41.990901947021484
40.52061438560486
45.00917935371399
42.514986991882324
42.70744276046753
44.05582308769226
42.340335845947266
43.09912848472595
43.856788635253906
43.17748022079468
42.40588116645813
43.36951923370361
42.26663637161255
44.008906841278076
43.458940267562866
42.19519829750061
42.87905478477478
44.262535095214844
43.65890169143677
43.10892295837402
43.27865719795227
43.798561334609985
43.01367425918579
41.93087577819824
43.93988823890686
40.76246190071106
42.66289734840393
43.05386972427368
42.46099543571472
43.565263986587524
42.87547945976257
42.56952524185181
42.71210432052612
44.12260174751282
38.442649841308594
37.31919741630554
39.59186601638794
33.676244258880615
42.36371731758118
44.04442834854126
43.44331622123718
44.38573408126831
42.43020510673523
42.64578104019165
43.63102412223816
43.130396127700806
43.21398901939392
42.84865188598633
43.29042029380798
43.73245358467102
43.089133739471436
43.94251990318298
42.87374663352966
42.566362380981445
43.867130279541016
41.53401207923889
42.699379444122314
37.521315813064575
36.688764333724976
37.28299522399902
37.811352014541626
43.91430854797363
42.585992097854614
42.634294748306274
43.1691575050354
42.42483115196228
44.259910106658936
42.647834062576294
42.99480700492859
43.498568058013916
43.163567781448364
43.01670050621033
44.252631425857544
43.06159543991089
44.548912048339844
43.534260272979736
43.699503660202026
43.76226234436035
43.65776872634888
42.8221549987793
44.17448401451111
43.385947942733765
42.806254863739014
43.873356103897095
41.51165294647217
42.08415150642395
43.76508641242981
42.474875926971436
42.67961025238037
43.65247917175293
43.650026082992554
43.19566226005554
43.23897576332092
43.54409909248352
44.380698680877686
43.26597476005554
43.132673025131226
43.94472599029541
43.028194427490234
43.677440881729126
43.366129875183105
44.24048113822937
44.13796639442444
43.42774033546448
43.657387256622314
42.68857765197754
44.20651173591614
42.40121603012085
42.771488428115845
42.639883041381836
43.66785502433777
43.705230474472046
42.97812342643738
43.278290033340454
43.45292091369629
43.968239307403564
42.51110768318176
43.769020557403564
44.70801568031311
43.87939500808716
43.18325686454773
43.04217886924744
42.98745155334473
42.794026613235474
43.66222047805786
43.674593925476074
42.94163537025452
43.758286476135254
43.01705193519592
45.10032534599304
43.935712814331055
43.75546956062317
44.85361957550049
43.258262634277344
42.60877442359924
41.5815703868866
42.91481161117554
43.86886167526245
44.75003099441528
44.62027382850647
42.24443006515503
41.67487049102783
41.951894998550415
44.04485821723938
42.75979924201965
43.10289525985718
43.59080386161804
43.731727600097656
43.8984100818634
42.24309468269348
43.068002700805664
43.04532170295715
42.87750554084778
44.20311880111694
44.04320430755615
43.05433249473572
43.6001181602478
43.27327299118042
43.154419898986816
44.54863786697388
42.86607217788696
44.47764039039612
42.335787534713745
42.12906813621521
42.66663575172424
42.75218057632446
41.256427526474
43.34214377403259
43.03727889060974
44.10088396072388
43.33958148956299
43.52609705924988
44.0248007774353
42.82351875305176
42.53049111366272
43.29609179496765
44.066326379776
43.024255990982056
43.04460692405701
43.22875261306763
43.75767922401428
43.439054012298584
43.45706391334534
43.1630961894989
42.730456590652466
43.25683283805847
43.219095945358276
43.6175000667572
45.1537721157074
43.361658811569214
43.42781686782837
42.06863284111023
42.76708698272705
43.04278612136841
43.404284954071045
43.317094802856445
44.75242280960083
43.116506814956665
42.574702978134155
43.09859228134155
43.53721523284912
42.85600662231445
43.43096160888672
43.12441039085388
43.99799466133118
42.911948680877686
43.03313422203064
43.81442165374756
42.91800785064697
42.560283184051514
44.12291097640991
42.88831305503845
43.093807220458984
43.18812131881714
44.234626054763794
43.35486435890198
42.157880544662476
43.722357511520386
42.37256669998169
42.88894820213318
43.6407630443573
43.317200660705566
43.400421380996704
43.65360403060913
43.1809401512146
43.30598068237305
42.73298406600952
44.22284388542175
44.16563892364502
43.56659913063049
43.60465884208679
42.79177689552307
42.83730387687683
42.78450536727905
42.945061922073364
43.41808104515076
44.363717794418335
43.394673109054565
43.029627084732056
42.40960097312927
43.46873641014099
44.01494216918945
43.695151805877686
42.231351137161255
43.03535580635071
44.43588089942932
43.37265348434448
43.36540937423706
43.53010320663452
43.108606576919556
43.45879411697388
43.56687068939209
44.31875658035278
44.50135517120361
43.24643015861511
43.65261197090149
43.015209674835205
43.89784812927246
43.01083183288574
43.863091707229614
43.38614630699158
43.50194787979126
42.89094662666321
42.98669695854187
43.64018797874451
43.3409059047699
43.99262857437134
43.023027181625366
43.64441227912903
43.81732773780823
43.68118619918823
44.19517922401428
43.55059504508972
44.602399826049805
44.01792931556702
43.45887780189514
43.42815446853638
42.887150287628174
44.02886438369751
43.21612620353699
44.639362812042236
43.761284828186035
43.04088068008423
43.44149994850159
43.55306577682495
43.26335668563843
44.22555875778198
43.546011447906494
43.163975954055786
43.37248420715332
43.40494775772095
44.181922912597656
43.95737290382385
43.644855260849
44.86019825935364
43.70412278175354
43.82692837715149
43.5570342540741
42.61613059043884
43.28987097740173
42.811113119125366
43.373942375183105
43.552093267440796
43.11143255233765
43.834131479263306
42.91361117362976
43.059728384017944
43.52409029006958
42.308160066604614
44.08933639526367
43.07006120681763
42.76576018333435
43.52784323692322
43.001867055892944
43.55585718154907
42.871237993240356
42.726096868515015
42.511544942855835
43.285985708236694
44.77128481864929
42.9025239944458
42.46445941925049
44.18936276435852
42.90579795837402
43.561882972717285
43.056814670562744
43.664899826049805
44.925699949264526
43.084776401519775
43.08321809768677
43.58806872367859
43.38621187210083
42.353559494018555
42.80238938331604
42.65258264541626
43.204556465148926
43.1927170753479
42.65899085998535
42.79921841621399
43.62622284889221
42.96204471588135
43.04007387161255
42.54385042190552
42.76407241821289
42.88879370689392
42.74920415878296
43.70240116119385
42.64128613471985
43.729676961898804
43.11546993255615
44.110665798187256
43.30533957481384
43.597434759140015
44.02621293067932
42.75701379776001
43.166449785232544
42.8366539478302
42.956045627593994
43.62316274642944
43.13642334938049
43.70965123176575
43.052781105041504
43.086504220962524
43.362648248672485
44.65658950805664
43.515013456344604
43.53001856803894
43.32804250717163
42.82436728477478
44.108338594436646
42.91232180595398
43.24901270866394
43.27312660217285
43.22938823699951
43.51260423660278
44.05830979347229
43.04657697677612
43.01056790351868
43.208234548568726
43.34343600273132
43.22865390777588
43.40624141693115
43.753713846206665
43.44123578071594
44.02234435081482
43.17531228065491
43.37376022338867
43.46033239364624
43.11945819854736
42.40544843673706
43.593793869018555
43.85758566856384
43.9837760925293
43.43818020820618
43.110716819763184
43.099838733673096
43.22552490234375
42.66445779800415
43.69690561294556
44.475640296936035
41.94476127624512
43.466538429260254
43.8256630897522
42.963895320892334
42.790393114089966
43.55186676979065
44.154563903808594
42.678640842437744
43.70791006088257
42.82512855529785
43.09782958030701
42.53827381134033
43.30109477043152
43.5115225315094
43.84579634666443
43.410324811935425
43.26516890525818
43.185991525650024
44.3861939907074
43.525410175323486
43.0582230091095
42.96632671356201
43.39482522010803
43.01182961463928
43.26801776885986
42.52512001991272
42.747992515563965
43.120742082595825
43.39435911178589
43.93728995323181
43.59628438949585
43.33141756057739
42.806694746017456
43.513726234436035
43.20444965362549
42.95003056526184
42.77776074409485
43.636621713638306
43.56851124763489
43.42407727241516
42.33951926231384
44.093883991241455
43.87570381164551
43.22825264930725
44.150800943374634
42.950374603271484
43.28441643714905
42.96399474143982
43.145084619522095
43.54538559913635
43.4456901550293
43.39676332473755
42.747629165649414
42.61652445793152
43.54942774772644
43.5233416557312
43.14386701583862
43.92429566383362
44.82334804534912
43.767494678497314
44.16291904449463
43.941301107406616
43.434117555618286
43.02671790122986
43.38009452819824
43.188896894454956
43.98703980445862
43.22242879867554
43.93785381317139
43.112144231796265
42.78257369995117
43.205806255340576
44.067347288131714
43.426701068878174
43.7182252407074
43.46728873252869
43.09555101394653
43.07999134063721
43.25069785118103
43.391088247299194
43.752190351486206
44.62694191932678
44.661803245544434
42.70114994049072
44.40354633331299
43.138572692871094
42.87773370742798
42.063693046569824
43.656076192855835
43.78476881980896
45.16644597053528
44.686100244522095
42.55803894996643
43.75498604774475
44.497865438461304
43.56592035293579
42.33519244194031
44.12377905845642
43.33878779411316
42.8566370010376
43.34641695022583
43.72098445892334
43.819881439208984
43.30515933036804
42.90236210823059
43.38693714141846
44.439945936203
42.82664203643799
43.07047367095947
43.346238136291504
43.969927072525024
42.9593243598938
43.6195912361145
43.752007484436035
43.641642570495605
43.2899432182312
43.78817176818848
42.85664415359497
43.8468918800354
43.20040249824524
43.33085894584656
44.06525754928589
43.001779556274414
43.03491926193237
43.084335803985596
43.165146350860596
42.577627658843994
43.19488763809204
43.00750231742859
43.407480001449585
43.58400583267212
43.14039087295532
43.47230768203735
43.4986891746521
43.54713535308838
43.273398637771606
44.637033462524414
43.581971168518066
43.47765803337097
43.19806671142578
43.143983125686646
43.54514718055725
42.68790102005005
44.11132740974426
43.32266354560852
42.830212116241455
43.414621114730835
43.54233360290527
43.76709747314453
43.64666771888733
42.79092311859131
43.502623319625854
43.44440054893494
43.26719403266907
43.517218828201294
43.739842653274536
43.92813014984131
43.6603102684021
43.582733392715454
42.649829387664795
43.357120990753174
43.17486619949341
42.63196349143982
43.1675386428833
43.93390345573425
43.836753368377686
43.10865116119385
42.80806875228882
42.84191083908081
42.98240852355957
42.05229997634888
43.27051663398743
43.88374376296997
44.72891879081726
42.79534673690796
43.963050365448
43.86815595626831
43.65115833282471
43.476266622543335
43.93591856956482
43.437509536743164
42.534132957458496
43.41849899291992
44.48010301589966
42.992977142333984
43.85210633277893
43.742647647857666
43.309380292892456
43.54233360290527
43.19279432296753
43.65123105049133
42.99008631706238
43.668391942977905
43.547818183898926
43.534465312957764
42.46724581718445
43.42264223098755
43.553906202316284
43.66889810562134
44.00641489028931
43.27921462059021
42.936989545822144
44.13416910171509
42.96023178100586
43.042624711990356
43.61243963241577
43.612908601760864
43.1900269985199
43.52995228767395
42.62948226928711
43.596105098724365
43.858099937438965
44.02333998680115
43.37965941429138
43.73073387145996
43.30717706680298
43.882577657699585
43.37086462974548
43.45745515823364
43.49603009223938
43.475698947906494
43.07136297225952
43.360777616500854
42.9149124622345
43.40809392929077
43.237751960754395
42.732998847961426
42.556530714035034
43.684582471847534
42.66932964324951
43.968318462371826
44.10905408859253
43.86842727661133
42.58443212509155
43.937939167022705
43.8375198841095
44.39279747009277
42.763362884521484
42.83133149147034
42.76144552230835
43.74560904502869
43.32422876358032
42.868921518325806
42.321651220321655
43.75394797325134
43.12731599807739
43.80509066581726
44.00090980529785
44.35963535308838
42.793992042541504
43.1847198009491
44.4799370765686
42.91160011291504
43.35069966316223
43.70103096961975
42.261261224746704
43.65893578529358
44.194599866867065
43.05650496482849
42.93786931037903
44.103310346603394
43.922369718551636
43.487590312957764
42.48593091964722
43.43952536582947
43.42040944099426
43.35274267196655
43.313735246658325
42.98286271095276
43.323062896728516
43.419625759124756
42.89096927642822
43.22594904899597
43.956197023391724
43.040666341781616
43.43987035751343
44.20309925079346
44.37831377983093
44.17226815223694
42.89770698547363
42.51571583747864
43.50097060203552
43.2133092880249
43.06741976737976
43.58358550071716
44.3604896068573
42.74994134902954
44.20785069465637
42.81922268867493
43.204960107803345
43.31547427177429
43.998159408569336
43.52322864532471
43.148212909698486
42.83517384529114
42.70163035392761
43.14331340789795
44.28291296958923
42.8542914390564
43.729230642318726
43.49082899093628
42.661932945251465
43.45979142189026
42.84456515312195
44.874316930770874
43.32388353347778
44.0486204624176
43.85437870025635
43.3289110660553
43.513206243515015
43.10506725311279
42.88799428939819
44.043986558914185
43.07098746299744
44.29411005973816
42.754459619522095
43.05999255180359
44.3807315826416
43.373024463653564
43.9628267288208
43.358407497406006
43.17291498184204
44.213594913482666
43.22524976730347
43.228729248046875
43.955546140670776
42.85637593269348
43.378143548965454
42.84817719459534
44.032432317733765
43.608293533325195
44.046982765197754
43.18730807304382
43.33131384849548
42.868064403533936
42.98810911178589
43.51478052139282
44.17071890830994
43.5919451713562
43.49495077133179
42.772183895111084
45.06847786903381
44.295624017715454
42.74708890914917
43.94542050361633
44.174909353256226
42.18856239318848
42.261051177978516
43.80157423019409
42.60779929161072
43.82273530960083
43.34529685974121
42.91692852973938
43.79690194129944
42.66773986816406
43.67482924461365
42.02815842628479
43.405861377716064
44.587815046310425
43.41122508049011
42.93241834640503
42.99965834617615
42.982563972473145
43.13938522338867
44.00597596168518
42.44937252998352
43.173489809036255
43.29219102859497
43.942344188690186
43.93892312049866
43.101375579833984
42.78317975997925
43.68255114555359
43.5426607131958
42.68478536605835
43.184077739715576
44.4093804359436
43.202720642089844
42.47730588912964
43.16139221191406
43.17411756515503
43.2782187461853
42.73765277862549
42.52528762817383
43.50775408744812
43.639238595962524
43.00415873527527
43.197288036346436
43.301608085632324
43.572754859924316
43.141892194747925
44.04017424583435
43.03618311882019
43.28920125961304
42.75712490081787
43.23222088813782
43.495999574661255
43.40378522872925
43.576303243637085
42.50724816322327
43.337631702423096
43.00589299201965
42.72628307342529
43.683879375457764
42.92506194114685
43.45474076271057
42.92524576187134
44.166123151779175
43.20883631706238
42.18460297584534
43.04869866371155
43.78178024291992
42.77697420120239
42.77726411819458
44.298197507858276
43.130942583084106
43.156150579452515
43.59559178352356
44.165547370910645
42.88969850540161
43.32374811172485
43.593276262283325
42.9779896736145
44.25469350814819
43.2789032459259
44.0962336063385
42.824547290802
42.69420599937439
44.28038144111633
43.511258363723755
44.42693090438843
43.78609275817871
43.68847632408142
42.114208459854126
42.68909168243408
43.50419020652771
43.19793391227722
43.396268129348755
42.768723249435425
42.81446933746338
44.28303408622742
42.93692398071289
44.48797249794006
43.982022762298584
43.37980556488037
43.44766283035278
43.707173109054565
44.17176151275635
43.80672311782837
43.27001595497131
43.12304878234863
43.37941026687622
43.292860984802246
43.30168128013611
42.94401812553406
43.12906503677368
43.16032123565674
43.64082646369934
44.316861629486084
42.49112510681152
42.627811670303345
43.18572163581848
43.102344036102295
43.05717611312866
43.858758211135864
42.74698805809021
44.259910345077515
43.04890465736389
42.958678245544434
43.685912132263184
43.84124994277954
44.2199981212616
43.1985502243042
43.97852039337158
43.33166027069092
43.490360260009766
43.268792390823364
43.91939973831177
43.43419098854065
43.269906520843506
43.73064661026001
43.55488157272339
43.10294699668884
42.99842667579651
43.2980432510376
42.973469495773315
43.04031038284302
42.43279957771301
44.19915056228638
42.84493446350098
43.71187782287598
43.393876791000366
43.36636233329773
43.03931975364685
43.44269323348999
42.423686027526855
43.17169165611267
43.012831687927246
43.467796325683594
43.00314116477966
42.8243248462677
43.78863263130188
43.10167908668518
44.02259588241577
43.09898543357849
43.261436223983765
43.12696146965027
43.22510361671448
43.161412954330444
43.28938007354736
43.63289165496826
45.27229714393616
43.04814624786377
43.70314335823059
44.0653510093689
43.64141249656677
43.44403648376465
43.96652626991272
43.125181674957275
43.39414954185486
41.90829944610596
44.4975004196167
42.37081837654114
43.23018717765808
43.6594512462616
43.33475875854492
43.7826611995697
42.99266052246094
43.3065402507782
43.41753888130188
42.654534101486206
43.538347005844116
43.674826860427856
44.18653154373169
43.03043174743652
42.83844590187073
43.594592332839966
43.44051957130432
43.81154203414917
44.3269407749176
42.69572901725769
43.23381280899048
43.370879888534546
43.254061460494995
43.50658106803894
45.01310849189758
44.112791299819946
43.55540442466736
43.22091794013977
43.19766569137573
43.447187185287476
43.16406035423279
43.51750040054321
44.019131898880005
42.93283677101135
42.701456785202026
42.778101682662964
42.413894176483154
44.54506182670593
43.05865478515625
43.48977613449097
43.261728286743164
44.31287240982056
43.68505930900574
44.189505100250244
43.255924463272095
43.204691886901855
43.04912543296814
43.38665008544922
42.97047448158264
44.10153126716614
43.07492256164551
43.504674434661865
42.960715770721436
43.03964161872864
42.79628801345825
43.50911259651184
43.75383925437927
43.19553256034851
43.25651979446411
42.953224658966064
43.82293915748596
44.19008207321167
44.850322008132935
44.10226535797119
43.72680640220642
43.9756600856781
44.205931425094604
44.02531862258911
44.109951972961426
42.52289414405823
42.67110323905945
43.035983085632324
43.12037372589111
42.680659770965576
43.78938627243042
43.58212065696716
44.100218296051025
43.31342530250549
43.407429456710815
42.47345232963562
44.30793523788452
44.5969660282135
44.18004536628723
43.37041711807251
43.971049547195435
43.90225291252136
43.96448564529419
42.97824478149414
43.84815311431885
43.1593816280365
43.42136812210083
43.161134481430054
42.96093511581421
43.53730130195618
43.24229049682617
43.01631712913513
42.91542291641235
43.38927149772644
43.74994206428528
43.1790816783905
43.69300150871277
43.288230657577515
43.268056869506836
42.979618549346924
42.37411189079285
42.70516896247864
43.225921392440796
42.85354995727539
43.06972336769104
42.863754749298096
43.48230814933777
43.65301322937012
43.0305061340332
43.46046447753906
42.858051776885986
43.40386891365051
43.01285743713379
44.432125091552734
43.51316571235657
43.44197368621826
43.72636103630066
42.902228355407715
43.3084077835083
43.210612773895264
43.6771457195282
43.17878317832947
43.623101472854614
43.25169253349304
43.368489503860474
43.83241033554077
43.231242418289185
42.56210136413574
42.565534353256226
43.99500513076782
42.64488959312439
42.84691047668457
42.95322775840759
43.09886598587036
43.932886600494385
42.42817282676697
43.40830755233765
43.54962778091431
43.46684741973877
43.19995045661926
44.283222913742065
43.12651801109314
44.28069543838501
43.16582703590393
42.819416999816895
43.583253383636475
44.2674777507782
43.62493419647217
44.17217135429382
44.00109624862671
43.89653277397156
42.827444553375244
43.05843377113342
43.613950967788696
43.29435467720032
43.49846696853638
44.141026973724365
42.91799831390381
44.42562913894653
43.64680290222168
43.53285765647888
42.91106557846069
43.83360767364502
43.30476498603821
44.094337701797485
43.38234186172485
43.07831692695618
43.5951931476593
43.975252628326416
43.39068269729614
43.834728956222534
43.20502972602844
43.891345500946045
43.73379921913147
43.00297498703003
43.67705059051514
43.32110834121704
43.26785469055176
43.5184805393219
43.14842081069946
43.50535249710083
42.92339205741882
43.952600955963135
43.86784601211548
42.92246747016907
44.82238507270813
43.47054839134216
43.19610071182251
43.477816343307495
44.008822202682495
42.883463621139526
42.98917579650879
44.24150109291077
