31.059410333633423
31.63997483253479
31.083561420440674
31.19856548309326
31.447035312652588
31.07633113861084
30.560352325439453
30.760973691940308
30.783698320388794
31.739091873168945
31.833548545837402
31.02991271018982
31.16573452949524
35.91037631034851
31.643641471862793
32.029252767562866
31.6322124004364
32.14589023590088
32.296578884124756
35.26852321624756
33.81749939918518
35.28121781349182
33.59293818473816
34.18219971656799
34.698989391326904
34.850836992263794
33.64461851119995
35.986024618148804
34.57205271720886
33.822057485580444
34.598487854003906
32.711650133132935
32.7704553604126
34.8586962223053
35.3794047832489
33.3067352771759
32.340710163116455
32.09898257255554
33.95673370361328
32.19322752952576
32.0220263004303
33.271300077438354
32.89605236053467
32.98828983306885
33.86558508872986
32.75861740112305
31.867028951644897
34.14512228965759
33.818094968795776
29.866469383239746
35.05122375488281
33.57394218444824
34.204811573028564
34.244062662124634
34.199753761291504
34.22300124168396
34.867043256759644
32.7546546459198
34.67189812660217
31.502329349517822
32.43918514251709
32.996517181396484
32.54600524902344
34.54520773887634
35.03444528579712
30.06492781639099
30.760828018188477
33.99922204017639
34.779823303222656
34.59023594856262
30.997190475463867
31.100139617919922
33.85481023788452
35.406999826431274
34.48292779922485
31.185019731521606
31.062658071517944
34.20972394943237
35.164555072784424
34.61438536643982
34.524168491363525
35.722167015075684
33.620620250701904
34.563767194747925
33.74792432785034
33.86806607246399
31.65902280807495
34.454378843307495
34.73789930343628
34.27630019187927
34.37008023262024
31.98394513130188
31.441126346588135
33.63339161872864
34.153528690338135
34.3788526058197
34.31442213058472
34.998682498931885
34.602720975875854
33.99167799949646
34.671199560165405
34.025983810424805
34.556838274002075
34.726147413253784
34.009729623794556
35.24992752075195
33.851906538009644
33.39587044715881
34.15296721458435
33.9080023765564
33.88612198829651
34.431304693222046
34.14050269126892
34.098028898239136
34.49714159965515
34.02014756202698
34.12257385253906
33.74102568626404
32.76189947128296
33.96268081665039
33.69017434120178
33.36553478240967
33.56726884841919
33.61213493347168
34.71103811264038
33.529463052749634
34.35788059234619
34.001861572265625
36.1557981967926
35.52374982833862
35.36179447174072
34.631102085113525
34.70872116088867
34.559072494506836
35.870747566223145
34.382741928100586
34.93859100341797
36.632704973220825
33.81522059440613
34.431132793426514
33.41955590248108
34.78010368347168
34.60917067527771
34.61604690551758
34.42201900482178
34.93625235557556
33.34489130973816
35.016067028045654
34.66729760169983
34.8412880897522
34.05087900161743
34.71293902397156
34.07087063789368
35.21962761878967
35.11891436576843
36.1808066368103
34.204333543777466
32.94300580024719
31.709166765213013
34.611836194992065
35.028817653656006
34.37109351158142
31.43377709388733
32.38131284713745
31.944106578826904
32.75525164604187
31.764089584350586
37.45439839363098
33.83014225959778
31.87225914001465
31.673089265823364
32.13899540901184
31.26902747154236
31.527324199676514
31.592631816864014
31.77928066253662
31.451313734054565
31.94128918647766
31.518220901489258
32.15751099586487
32.01684260368347
32.24779963493347
32.34549689292908
32.64477586746216
31.4856059551239
32.35575532913208
32.11256170272827
31.269618034362793
32.00646710395813
31.88566565513611
31.301488876342773
31.611644744873047
31.810723304748535
32.75857663154602
32.64617204666138
32.19631314277649
32.85143041610718
31.805668354034424
32.0757839679718
33.47061824798584
32.49373936653137
33.43273115158081
32.37505578994751
33.17699646949768
32.263630390167236
31.552281379699707
31.85616159439087
32.879685401916504
31.576268911361694
34.712751150131226
31.309569597244263
32.27462649345398
34.05964374542236
33.85476493835449
33.38491749763489
32.05448269844055
31.114076375961304
31.581084728240967
32.265164375305176
31.712795734405518
31.62139129638672
32.50068998336792
32.379135847091675
31.916841506958008
31.875176429748535
32.18261241912842
31.40152072906494
31.406026601791382
32.39884376525879
31.62598991394043
32.76255178451538
32.324138164520264
32.960803508758545
34.44409918785095
32.12824559211731
32.05195617675781
31.868305206298828
31.216467142105103
32.20746874809265
31.432982683181763
31.71570611000061
31.632153511047363
31.394630670547485
31.91305446624756
32.755340337753296
31.711254358291626
31.52837324142456
31.196765661239624
32.49140667915344
32.674981355667114
31.994231462478638
31.96400737762451
31.2964448928833
32.01893758773804
33.29565167427063
31.88614249229431
31.34330677986145
31.855507850646973
31.93033194541931
31.963538885116577
31.822210788726807
33.21313691139221
32.3569450378418
31.320412158966064
31.71573495864868
31.987060546875
32.019490242004395
31.429413557052612
32.53502011299133
31.42223572731018
31.055562496185303
31.53466248512268
32.786208152770996
31.45122790336609
31.10297989845276
31.45816159248352
32.06381916999817
32.700286865234375
32.008145809173584
31.42577338218689
31.801366329193115
31.824039220809937
31.68363380432129
31.62931990623474
31.61378526687622
31.516672372817993
32.16966462135315
31.385887145996094
31.293235778808594
31.95321011543274
33.85603094100952
31.953511476516724
32.08044934272766
32.234272718429565
31.711220741271973
31.804562091827393
31.701496839523315
32.08940625190735
32.08722162246704
31.771040678024292
31.3612163066864
32.0998969078064
32.79715585708618
31.77622103691101
31.394195318222046
31.456875801086426
27.993473052978516
28.067294120788574
32.03339695930481
32.31549859046936
31.65621042251587
32.573986768722534
32.17414617538452
31.595526218414307
31.659388542175293
31.91983914375305
32.4585964679718
31.91251039505005
31.622801065444946
31.99505925178528
31.952478408813477
31.70806384086609
32.193371057510376
31.374744176864624
31.615238189697266
32.30405902862549
30.975820302963257
31.966062784194946
36.61868333816528
31.748168230056763
31.352967739105225
32.23432922363281
32.61805033683777
32.65270209312439
32.18082332611084
31.18464946746826
32.1915979385376
31.474450826644897
32.27754473686218
31.560018301010132
31.39719820022583
32.46035838127136
30.740554094314575
31.023322343826294
32.040247201919556
31.843416690826416
32.336475133895874
31.62485671043396
31.87694025039673
32.031943798065186
34.34092688560486
31.331626892089844
33.28961443901062
35.19109487533569
31.838651180267334
32.06698727607727
32.51432800292969
32.09639048576355
32.7794885635376
31.594970703125
31.920565605163574
31.893566846847534
31.74321413040161
32.56351709365845
31.584608554840088
31.939088821411133
31.81808114051819
31.884873628616333
31.704436540603638
31.489452362060547
31.700647115707397
32.512611865997314
31.640299081802368
31.042813777923584
31.233158826828003
32.333078384399414
31.74520468711853
32.14329409599304
30.52047085762024
30.424753189086914
31.70613193511963
31.886236906051636
32.13755702972412
31.602158784866333
31.790932416915894
32.431403160095215
32.40924119949341
31.70884394645691
31.522836446762085
31.773955821990967
31.91480278968811
31.427860736846924
31.76417374610901
31.851497650146484
31.61612606048584
32.044737339019775
31.134166955947876
31.22565007209778
31.715516328811646
30.866141319274902
31.35534119606018
31.47489619255066
31.654710292816162
31.759888887405396
31.429599046707153
31.840394735336304
31.66762089729309
31.82054352760315
31.443500995635986
33.08936595916748
32.87162208557129
31.61074686050415
31.696608781814575
32.332433223724365
31.841820001602173
31.64668345451355
31.60694980621338
31.813324213027954
31.463402271270752
31.936094999313354
32.95676827430725
31.501724243164062
32.091811180114746
31.707645893096924
31.351224184036255
31.526859760284424
31.426851511001587
32.52047657966614
32.701897382736206
31.446531772613525
32.07753849029541
31.30940866470337
32.114439964294434
31.976734399795532
31.909061670303345
32.30226731300354
31.78365468978882
32.43873333930969
31.581414461135864
31.452741146087646
31.574271202087402
31.590530157089233
31.557923793792725
32.019070863723755
31.814351320266724
31.926112413406372
32.01784944534302
31.24033761024475
31.126930952072144
32.02680706977844
30.369797706604004
31.36627721786499
31.863526582717896
31.830036163330078
32.64467191696167
31.92862558364868
31.940224647521973
32.1131751537323
31.80571484565735
32.11438226699829
31.450185537338257
31.854307413101196
31.778785943984985
31.643656492233276
31.41961646080017
31.50328040122986
32.41534209251404
31.964493989944458
31.328222274780273
30.904746055603027
32.32422161102295
31.309561014175415
32.416054010391235
31.49578070640564
31.9827139377594
31.213478088378906
31.560431957244873
32.00849175453186
31.45797610282898
32.32310342788696
31.0855929851532
32.388649702072144
32.01350378990173
32.6596782207489
31.676455974578857
31.63384485244751
31.12017583847046
31.2513210773468
31.287468194961548
31.77505898475647
31.613792657852173
31.738126754760742
31.838656902313232
31.274641275405884
32.38837003707886
31.707923412322998
31.712581872940063
31.90325617790222
32.124937295913696
31.542189598083496
31.311046361923218
31.331199884414673
31.753255128860474
31.512474060058594
31.889098644256592
32.263742446899414
32.01597237586975
31.617515087127686
32.21297073364258
32.521064043045044
31.33406400680542
31.4689359664917
31.39457106590271
31.205565214157104
31.220088243484497
31.32386565208435
31.508101224899292
31.649118661880493
31.669740676879883
31.905014038085938
31.678781747817993
31.372363328933716
31.257501363754272
31.84176993370056
31.896976947784424
31.850780248641968
31.69259762763977
31.345867395401
30.993411540985107
31.386634826660156
31.537781238555908
31.929007053375244
31.15508770942688
31.544515132904053
31.450531005859375
31.585190057754517
31.82229495048523
31.9199275970459
31.709344148635864
31.374855279922485
31.336320400238037
31.643818378448486
31.111963272094727
32.05290484428406
32.72280287742615
31.981505632400513
31.56920337677002
31.567474603652954
31.846168518066406
31.292237997055054
32.158480405807495
31.43099069595337
31.670743465423584
31.586721420288086
31.704668045043945
31.55460548400879
31.531336069107056
31.707058906555176
32.73709535598755
31.507412433624268
31.291773319244385
31.855183601379395
31.554791688919067
31.314144372940063
31.078484058380127
31.404662609100342
31.034721851348877
31.42983841896057
31.56804394721985
31.39395546913147
32.30374240875244
31.532413244247437
31.6241295337677
31.69319796562195
31.54146099090576
31.785008907318115
31.666946411132812
32.04843711853027
31.44460129737854
32.73901629447937
31.851655960083008
32.08903694152832
32.341782331466675
31.14976668357849
32.5659294128418
31.483718395233154
32.27074146270752
31.58273434638977
31.526331186294556
31.85939860343933
32.12045073509216
31.50704264640808
31.52599263191223
32.048890352249146
31.358947038650513
31.27139186859131
32.20074248313904
31.140066623687744
32.63508152961731
31.301077365875244
31.663383722305298
31.423484086990356
32.306132555007935
31.24078607559204
31.64618706703186
31.6554057598114
31.441349029541016
31.339489936828613
31.18584680557251
31.450228691101074
31.486820936203003
31.60727334022522
31.25531792640686
31.186666250228882
31.484357357025146
31.645483255386353
31.817071199417114
31.884039640426636
31.435474634170532
31.050525188446045
31.732892274856567
31.801767826080322
31.504444122314453
31.600080490112305
31.840121030807495
31.88170099258423
32.20121908187866
32.03523349761963
32.00487470626831
31.67337417602539
31.635663747787476
31.599945783615112
31.490338802337646
31.1615948677063
31.780757188796997
31.657407760620117
31.906044006347656
31.657275438308716
32.04958653450012
31.193172931671143
31.655538082122803
31.092884302139282
32.380996227264404
31.11138606071472
31.52623462677002
32.01397919654846
32.17562007904053
31.956976413726807
31.273357152938843
31.687190771102905
31.294081449508667
32.03245663642883
31.705617904663086
31.386134386062622
30.59140944480896
31.1659255027771
31.431823015213013
31.13100528717041
31.448469877243042
31.37440514564514
31.42727017402649
32.07126212120056
31.431537628173828
31.560958862304688
31.310649871826172
32.81136608123779
32.04350781440735
31.660847187042236
32.05606269836426
31.45444107055664
31.982643842697144
31.280842304229736
31.60421919822693
32.255451917648315
31.24060869216919
31.855701446533203
31.54269766807556
31.48544454574585
32.308917760849
31.749876499176025
31.780582904815674
31.803492546081543
31.660737991333008
31.384910106658936
31.313129901885986
32.55500030517578
31.44493556022644
32.05770444869995
31.989563465118408
32.80567407608032
32.35385012626648
31.13407874107361
31.50978112220764
31.72704005241394
31.468783617019653
31.305410861968994
31.484013080596924
32.05047821998596
31.24562096595764
31.729618310928345
31.481208324432373
32.0522186756134
31.68115472793579
31.403534412384033
31.64624571800232
31.45282292366028
31.4016752243042
31.597227334976196
31.58918523788452
31.814191818237305
31.301897525787354
31.186185121536255
31.525463342666626
31.59859347343445
31.48746395111084
31.538750171661377
32.53334832191467
31.62243676185608
32.06091046333313
31.78163170814514
31.510646104812622
31.914692878723145
31.634565830230713
31.348825931549072
32.63662314414978
31.531074285507202
32.07981562614441
31.529873847961426
31.80259394645691
31.39227056503296
32.21382808685303
32.13906979560852
31.670554161071777
31.735682010650635
31.578497648239136
31.05342745780945
31.836662530899048
31.445183992385864
31.288756847381592
31.341344356536865
32.85930943489075
31.45163655281067
31.0448477268219
31.106640338897705
31.330080032348633
31.91593885421753
31.164637565612793
31.366535663604736
32.785202503204346
31.94039797782898
32.03091263771057
31.43271231651306
31.570611000061035
31.506972551345825
31.39463996887207
31.524246215820312
31.652273416519165
31.781939029693604
31.416390419006348
31.153690814971924
30.932256937026978
31.166438102722168
31.56411862373352
31.449305057525635
31.622425079345703
31.687506198883057
31.30036187171936
31.49313473701477
31.627028465270996
31.664161682128906
31.391552686691284
32.133368492126465
30.886573553085327
31.48027229309082
31.432188510894775
31.603191375732422
31.84551453590393
31.78136110305786
31.64179825782776
31.881855726242065
31.54107975959778
31.272788763046265
31.543835163116455
31.641388177871704
32.028632402420044
31.646164655685425
31.337684392929077
31.133094310760498
31.429487228393555
31.63995623588562
31.273441553115845
31.299319982528687
32.1901171207428
31.677570104599
31.1537082195282
31.559161901474
32.12533950805664
31.109612703323364
31.627660036087036
31.6863911151886
31.34091544151306
31.43548893928528
31.940110206604004
31.892216682434082
31.325474977493286
31.69704246520996
32.15009093284607
31.27724552154541
31.81155037879944
32.02599382400513
31.525150775909424
32.05398988723755
31.614949941635132
31.230270385742188
31.116207122802734
32.16704082489014
31.46811270713806
31.48780107498169
31.832721948623657
31.52590847015381
31.985106945037842
31.43611741065979
31.284665822982788
31.15049958229065
31.458101511001587
31.35104513168335
31.38589334487915
31.74080538749695
31.186800956726074
31.208887100219727
31.758512496948242
31.469351530075073
31.505764722824097
31.329511404037476
32.02265381813049
31.90953230857849
31.445749521255493
31.63330888748169
31.876023054122925
31.61186718940735
31.135233402252197
31.440566301345825
31.973304271697998
31.41812801361084
32.29435896873474
31.45825433731079
31.2771999835968
31.5687198638916
31.397951126098633
31.401769638061523
31.459524154663086
31.73462224006653
31.355791330337524
31.616458415985107
31.63614320755005
32.6033194065094
31.90062379837036
31.4312961101532
32.02175164222717
31.619948863983154
31.38039469718933
32.0744423866272
31.589111804962158
32.58021259307861
31.511186361312866
32.41255307197571
31.50945281982422
31.498200178146362
32.099448919296265
31.981258869171143
31.811285972595215
31.684792041778564
32.033708572387695
31.54421043395996
31.192242860794067
31.50111985206604
31.37853240966797
31.62167716026306
31.901636123657227
31.66668725013733
31.25897240638733
31.673430919647217
31.818032264709473
31.38472867012024
31.28103995323181
31.332022666931152
31.211207151412964
31.294346570968628
31.359200477600098
31.564895629882812
31.685038089752197
31.480419158935547
31.85182785987854
31.268186569213867
31.658621072769165
31.60165810585022
32.00953245162964
31.373674631118774
31.179347038269043
31.572290897369385
31.15868306159973
31.563969373703003
31.997268438339233
31.924508094787598
31.423511266708374
32.328999757766724
31.729846000671387
31.623031616210938
31.730534076690674
31.388512134552002
31.934937238693237
31.75320601463318
31.598719835281372
32.393640995025635
31.141461610794067
31.58555006980896
31.312175989151
31.28209352493286
32.053436040878296
31.668709754943848
32.02959394454956
31.63724946975708
31.425009727478027
31.495803356170654
31.45445442199707
31.418095588684082
31.562788009643555
31.690475463867188
32.366578340530396
31.82282042503357
31.60446810722351
31.91230607032776
32.26750183105469
31.95200228691101
31.502103567123413
31.827258110046387
31.434335947036743
31.409224271774292
31.375040769577026
31.384317636489868
32.173539876937866
31.085816144943237
31.135083436965942
31.501928567886353
31.22956681251526
31.754765272140503
31.24452519416809
31.649013996124268
32.63671088218689
31.678302526474
31.532259464263916
31.71334981918335
31.5935697555542
32.03000521659851
31.17490816116333
31.37469792366028
31.840425729751587
31.912659406661987
32.45207977294922
31.713669061660767
31.656457662582397
31.637855529785156
31.52322745323181
31.43870496749878
31.498708486557007
31.29486846923828
31.50713801383972
32.79823970794678
31.51670789718628
32.107184171676636
31.356366395950317
31.663077354431152
31.992106437683105
32.28639888763428
31.85975956916809
32.485692739486694
31.4721839427948
31.753544807434082
31.455631971359253
31.427414417266846
31.750965118408203
31.1514630317688
32.50855541229248
31.570489168167114
31.866026163101196
31.53626799583435
31.66956853866577
31.98588728904724
31.71858263015747
32.12636590003967
31.709949016571045
31.886945962905884
31.46860980987549
31.52855634689331
32.105905055999756
31.64102005958557
32.30161094665527
31.768566370010376
31.72555446624756
32.21887755393982
32.038738489151
31.687880277633667
31.72288203239441
31.463094234466553
31.456461191177368
31.71043634414673
33.39404582977295
32.086814165115356
32.56573987007141
31.515443086624146
31.79605197906494
31.776268005371094
31.84575581550598
31.594355821609497
31.589364051818848
31.896915674209595
31.261725187301636
32.19882559776306
31.53693461418152
31.75876474380493
32.250622272491455
31.4316349029541
31.486795902252197
31.498269081115723
31.760806560516357
31.263099908828735
31.841830253601074
31.742886066436768
31.678292274475098
31.68259072303772
31.03589653968811
31.67841911315918
32.26242780685425
31.43696355819702
31.006836891174316
31.601863622665405
31.7263822555542
31.769688844680786
31.571727514266968
31.490111351013184
32.26567625999451
31.387984037399292
31.55354404449463
32.10246992111206
31.42796516418457
32.043506383895874
31.521474599838257
32.274991035461426
31.580745220184326
31.523852586746216
31.724037408828735
31.250803470611572
31.480787992477417
31.48665189743042
31.08307719230652
31.558947563171387
31.676164150238037
31.56205105781555
31.477712869644165
31.645143508911133
31.55125856399536
31.609916925430298
31.536228895187378
31.686680555343628
31.635626792907715
31.73383355140686
31.522362232208252
32.03987765312195
32.06385564804077
31.774347066879272
31.9557363986969
32.00961089134216
31.623736143112183
31.826581954956055
31.597453355789185
32.177934885025024
31.807429313659668
31.95917558670044
31.28377866744995
32.233275175094604
31.443532705307007
31.640147924423218
31.6889591217041
31.67653799057007
31.377666234970093
31.29768204689026
31.338170289993286
31.649893283843994
31.553792715072632
31.863372087478638
31.76478862762451
32.187031745910645
31.50191378593445
31.89078664779663
31.69764018058777
31.40889024734497
31.694257497787476
31.385024547576904
31.910174131393433
32.16830563545227
31.695798873901367
31.16756296157837
31.563464164733887
32.22631072998047
31.560035228729248
31.169129848480225
31.27792000770569
31.300480842590332
32.01145076751709
31.67345118522644
31.49810791015625
31.269250869750977
31.61094880104065
31.333383560180664
31.23491644859314
31.484139680862427
31.303757429122925
32.07683610916138
31.591373920440674
31.55937623977661
31.4998619556427
32.10926389694214
31.543732404708862
31.6084566116333
31.503533601760864
32.122785806655884
31.443692922592163
32.380159854888916
31.5217866897583
32.230743408203125
32.128408670425415
32.227290630340576
31.85152316093445
31.54190158843994
31.10129475593567
31.962657928466797
31.62809944152832
31.685529470443726
31.659146308898926
31.989904642105103
31.42154288291931
31.474499940872192
31.956225872039795
31.614003896713257
31.637100219726562
31.587607622146606
31.77921223640442
31.101644039154053
31.48956322669983
31.623228311538696
32.067044258117676
31.548938035964966
31.140120029449463
31.58299422264099
31.471495389938354
31.41251254081726
31.658761978149414
31.230021953582764
32.33502268791199
31.826359272003174
32.063122034072876
31.43093729019165
31.366039514541626
32.07268691062927
32.248491048812866
31.718481063842773
31.870274305343628
32.159008741378784
31.71418595314026
31.825501918792725
31.41480040550232
31.73055672645569
31.498342990875244
31.73737382888794
32.19613289833069
31.68865132331848
31.721312046051025
31.27432131767273
31.463997840881348
31.916082859039307
31.530570030212402
31.28158164024353
31.50814199447632
31.73687982559204
32.25548267364502
32.298826456069946
31.453556060791016
32.24028491973877
31.738358974456787
31.62522029876709
31.828197956085205
31.889060258865356
31.829069137573242
31.189470529556274
31.66323471069336
31.433867692947388
32.07522988319397
31.183002471923828
31.493816137313843
30.983747005462646
31.460567235946655
31.654649019241333
31.59225606918335
31.865983486175537
31.686439514160156
32.101459980010986
31.68708634376526
31.6812744140625
32.06640148162842
31.594878435134888
31.72854733467102
31.748897075653076
31.58035373687744
31.592501163482666
31.629945039749146
32.07398748397827
31.67223072052002
31.440945148468018
31.97384214401245
31.70111322402954
31.861889362335205
32.12119674682617
31.75515341758728
31.871155500411987
31.834002017974854
31.588666677474976
31.262166500091553
32.09725546836853
31.443370819091797
31.219481229782104
31.526265859603882
31.863460063934326
31.82992935180664
33.277456283569336
31.585775136947632
31.919032096862793
31.59193181991577
31.430428981781006
31.77031135559082
31.36862301826477
31.677760124206543
31.167213201522827
32.047834157943726
31.59880232810974
31.656928300857544
33.20922613143921
31.628819465637207
31.28896188735962
31.975077152252197
31.583635091781616
31.896026611328125
31.464673042297363
31.88694405555725
31.700881004333496
32.168049335479736
31.872223615646362
31.76852250099182
32.33821749687195
31.76954460144043
31.68168544769287
31.436121702194214
32.191349267959595
31.340174913406372
31.69043803215027
32.58907413482666
31.64756989479065
31.5415780544281
31.55299210548401
31.8483943939209
31.54304027557373
32.20370125770569
31.556581020355225
31.86741542816162
31.321491718292236
31.37555193901062
31.726853609085083
31.644160270690918
31.642183542251587
31.541651010513306
32.38215899467468
31.52210283279419
31.63948154449463
31.52209448814392
31.53318190574646
31.58978271484375
31.608932971954346
31.21259617805481
31.381898880004883
32.56880283355713
31.264747142791748
31.787217378616333
35.56263852119446
31.694101572036743
32.46264958381653
31.96096181869507
31.935325145721436
31.87531065940857
31.21030592918396
31.485299825668335
31.689247131347656
31.383480072021484
31.656672954559326
31.855064868927002
31.39930248260498
31.394638538360596
31.64537763595581
31.43663001060486
32.90168738365173
32.22434687614441
31.798200845718384
31.596485376358032
31.29101872444153
31.236618518829346
31.688581943511963
31.51233673095703
31.67577362060547
31.112946271896362
31.606436014175415
31.520952463150024
31.98247241973877
31.80593967437744
31.720049619674683
32.01845455169678
32.132164478302
32.010507583618164
32.162171363830566
31.830127477645874
32.92874884605408
30.970441818237305
31.631179809570312
31.28080701828003
31.508888244628906
31.947868585586548
31.8002769947052
31.50812339782715
31.62200403213501
31.774205446243286
31.516586542129517
31.357593297958374
31.50711750984192
32.106894969940186
32.445517778396606
31.77343511581421
31.490983963012695
31.19009518623352
31.093352794647217
31.677839279174805
31.616185665130615
31.388726711273193
31.440243244171143
31.802252292633057
31.170984029769897
31.116926908493042
31.143393993377686
31.45125389099121
31.390177011489868
31.708434104919434
32.20367789268494
31.71021342277527
31.550501108169556
31.47924256324768
31.53491520881653
31.373087167739868
32.08330464363098
31.944213151931763
32.11918663978577
31.693439245224
31.753411054611206
31.811402082443237
31.40219283103943
31.438812971115112
31.63590121269226
31.512197971343994
31.43026876449585
31.753792762756348
31.223860502243042
31.627267360687256
32.09016513824463
31.773142099380493
31.47746515274048
32.397693157196045
31.438766479492188
31.204801321029663
31.434406042099
31.999101638793945
31.453694581985474
31.381139993667603
31.664116621017456
31.723528623580933
31.66384720802307
31.531325340270996
31.793879747390747
31.39061999320984
31.402480363845825
31.33215570449829
31.38128423690796
31.240402221679688
32.099913358688354
31.631388425827026
31.609344005584717
31.359766244888306
30.451959133148193
30.753600358963013
31.55197811126709
31.292904138565063
31.936099767684937
31.85163640975952
31.751983165740967
32.10107231140137
31.907283544540405
31.706790685653687
32.26115655899048
31.164048433303833
31.89997363090515
31.365092754364014
31.41468834877014
32.70870232582092
31.563726902008057
32.12550902366638
31.59995722770691
31.37847137451172
31.755931615829468
31.6479811668396
31.529109477996826
32.239349603652954
32.25422525405884
31.53245711326599
31.545275926589966
31.49515986442566
32.07835078239441
31.90579128265381
31.48822331428528
31.938634157180786
31.331745386123657
31.65040922164917
32.113439083099365
31.401113271713257
32.00349974632263
31.69099712371826
32.01805877685547
31.705783128738403
31.746252298355103
31.259694576263428
31.67946219444275
32.73343896865845
31.591878652572632
31.72061514854431
31.240694999694824
32.06766319274902
31.529135942459106
31.984964609146118
31.56407642364502
31.430540084838867
32.70882511138916
31.703307151794434
31.74962329864502
31.735045671463013
31.67638659477234
31.382512092590332
31.62031388282776
31.55803370475769
31.32241439819336
31.776476860046387
31.71406054496765
31.521223068237305
31.40575861930847
31.920659065246582
31.431280851364136
31.357706546783447
31.916698217391968
31.47764778137207
31.734168529510498
31.31347393989563
31.80729103088379
31.72420859336853
31.62820553779602
31.550487756729126
31.701675176620483
32.079559564590454
31.560224771499634
31.660422563552856
31.319517850875854
31.81196117401123
32.49632263183594
31.58749747276306
31.475402355194092
31.66960906982422
31.65826916694641
31.550435781478882
32.81261610984802
31.58042287826538
31.80184578895569
31.829822540283203
31.641921281814575
31.319469690322876
32.03574228286743
31.345545053482056
31.72001600265503
31.675154209136963
31.202821254730225
31.660789012908936
32.07414793968201
31.9601047039032
31.162383317947388
31.231930255889893
31.485737800598145
32.04194116592407
31.7133948802948
31.544427394866943
31.85503315925598
31.497173309326172
31.33090114593506
31.655319213867188
31.617750883102417
31.296613693237305
31.495458126068115
31.261809825897217
31.988070964813232
31.6563503742218
31.39197325706482
31.642951011657715
31.4466712474823
31.732398986816406
31.841360330581665
31.5781512260437
31.88846516609192
31.73926854133606
32.65770244598389
32.03958034515381
31.176142692565918
31.756368398666382
31.637847900390625
31.197741270065308
32.516913175582886
31.62497568130493
31.632234811782837
32.37429451942444
31.896069526672363
31.071534156799316
31.69970393180847
31.371705293655396
31.630101203918457
31.59611487388611
31.259586095809937
31.54155158996582
31.948162317276
31.628920555114746
32.18734693527222
31.13266634941101
31.255207061767578
31.80075240135193
31.17462682723999
31.529759645462036
32.121185302734375
31.2667977809906
31.415979385375977
31.148024082183838
31.352749586105347
32.01048803329468
31.949987173080444
31.665308237075806
32.200462102890015
31.580583095550537
31.829618215560913
31.231099367141724
31.425637245178223
31.392313241958618
31.198952198028564
31.65284252166748
31.621912956237793
32.08547592163086
32.33104205131531
31.339760303497314
31.95512294769287
31.096601963043213
31.689809322357178
31.978981256484985
31.224920511245728
31.61212134361267
31.04902935028076
31.896870851516724
31.328094244003296
31.627902030944824
31.72220230102539
31.296260833740234
31.65657925605774
31.137986660003662
31.749300718307495
31.161625623703003
31.639202117919922
31.392685174942017
32.10305976867676
31.94667959213257
31.131676197052002
31.37877583503723
32.41234540939331
31.415481090545654
31.477153301239014
32.07900428771973
32.10600423812866
31.966753005981445
31.574411153793335
31.449585437774658
31.601739406585693
31.31087613105774
31.45244336128235
31.447678089141846
31.397586822509766
31.434213876724243
31.56554102897644
31.756686687469482
32.15410494804382
31.608914852142334
32.06353211402893
31.26547408103943
32.01248621940613
31.488527059555054
31.407212257385254
31.659170389175415
32.08854818344116
31.641799449920654
31.593408823013306
31.450353384017944
31.581809043884277
32.1394522190094
32.35996460914612
32.16038417816162
31.387627601623535
31.72876262664795
31.39048409461975
31.65296983718872
31.528542041778564
31.67207956314087
31.29444670677185
31.46495819091797
31.564936876296997
31.602303504943848
31.662381649017334
31.69173312187195
31.947375059127808
31.632174015045166
31.29576086997986
31.89785075187683
31.17435121536255
31.678295135498047
31.25717306137085
31.60822081565857
31.05385947227478
32.03236985206604
31.644449949264526
31.361160278320312
32.06829118728638
31.873847484588623
31.900938272476196
31.649633646011353
31.652987957000732
32.27730894088745
31.483097553253174
31.185735940933228
32.15078115463257
31.544055938720703
32.06791281700134
31.863234758377075
31.6810519695282
31.745041847229004
31.675259590148926
31.209630489349365
31.439903259277344
31.742407083511353
31.384485483169556
31.67343235015869
31.607053995132446
32.03922724723816
31.605365753173828
32.136479139328
32.83143472671509
32.0495343208313
31.494219541549683
31.8806414604187
31.543376207351685
31.478336811065674
31.247167110443115
32.63385057449341
31.7540922164917
32.311421394348145
31.127553939819336
31.707846879959106
31.7400803565979
31.917197704315186
31.45895767211914
31.765623331069946
31.65175223350525
31.831674575805664
31.318495988845825
31.484301805496216
31.847859144210815
31.224026203155518
32.1897451877594
31.711802005767822
31.2947895526886
31.804938316345215
31.25607466697693
31.950045585632324
31.15007209777832
31.979159116744995
31.73352313041687
31.199830770492554
31.58243227005005
31.080159902572632
31.686180114746094
31.300362825393677
31.81882357597351
31.835906505584717
31.713500261306763
31.49398684501648
31.70020341873169
31.56499671936035
31.88689684867859
31.67587184906006
31.755111932754517
31.018086910247803
31.353382349014282
31.515822410583496
31.74679470062256
31.800496339797974
30.996927976608276
31.468624114990234
32.265429735183716
31.502928972244263
32.35957145690918
31.689842224121094
31.700284004211426
31.646361827850342
31.599196195602417
31.48859405517578
31.707486391067505
31.80824327468872
31.98614239692688
32.22433519363403
31.573916912078857
31.910505533218384
31.971144199371338
31.27394461631775
31.574262857437134
31.866982460021973
32.54362750053406
31.576216220855713
31.990785837173462
31.098715782165527
32.05601477622986
31.799779891967773
31.96362328529358
31.676587343215942
31.497458934783936
31.518742084503174
31.24799609184265
31.70722985267639
31.338727712631226
31.257721662521362
31.868940830230713
32.25703144073486
32.134132385253906
31.07779550552368
31.710676193237305
31.111472845077515
31.43249535560608
31.678580284118652
31.4463472366333
31.583675384521484
31.49908947944641
31.528393983840942
32.03208136558533
32.07673645019531
31.843509435653687
31.426987648010254
31.596750259399414
31.544289350509644
32.07983040809631
31.881404876708984
31.494809865951538
31.525774717330933
31.63696002960205
31.789948225021362
31.733123540878296
31.327023029327393
31.838313817977905
31.291500329971313
31.204948902130127
31.365148305892944
32.24451041221619
31.89013409614563
31.538260459899902
32.406856298446655
31.33606767654419
31.84234070777893
32.069013357162476
31.715861082077026
32.23925757408142
31.562758922576904
31.851243495941162
31.4563570022583
31.476752042770386
31.988064527511597
31.91604995727539
31.91033124923706
31.3542218208313
31.85149312019348
31.49926781654358
31.558870792388916
32.00869154930115
31.3432457447052
31.64469289779663
31.436450481414795
31.227945804595947
31.228450775146484
31.927407264709473
31.604717016220093
31.635183334350586
31.33009672164917
31.82797074317932
31.610557317733765
32.05138802528381
31.389532327651978
31.814842700958252
32.03973627090454
31.37585711479187
31.5814425945282
32.03653025627136
31.74931049346924
31.19255781173706
31.721932411193848
31.915090799331665
31.66237187385559
31.491349935531616
31.344063758850098
32.12242126464844
31.343238830566406
31.64737343788147
32.22293019294739
31.809293746948242
32.1255464553833
32.07240867614746
31.927270650863647
32.148260831832886
32.2787823677063
32.13799810409546
31.953372478485107
31.27186870574951
31.911288499832153
31.14081358909607
31.405871868133545
31.993710041046143
31.201184511184692
32.23087739944458
31.761797189712524
32.00411629676819
31.581655979156494
31.64736843109131
31.927680492401123
31.081427097320557
31.547292470932007
32.214622259140015
31.852847814559937
32.74116325378418
32.13562297821045
31.473647594451904
32.18379187583923
31.135165452957153
31.908581256866455
31.62185788154602
32.14130687713623
31.780323028564453
32.093605756759644
31.386744022369385
31.491470098495483
32.52504777908325
31.19287395477295
31.736066341400146
31.969716548919678
31.332066535949707
31.61460828781128
31.812251329421997
31.38262104988098
31.41792869567871
31.52243733406067
31.81213879585266
31.348697900772095
32.04075217247009
31.551121711730957
31.439501762390137
31.74688696861267
31.258893728256226
31.604475259780884
31.641902208328247
31.58341693878174
32.00026988983154
31.764588117599487
31.38242769241333
32.02577042579651
31.50666117668152
31.18513011932373
31.612650394439697
31.68738079071045
31.42868733406067
31.10153841972351
31.458544492721558
32.248528480529785
31.5383460521698
31.40528106689453
31.62532663345337
31.44179606437683
31.626271963119507
31.57643723487854
31.20293426513672
31.3614182472229
31.098400592803955
31.3216290473938
31.507110118865967
32.10658025741577
32.202306509017944
31.199960231781006
32.098127126693726
32.543923139572144
31.92730975151062
31.39693021774292
31.293809175491333
31.620382070541382
31.29213786125183
31.637174606323242
31.895524740219116
31.251242637634277
32.299503803253174
32.117011070251465
31.417057752609253
31.622783422470093
32.01134371757507
31.79204797744751
31.45401692390442
32.26278734207153
31.556618213653564
31.716113328933716
31.34559440612793
30.978376150131226
31.64853811264038
31.769733667373657
31.241533279418945
32.502121686935425
31.89523983001709
31.216776371002197
31.56436061859131
31.581305503845215
32.05329871177673
31.91842818260193
31.79923152923584
31.608113050460815
31.69417667388916
31.63926935195923
31.9956533908844
31.501116037368774
31.817004680633545
31.510168075561523
32.07497477531433
31.591240882873535
32.334611892700195
31.543253183364868
31.95778465270996
32.299805879592896
31.7179856300354
31.501702785491943
31.594075441360474
31.54163122177124
31.585824251174927
31.49563765525818
31.695844650268555
31.277862310409546
31.792194366455078
31.511984825134277
31.717119932174683
31.375239610671997
31.51799964904785
32.22038197517395
32.16746807098389
31.570696592330933
31.379442930221558
31.407703161239624
31.725550651550293
32.11020565032959
31.44243812561035
31.534111261367798
31.469529151916504
32.07638144493103
31.604832887649536
31.384934902191162
31.774532556533813
31.633720874786377
32.17331266403198
31.16290283203125
31.726614952087402
31.835875272750854
31.536877155303955
31.729906797409058
31.450528144836426
31.978113889694214
32.913068771362305
31.533777952194214
31.548298835754395
31.57837677001953
31.517723321914673
31.368669033050537
31.595956087112427
31.091599225997925
31.888492584228516
31.39381718635559
31.507495164871216
31.425797939300537
31.57608437538147
32.43181133270264
31.715837478637695
30.99337887763977
31.3316593170166
31.829573392868042
31.89497208595276
31.337550163269043
31.8365159034729
31.236590147018433
31.808783292770386
31.56502676010132
31.515403747558594
31.522881269454956
32.202306270599365
31.539448738098145
31.21007227897644
31.661200046539307
32.00468921661377
32.46052408218384
31.87161374092102
31.269248723983765
31.28658103942871
31.46901297569275
31.68496346473694
31.70278024673462
32.208489656448364
31.854044675827026
31.21245837211609
31.00909161567688
31.329792976379395
31.88886332511902
31.216924905776978
31.389806270599365
31.59007239341736
31.191112756729126
31.948461771011353
31.616945028305054
31.6230366230011
31.690552234649658
31.388116598129272
32.126699924468994
31.5597562789917
31.712092876434326
32.344900369644165
31.52395009994507
31.646196126937866
31.265267372131348
31.467968463897705
31.10834288597107
31.79200506210327
31.527144193649292
31.794093370437622
31.67719531059265
31.604178190231323
31.4328191280365
31.87761640548706
31.569899320602417
31.27582049369812
31.491576194763184
31.56265139579773
31.298708200454712
32.13292121887207
31.699286222457886
31.543644428253174
31.05244493484497
31.73615598678589
31.468562126159668
31.369571685791016
32.010027170181274
31.42433762550354
31.44837760925293
31.130524158477783
31.414150953292847
31.7564959526062
31.540940761566162
31.64945936203003
31.624521255493164
31.60570740699768
31.247923851013184
32.29920220375061
32.419230461120605
31.57589292526245
31.586004734039307
31.25508213043213
31.521997451782227
31.599284648895264
31.49798607826233
31.341833353042603
31.79161310195923
31.645262718200684
31.384841918945312
31.502084732055664
32.19725298881531
31.71394920349121
31.702611207962036
31.21884298324585
31.8942928314209
31.61192226409912
31.564167499542236
31.826635360717773
31.804113149642944
31.85173535346985
32.038108825683594
31.837576150894165
31.129292964935303
31.9324951171875
31.23242950439453
32.00092887878418
31.45107650756836
32.21454167366028
31.55448055267334
31.25203561782837
31.92898964881897
31.53914523124695
31.38081955909729
31.555814266204834
31.68132996559143
32.0375337600708
32.0721538066864
31.685556173324585
31.98641562461853
31.90463399887085
31.407028198242188
32.004515409469604
31.584906101226807
31.660800457000732
31.513909101486206
31.44625496864319
31.46958041191101
31.42562460899353
31.5389506816864
31.4515278339386
32.370301485061646
31.425429105758667
31.495399713516235
32.257370948791504
30.946616172790527
31.413718223571777
31.611494779586792
31.684927225112915
31.43587851524353
31.31947684288025
31.9015953540802
32.11410593986511
31.450197458267212
31.299073934555054
31.585725784301758
31.412845134735107
31.452962636947632
31.436336517333984
32.071686029434204
31.655144929885864
31.50896954536438
32.366846561431885
31.47080659866333
31.432473182678223
32.26959681510925
31.735307455062866
31.72021985054016
31.78696346282959
32.240829944610596
32.04297232627869
31.281351327896118
31.561227798461914
32.15778923034668
32.236552715301514
31.58065676689148
31.214038133621216
31.479273557662964
31.304299354553223
32.1185667514801
32.15143370628357
32.323314905166626
31.973055839538574
31.489996194839478
31.635470390319824
31.36276125907898
31.144043684005737
31.927804231643677
31.3248610496521
31.754119634628296
31.290517330169678
31.536550998687744
31.820438385009766
31.935099124908447
31.42970633506775
31.462461948394775
32.03410029411316
31.304781436920166
32.5266535282135
32.078479051589966
31.66781783103943
31.57858443260193
31.477819204330444
31.88335418701172
31.632824897766113
31.462769031524658
31.525835752487183
32.595035791397095
31.545274257659912
31.78620409965515
31.692298650741577
32.00478529930115
31.587322235107422
31.56156301498413
31.23641848564148
31.782716274261475
31.55915927886963
31.470688581466675
31.797614812850952
31.584835052490234
32.27436637878418
31.483587503433228
31.908220052719116
31.55940055847168
30.966723680496216
31.852094650268555
31.239627361297607
31.223634243011475
31.244123220443726
31.874942779541016
31.25819754600525
31.531705379486084
31.261120319366455
31.624708890914917
31.616109609603882
31.631627798080444
31.606781005859375
31.938639879226685
31.98323631286621
31.55104660987854
31.875312328338623
31.526525497436523
31.43706202507019
32.19134855270386
31.624398708343506
31.780396699905396
32.08075952529907
32.71947884559631
31.4579119682312
31.47302222251892
31.863214254379272
32.23712730407715
31.260424375534058
31.907997131347656
32.370845794677734
31.709702968597412
32.303719997406006
31.25165319442749
31.258634090423584
32.66053533554077
31.486770153045654
31.367934465408325
31.936266660690308
31.29049277305603
32.179977893829346
31.642347812652588
31.495903730392456
31.41178584098816
31.591137409210205
32.288079261779785
31.658392429351807
31.35623526573181
31.75241708755493
31.481752634048462
32.007641077041626
31.79895544052124
31.76897168159485
31.339153289794922
31.779436349868774
31.849467515945435
31.513309240341187
32.0242338180542
31.573018550872803
32.47633981704712
31.722245931625366
31.574756860733032
31.50532102584839
31.954535484313965
31.962506771087646
31.585633039474487
31.543186902999878
31.3570716381073
31.429952383041382
31.788495302200317
32.071211099624634
31.75241208076477
32.085566997528076
31.338692665100098
31.55413031578064
31.662808656692505
31.145588397979736
32.02335047721863
31.731167793273926
31.394651174545288
31.608286142349243
32.060518980026245
31.636715173721313
31.607048511505127
32.27327370643616
31.780479192733765
31.39479160308838
31.773957014083862
31.9506356716156
32.26301908493042
32.05750584602356
31.17104482650757
31.411274433135986
31.871259212493896
31.719670057296753
31.60175657272339
31.870617866516113
32.354721546173096
31.91293501853943
31.55048704147339
32.0356342792511
31.176562786102295
31.67654800415039
31.509045600891113
31.729403734207153
31.281242609024048
31.47104287147522
31.808831930160522
31.535481452941895
31.483150243759155
32.025166273117065
31.428248643875122
31.67171597480774
32.286142349243164
31.483253479003906
31.932312726974487
31.868205308914185
31.31048893928528
31.813166856765747
31.182618379592896
32.1187686920166
31.213691473007202
31.697089195251465
31.65206217765808
31.6524338722229
31.443928003311157
31.216214418411255
31.645777463912964
32.242202281951904
31.89122772216797
31.58492636680603
32.07118463516235
31.628793239593506
31.250673294067383
31.52847194671631
31.518430709838867
31.333541870117188
31.58219313621521
31.280399322509766
31.42087197303772
31.445149898529053
32.527774810791016
31.123113870620728
31.28075671195984
32.180678844451904
31.37480139732361
31.304601430892944
31.8083279132843
31.523823976516724
31.313938856124878
31.423576831817627
31.655274868011475
31.31489133834839
31.59253239631653
32.58637619018555
31.811587810516357
31.74647617340088
32.00404715538025
31.49990963935852
31.36248540878296
31.35512375831604
31.838255167007446
31.24058771133423
32.12811875343323
31.644104719161987
31.512471199035645
31.412398099899292
31.742229461669922
32.57430839538574
31.935784101486206
31.792000770568848
31.922265768051147
31.598235845565796
31.44420075416565
31.491794109344482
31.3899347782135
31.724661111831665
31.860172271728516
31.565738916397095
31.898581981658936
32.03231859207153
31.524864673614502
31.155582666397095
31.702243089675903
32.18687701225281
31.60941433906555
31.469253301620483
31.99272084236145
31.42757821083069
31.878825426101685
31.736013412475586
31.745624780654907
31.286195278167725
31.826385259628296
31.182600259780884
32.51205253601074
31.86512303352356
31.161293268203735
31.730268955230713
31.355834007263184
31.614790201187134
31.699816942214966
31.50735378265381
31.54606294631958
31.084818840026855
31.371784687042236
31.3198459148407
31.6484272480011
32.03017497062683
31.483768463134766
31.553563833236694
32.478142499923706
31.03901433944702
31.419367790222168
31.809448719024658
31.617438554763794
31.45202374458313
31.36685085296631
31.61700177192688
31.392186880111694
31.58144736289978
31.43637776374817
31.284830570220947
31.43063735961914
31.733762502670288
31.53169059753418
31.17890739440918
31.168802976608276
31.496463537216187
31.51841688156128
31.520610809326172
32.22572422027588
31.536091327667236
31.489563465118408
31.326225757598877
31.442036151885986
31.82030200958252
31.83423638343811
31.351348400115967
31.618021726608276
32.235490560531616
31.712064027786255
31.573910236358643
31.809027194976807
31.612261295318604
31.931710958480835
31.957135438919067
31.690937042236328
31.673444271087646
31.43619179725647
31.534688234329224
31.61706781387329
31.941539764404297
31.172003030776978
31.512380599975586
32.28658103942871
31.76710605621338
31.225276947021484
32.33439016342163
32.22662854194641
31.41013813018799
31.507007837295532
31.47813391685486
31.702879190444946
31.45606827735901
31.7420597076416
31.51355743408203
31.22164559364319
31.921077251434326
32.60730266571045
31.565953016281128
31.898195266723633
31.45222043991089
31.928303241729736
31.929312705993652
32.04194450378418
32.10118770599365
31.71332025527954
31.93541955947876
31.903504371643066
31.634435415267944
31.43875789642334
32.32192301750183
31.548889875411987
32.14944100379944
31.685078144073486
31.264033555984497
32.10873341560364
31.50990605354309
32.19695329666138
31.308086156845093
32.08915591239929
31.619105577468872
31.26978611946106
31.771328449249268
31.596917629241943
31.610037326812744
31.620227098464966
31.774242877960205
31.3393816947937
31.493385791778564
31.511347770690918
32.07204556465149
31.669811964035034
32.419474840164185
31.519169569015503
31.632112741470337
31.88386631011963
31.598016023635864
31.676093816757202
31.980156660079956
31.88892698287964
31.285117864608765
31.492971181869507
32.09537696838379
31.580310821533203
31.987285375595093
31.58248734474182
31.10373044013977
31.668349981307983
31.33871626853943
31.478919982910156
31.878953456878662
32.49468469619751
31.500974416732788
32.130138635635376
32.00019598007202
32.359365701675415
31.295806646347046
32.24196410179138
31.720823287963867
31.61152458190918
32.177417039871216
31.187602043151855
31.216657876968384
31.521785736083984
31.423173189163208
31.641997814178467
31.66131901741028
31.519017457962036
31.682646989822388
31.769105672836304
31.761258125305176
31.66193437576294
31.870484590530396
32.35507011413574
31.526758909225464
31.737709283828735
31.534041166305542
31.639440298080444
31.26635766029358
31.44156289100647
31.793013334274292
31.474332332611084
31.57202124595642
32.12848877906799
31.8880877494812
31.919174671173096
32.37247943878174
31.773521900177002
31.48274803161621
31.190886974334717
32.329078912734985
31.425101041793823
32.29661560058594
32.21346092224121
31.79389214515686
32.13131141662598
31.444935083389282
31.472883701324463
32.04793953895569
31.671125650405884
32.287781715393066
31.558817148208618
31.50688934326172
31.393775701522827
31.58165144920349
32.17271280288696
32.07982563972473
32.18113088607788
32.322367668151855
31.202141284942627
31.278459787368774
31.61816906929016
31.61933183670044
31.549035787582397
31.685506105422974
31.310760736465454
31.51610779762268
31.46839666366577
31.517458200454712
31.990180492401123
31.519284963607788
31.961251974105835
31.60262107849121
31.509947776794434
32.45038342475891
31.527005672454834
31.493160247802734
31.552960872650146
31.80470037460327
31.38049864768982
31.430160760879517
31.996147871017456
31.175901412963867
32.2719669342041
31.986642837524414
31.84086775779724
31.884321689605713
31.65864896774292
31.63702368736267
31.31414794921875
31.101932764053345
31.46734356880188
31.63852334022522
31.4139244556427
31.576736450195312
31.65582585334778
32.05243968963623
31.48249363899231
31.596656799316406
31.636991262435913
32.31512904167175
31.898478984832764
32.08964252471924
31.584712266921997
31.677730560302734
31.96675944328308
31.734907150268555
31.452738761901855
31.908640146255493
31.73088574409485
32.412643909454346
31.393818616867065
31.611267805099487
32.06581974029541
32.022908210754395
31.540369749069214
31.245283126831055
31.80138087272644
31.397618770599365
31.415778160095215
31.69153928756714
31.614028930664062
32.17684197425842
31.80972409248352
31.78759503364563
31.5919246673584
31.515114784240723
31.414774417877197
31.799652338027954
31.740254402160645
31.718682765960693
31.897863388061523
31.654620885849
31.767540454864502
32.426132917404175
31.53659701347351
31.436357975006104
31.86167883872986
31.679516077041626
31.259178161621094
31.508100509643555
31.412805795669556
31.649783849716187
31.672558069229126
32.11779022216797
31.465293169021606
31.81473159790039
31.991265296936035
31.258379697799683
31.574953079223633
32.03777575492859
31.668394565582275
31.454758405685425
31.596198081970215
31.201438188552856
31.394263982772827
31.510521173477173
31.94234609603882
31.910688400268555
31.64283013343811
31.80451989173889
31.632407903671265
