13.079017639160156
14.648665428161621
13.188922643661499
13.156036853790283
12.959526300430298
13.208189010620117
12.294377088546753
13.541286945343018
13.604697704315186
12.981037139892578
14.288482904434204
13.094809770584106
13.291351795196533
12.908286333084106
13.919425964355469
14.35106086730957
14.398494720458984
12.702645301818848
12.68078064918518
12.967932939529419
14.419853925704956
12.779120206832886
12.884430408477783
11.77071213722229
12.251816749572754
13.086173057556152
12.799638271331787
12.827312231063843
12.706265211105347
12.512841939926147
14.582294225692749
14.403757810592651
12.175567388534546
12.178584098815918
12.799484968185425
12.806102275848389
12.968378782272339
12.544424057006836
12.313997983932495
12.862092971801758
12.615798950195312
12.474160432815552
12.709535837173462
13.292183876037598
13.140638828277588
13.218627214431763
12.514975309371948
13.59716796875
12.62181043624878
12.521674871444702
12.18511414527893
12.573482275009155
12.572909593582153
12.661464214324951
12.473735332489014
12.524129390716553
13.048171520233154
12.880208253860474
12.721582889556885
12.461663246154785
12.581990480422974
12.676526069641113
12.648500919342041
12.26509428024292
12.90482759475708
12.987574815750122
13.015401601791382
13.663453102111816
13.070920705795288
12.372261047363281
14.22430968284607
14.198246717453003
12.591023445129395
12.511496543884277
13.168903350830078
12.785349369049072
12.579787254333496
12.772324800491333
12.400827169418335
13.00498366355896
12.929455280303955
12.555413007736206
12.24168062210083
13.150146007537842
13.444008350372314
13.06657075881958
14.899430274963379
14.235489130020142
12.620859384536743
13.086251258850098
12.852554559707642
12.584269046783447
12.708798885345459
12.454895973205566
12.637237071990967
13.008189916610718
12.88162612915039
12.626308917999268
12.679747581481934
12.734858512878418
13.01892352104187
12.505583763122559
12.733290672302246
13.031612873077393
12.63004207611084
12.783450603485107
13.01561450958252
12.526893854141235
12.770631790161133
13.920611381530762
13.20758056640625
12.882359981536865
12.873912811279297
15.517659902572632
12.643866062164307
12.707884073257446
12.799802303314209
12.577131032943726
12.809955358505249
12.877772331237793
12.711559295654297
12.842899560928345
12.812082052230835
13.08307433128357
13.031033277511597
13.303175449371338
14.604179859161377
12.779645681381226
12.669286489486694
12.749737024307251
12.542996168136597
12.503345727920532
15.342259168624878
15.186556816101074
12.739167928695679
13.72541356086731
12.583675622940063
12.521463632583618
12.535767555236816
12.171912670135498
12.69150424003601
12.462046384811401
12.633174896240234
12.949758291244507
13.094207048416138
12.898648023605347
13.40526533126831
12.594464302062988
12.973792314529419
13.99210500717163
14.039403200149536
12.679959535598755
12.426820993423462
12.583702564239502
12.635436534881592
12.51429009437561
12.827552080154419
12.464717149734497
13.581283330917358
12.935965538024902
12.80540156364441
13.74459719657898
12.586231231689453
12.473251581192017
13.84419846534729
13.141915559768677
12.683916568756104
12.629634141921997
12.80522084236145
13.851207256317139
12.57627820968628
12.758840799331665
13.661813020706177
12.863469362258911
13.621154546737671
12.739859819412231
12.847206592559814
12.737910985946655
12.831376552581787
13.292019844055176
12.596998453140259
12.718965530395508
12.627284526824951
12.791898727416992
13.043164014816284
13.129686117172241
12.86128830909729
12.881625890731812
12.74129843711853
12.809160232543945
13.404364824295044
13.190727472305298
13.11307406425476
12.713817119598389
12.849299430847168
12.800282955169678
11.546353101730347
11.235988855361938
13.07265830039978
12.69871973991394
12.50741958618164
12.689536809921265
12.77968692779541
12.811499834060669
13.157197952270508
12.779660701751709
12.86759328842163
13.305843591690063
13.757774114608765
13.501577138900757
13.259711265563965
13.153430938720703
12.931040048599243
11.74586033821106
12.82381820678711
12.95678973197937
12.757189512252808
12.730012655258179
12.657822370529175
14.966568231582642
14.884474277496338
12.891430377960205
12.799019813537598
12.897591352462769
12.961145639419556
12.542391300201416
12.85758662223816
12.925725221633911
12.883665800094604
13.025036334991455
12.946945428848267
13.313704013824463
13.189401149749756
13.462289571762085
13.665881872177124
12.759530305862427
12.67475152015686
13.035783290863037
12.821885347366333
12.790180444717407
12.81538462638855
12.866672039031982
12.722420692443848
12.96843671798706
13.159677028656006
12.697319030761719
13.171529769897461
13.08333134651184
12.997981548309326
13.810407161712646
13.044660091400146
14.98341155052185
15.155167579650879
12.785749435424805
12.85356593132019
12.890585899353027
12.530940055847168
13.508395433425903
12.811299324035645
12.650615215301514
12.744442462921143
12.894821166992188
13.273473262786865
12.77217698097229
12.808959007263184
12.722868204116821
12.502810955047607
13.183893203735352
12.6317777633667
13.179566621780396
13.221788167953491
13.738762378692627
13.04623818397522
12.494061946868896
13.980657815933228
14.1550931930542
12.950251340866089
12.854804277420044
12.964199304580688
13.075621843338013
13.004375457763672
13.41865062713623
12.594972610473633
12.922226667404175
12.912176132202148
13.135997772216797
12.712782144546509
13.175695657730103
13.791121482849121
13.527809858322144
12.614627599716187
13.499579906463623
13.438070297241211
12.766089916229248
12.672152757644653
12.625636100769043
12.847060918807983
12.657066345214844
12.850829362869263
12.76060676574707
12.694328546524048
12.643280982971191
13.24897813796997
12.856428861618042
13.084716558456421
13.347962141036987
13.829677104949951
14.302391052246094
14.322081089019775
12.617480278015137
12.638023376464844
12.586663246154785
12.81051778793335
12.694361925125122
13.137471914291382
12.592865943908691
13.577430963516235
12.888498067855835
12.656363725662231
12.783568382263184
13.750274181365967
13.184310913085938
13.42065978050232
14.6578369140625
14.602902889251709
12.720888376235962
12.858309745788574
12.650140523910522
12.77909779548645
12.743594408035278
12.884907245635986
12.707378387451172
12.743820905685425
13.060853004455566
12.96105146408081
13.027214050292969
13.090428590774536
12.947380304336548
13.720800876617432
14.662154197692871
14.752058744430542
12.818333148956299
12.802257061004639
12.819796085357666
12.844406127929688
12.751983404159546
14.77721643447876
14.74133849143982
12.865628719329834
12.708693742752075
13.004155158996582
12.880064964294434
13.128131866455078
12.97354793548584
12.79561710357666
12.732594966888428
12.760782957077026
12.824267387390137
12.934586763381958
12.843955755233765
13.244777917861938
13.697369813919067
12.763664960861206
12.698849439620972
13.630314111709595
13.711395025253296
12.852204084396362
12.79330825805664
13.201210260391235
12.647499322891235
12.939332962036133
12.51183819770813
12.707240343093872
13.206098318099976
13.24187159538269
12.641526222229004
12.959604501724243
12.647565126419067
13.312181949615479
12.684346437454224
12.874853372573853
12.86946702003479
13.894359827041626
13.753671407699585
12.697161197662354
12.624407052993774
12.843376636505127
12.928611040115356
12.723010778427124
12.673721313476562
12.885175228118896
13.635690689086914
12.631178379058838
12.830333948135376
13.065767765045166
13.171879053115845
13.52054238319397
13.062605381011963
13.901743412017822
14.000313758850098
13.017074823379517
12.636249780654907
12.673556327819824
12.703622102737427
12.795538425445557
13.687277555465698
13.61862063407898
12.713528394699097
12.751787662506104
12.653384923934937
12.865224361419678
12.707957983016968
12.843178749084473
12.949753761291504
12.63733720779419
12.787772178649902
13.131978511810303
12.997175216674805
13.177529335021973
13.847098112106323
12.809975385665894
13.6795814037323
13.718834400177002
12.688324928283691
13.80327582359314
12.811982154846191
12.718686580657959
12.651020050048828
12.881685972213745
13.06388235092163
12.799159288406372
12.659212827682495
12.671747207641602
12.949323654174805
12.705662727355957
14.642448663711548
14.610753536224365
12.559831380844116
13.214425563812256
12.848362445831299
12.997439622879028
12.929486989974976
12.865549087524414
13.343836307525635
12.646256923675537
12.585768699645996
12.976149559020996
13.153591632843018
12.618126392364502
12.829328775405884
13.612385749816895
12.861077070236206
13.588467597961426
13.846429347991943
12.795166015625
12.79971694946289
12.779222249984741
12.795518636703491
12.644102096557617
12.588003158569336
12.719688415527344
12.758907318115234
13.23363447189331
13.091810941696167
12.808346509933472
13.252893209457397
13.686842203140259
12.57009768486023
13.224014043807983
13.29059886932373
12.718333721160889
12.691991567611694
12.694212675094604
12.626287460327148
12.784656047821045
12.638152837753296
14.319833993911743
14.318541765213013
12.632588863372803
12.975230693817139
12.798161268234253
12.91411566734314
12.91030478477478
12.600172758102417
12.820991516113281
12.649576902389526
13.25269079208374
13.021767139434814
13.236299991607666
13.577486276626587
13.102292776107788
12.792832374572754
13.593799114227295
13.670969009399414
12.758251428604126
13.030207872390747
12.810801029205322
12.838178873062134
13.674515724182129
13.61089563369751
12.901935338973999
12.739218711853027
12.95764708518982
12.754294633865356
13.195468425750732
13.026063442230225
12.797970056533813
12.683444261550903
12.659781455993652
13.005397081375122
13.0110924243927
12.896424055099487
12.743415832519531
13.831706523895264
12.427377462387085
13.697979211807251
13.733842611312866
12.68410325050354
12.749982833862305
12.651357412338257
12.677173614501953
12.954071998596191
12.72282600402832
13.59346055984497
13.122630596160889
13.993271112442017
12.744046926498413
12.692552089691162
13.224165916442871
12.669299840927124
13.062931060791016
12.811065196990967
13.383725643157959
13.801570177078247
12.850460767745972
13.239622831344604
12.718109846115112
12.684645175933838
12.629410743713379
13.974876642227173
12.867483615875244
12.833386182785034
12.831429719924927
12.842376232147217
12.668277025222778
12.775132179260254
12.866653203964233
13.652593612670898
13.489752531051636
13.04581069946289
12.7431960105896
13.062578439712524
12.724249124526978
13.359345197677612
12.66944408416748
14.415488004684448
14.087074041366577
12.854289293289185
12.967132568359375
12.726181268692017
13.963740110397339
14.638798713684082
12.863194704055786
12.579122543334961
12.831053733825684
12.739566564559937
12.64224910736084
13.503556966781616
12.986888885498047
13.006620645523071
12.863295793533325
12.913115501403809
12.865816831588745
13.141923904418945
13.684275388717651
12.637079954147339
13.095114707946777
13.384254217147827
12.685345888137817
12.62685251235962
12.643319845199585
12.806809425354004
12.87049913406372
14.384153842926025
14.36875319480896
12.643260478973389
12.640039205551147
13.05610179901123
12.802672863006592
12.73438835144043
12.703993797302246
12.967766046524048
13.05612325668335
13.191938400268555
12.80875015258789
12.713155031204224
12.744789600372314
13.025025844573975
12.653910160064697
12.794656753540039
12.707610368728638
12.891771793365479
13.51088261604309
13.25292682647705
13.133368968963623
13.192997694015503
13.133660554885864
13.535122871398926
12.695131063461304
14.688820838928223
14.643864870071411
12.748126983642578
12.71346926689148
12.8184494972229
14.71464204788208
14.388889074325562
12.772752285003662
13.107777118682861
14.210004568099976
12.591856479644775
12.973389863967896
12.69889497756958
12.861236810684204
12.775724649429321
12.608505487442017
12.815122127532959
12.736991882324219
14.108579158782959
13.96436619758606
12.765345335006714
13.117736101150513
12.856150150299072
12.726263761520386
12.627704858779907
12.764243602752686
12.723845958709717
12.975217342376709
12.724771976470947
13.1772141456604
13.8988778591156
13.449620723724365
13.555251598358154
13.014867782592773
14.374671936035156
14.453357458114624
12.782381057739258
13.186079263687134
12.66220211982727
12.784515380859375
12.816993474960327
12.786315679550171
12.699522018432617
12.718998432159424
14.517500400543213
14.441999197006226
12.513939142227173
12.865368604660034
12.729584217071533
12.748754262924194
12.57847285270691
12.87248420715332
12.890220165252686
12.990850925445557
13.675795078277588
13.265913963317871
12.760652542114258
12.928770303726196
13.116325616836548
13.124563932418823
12.76656436920166
14.335235118865967
14.120225191116333
12.797168016433716
12.734809637069702
12.764266014099121
12.623546600341797
12.502100467681885
12.633620500564575
12.678799390792847
13.154090881347656
12.518969297409058
13.124421119689941
13.113057136535645
13.716002702713013
13.136348724365234
13.015918970108032
13.913065910339355
14.15038275718689
12.675888299942017
13.69302487373352
12.84955883026123
12.92649507522583
14.727314949035645
14.596702575683594
13.004287958145142
12.762083768844604
12.830485582351685
12.669092178344727
12.697232961654663
12.667127847671509
12.659984588623047
12.600631713867188
13.056286334991455
12.960410594940186
12.879805088043213
13.35034441947937
13.818317890167236
12.472691535949707
13.391110897064209
13.462754249572754
12.718784093856812
13.059501886367798
12.7300546169281
12.928185939788818
12.621457815170288
12.829443454742432
12.677860736846924
12.611580610275269
12.79639720916748
13.637214183807373
13.348203420639038
13.083676815032959
13.356163024902344
13.110345363616943
13.367878913879395
13.331745147705078
12.692569017410278
12.815025091171265
12.823280572891235
12.84196424484253
13.517166376113892
13.623173475265503
12.539040803909302
13.002671003341675
12.732110261917114
12.724491357803345
12.955349922180176
12.710755109786987
13.12398362159729
12.877110242843628
12.85323452949524
12.897412776947021
12.7254056930542
13.214828252792358
12.73557424545288
13.6824209690094
14.394142627716064
14.3977689743042
12.6291184425354
12.628102779388428
12.91181206703186
12.649526119232178
12.692367315292358
12.730779886245728
12.78115177154541
13.245252132415771
13.23715877532959
12.848327398300171
13.056491374969482
13.77127981185913
12.882007837295532
14.028683185577393
14.011476516723633
12.709032773971558
12.744221448898315
12.821552991867065
12.701094150543213
12.826333284378052
12.829575777053833
12.779780149459839
12.677569150924683
13.180151224136353
13.05364990234375
13.017088413238525
13.932088613510132
12.67625641822815
14.002968788146973
14.090417385101318
12.68401050567627
13.4383225440979
13.251545190811157
12.80055856704712
12.567287921905518
12.706789493560791
12.632453203201294
13.077857971191406
12.733406066894531
13.120455026626587
13.046992778778076
12.833613157272339
13.313491582870483
14.026754140853882
12.87189793586731
14.078679084777832
14.048632383346558
12.72010326385498
12.944469690322876
12.841144800186157
12.700039148330688
12.816709995269775
12.835485458374023
12.775710582733154
12.60708498954773
13.035378217697144
12.751260042190552
13.161495923995972
13.063507795333862
13.740126848220825
13.01716160774231
13.11029839515686
12.891836881637573
12.83695101737976
12.954557180404663
12.628432750701904
12.624181032180786
12.768550157546997
12.805659770965576
12.833585739135742
12.98257565498352
12.879830360412598
13.215196371078491
13.306710481643677
13.251721382141113
13.853498220443726
13.228201150894165
14.627153635025024
12.866309881210327
13.493715286254883
12.880088329315186
12.816062927246094
12.98290228843689
12.62522006034851
12.612233638763428
13.133455038070679
12.69433879852295
12.940563440322876
12.626795053482056
13.649810075759888
12.855447769165039
12.888721227645874
14.153397560119629
14.053291082382202
12.707967042922974
12.685871839523315
12.89412546157837
13.032851219177246
12.761597394943237
12.755959272384644
12.716008186340332
12.872721195220947
12.810241937637329
12.844413995742798
13.103201866149902
12.835217714309692
13.099339246749878
13.737485885620117
14.214471578598022
14.649370193481445
12.60812520980835
12.626490116119385
12.863701105117798
12.644304037094116
12.741311311721802
12.663750886917114
12.713826656341553
12.783253192901611
12.833092451095581
13.297565221786499
13.31786823272705
13.246997356414795
13.815617561340332
12.747146844863892
13.804950952529907
13.547170400619507
12.725588083267212
13.230180263519287
12.703862428665161
13.065112829208374
13.162031173706055
12.691678047180176
13.117862939834595
13.01783561706543
12.808833837509155
12.73394513130188
12.695145845413208
13.566603899002075
12.920103073120117
13.424525260925293
12.669794797897339
12.981698989868164
13.188334703445435
12.699381351470947
12.854356288909912
12.725556373596191
12.86054515838623
12.870455265045166
12.711198568344116
12.99506163597107
12.88314437866211
12.969547986984253
12.720393180847168
13.038002252578735
13.215374231338501
13.95485544204712
13.52382755279541
12.64974045753479
13.37077784538269
13.538551092147827
12.990116119384766
12.682710409164429
12.941466331481934
12.86632251739502
12.824950695037842
12.868738889694214
12.622734069824219
12.618752241134644
13.002960443496704
12.980056762695312
13.770947217941284
13.046222448348999
13.53266429901123
12.851080417633057
14.70447564125061
14.474729537963867
12.616300821304321
12.769897937774658
12.61769413948059
12.809691429138184
12.780487775802612
12.76716136932373
12.847029209136963
12.60938024520874
13.246473550796509
13.011369228363037
12.96623420715332
13.10324215888977
13.678178548812866
12.80663514137268
13.653401374816895
13.550761461257935
12.782528638839722
12.600772142410278
12.762625932693481
13.045653820037842
12.852095127105713
12.850151300430298
12.661617994308472
12.729235649108887
12.83648157119751
13.194242238998413
13.167716264724731
13.14810299873352
14.023804903030396
12.868850708007812
13.698369026184082
13.628932476043701
12.854220867156982
12.7886323928833
12.848819017410278
12.686567068099976
12.730949640274048
12.729593515396118
12.803819417953491
12.704108715057373
13.25637936592102
12.641414880752563
13.16646432876587
13.21595573425293
13.173898220062256
13.640075445175171
12.853060483932495
13.468448400497437
13.554532766342163
12.947946310043335
12.670029640197754
13.90939211845398
12.7656831741333
12.777917861938477
12.951610803604126
12.739952087402344
12.952903270721436
12.870779037475586
12.621069192886353
12.966449499130249
13.13236689567566
12.975310325622559
12.970253229141235
12.736051321029663
13.399993181228638
14.012987613677979
12.690959453582764
13.184594869613647
12.814774513244629
12.856549739837646
12.842982769012451
13.044500350952148
12.716968297958374
12.871222257614136
13.031286478042603
13.401262760162354
13.113771915435791
13.549173593521118
13.087651014328003
12.86731219291687
14.78924822807312
14.245349645614624
12.952996253967285
12.70875096321106
12.748629808425903
12.615187168121338
12.67120909690857
12.887463092803955
12.786961317062378
12.812754392623901
12.806509256362915
12.987446784973145
13.057102918624878
13.258656024932861
13.229469060897827
13.556339025497437
14.193700313568115
12.823687314987183
12.927297353744507
12.643072366714478
12.639271259307861
12.841798543930054
12.762051582336426
12.864583015441895
12.743356943130493
13.025223970413208
13.295957088470459
13.119049787521362
13.567992448806763
13.329172849655151
12.621678113937378
12.736571311950684
12.649049758911133
12.67255973815918
12.674052715301514
12.633253335952759
13.118821859359741
13.1961989402771
13.2336266040802
13.682831764221191
13.750274181365967
13.559707880020142
12.679319858551025
12.814236640930176
13.055822134017944
13.13071608543396
12.576903581619263
13.05421495437622
13.217068672180176
13.7626473903656
14.32780122756958
14.435444593429565
12.780903577804565
13.027095556259155
12.780048608779907
12.926240682601929
13.328491926193237
13.295308113098145
12.781397581100464
12.721391201019287
13.682742834091187
13.477185010910034
12.892240524291992
13.300663471221924
13.398383855819702
13.821917295455933
14.098177671432495
13.818772315979004
13.814695835113525
12.590421915054321
12.835338830947876
12.91301703453064
13.341848134994507
13.545162200927734
13.926706314086914
15.069150924682617
14.724670886993408
13.77868938446045
12.78091549873352
13.48010540008545
13.549609184265137
12.843634128570557
12.871163129806519
13.313724994659424
14.222496271133423
13.369121551513672
14.504963874816895
13.767172813415527
13.954377889633179
14.010547399520874
14.118205785751343
13.437516450881958
13.891320705413818
13.607239723205566
13.295288801193237
13.078827381134033
14.450627565383911
14.343344449996948
13.889586925506592
