29.24653124809265
30.95716881752014
30.82156991958618
35.229050636291504
33.94375038146973
42.769575357437134
45.36304020881653
41.63940358161926
56.97224164009094
35.17165946960449
40.3880877494812
39.5485463142395
30.890262126922607
53.66343855857849
29.18617820739746
36.743523359298706
30.245457649230957
42.755390644073486
29.895525217056274
41.286956548690796
34.45261764526367
32.94745445251465
47.26724433898926
28.038721084594727
53.60024952888489
37.3542857170105
30.12058925628662
28.138253927230835
34.52460837364197
82.92522239685059
56.452122926712036
29.49864172935486
33.274396896362305
101.33423280715942
26.552289485931396
65.41154551506042
31.34173893928528
53.26285195350647
32.44835638999939
34.4015998840332
73.96802377700806
28.260103940963745
38.21935677528381
31.903568029403687
28.41261315345764
30.03484797477722
37.14539670944214
32.49490284919739
34.2828209400177
29.348594427108765
39.87314558029175
56.898319244384766
33.48550987243652
37.29094219207764
31.501280307769775
32.05998778343201
65.27629709243774
34.67373871803284
26.99945902824402
33.96877837181091
32.339566469192505
28.570934057235718
29.090261459350586
37.53259086608887
29.332773208618164
30.959497213363647
38.197433948516846
88.5055730342865
30.02624011039734
30.466655015945435
39.56810712814331
28.725713968276978
29.71363925933838
30.76126265525818
37.59508490562439
36.41738939285278
66.6309015750885
41.983558893203735
45.178499937057495
45.022698402404785
33.97901272773743
30.794636964797974
28.3598952293396
35.25526809692383
43.23728084564209
28.79067373275757
31.928261756896973
32.743666887283325
47.73513388633728
33.76377558708191
28.096553564071655
45.497018814086914
67.67370676994324
37.22017312049866
59.144341230392456
31.72581148147583
31.68139100074768
55.293694257736206
25.660293102264404
39.63723564147949
30.772277355194092
32.41922116279602
34.75502157211304
29.046637535095215
36.69454908370972
27.907407999038696
28.622769355773926
43.40414094924927
31.353368282318115
36.91399002075195
26.129701852798462
33.30077314376831
33.71799397468567
36.452465295791626
33.2078902721405
29.549783945083618
38.43157935142517
31.46172833442688
48.93829393386841
31.31265377998352
30.311794996261597
47.4821560382843
31.614295959472656
27.067137956619263
30.110631465911865
36.64389967918396
31.56863498687744
29.82541298866272
38.00235986709595
30.480259656906128
31.494967699050903
71.20554208755493
31.928120613098145
51.272621870040894
29.031118869781494
44.40251564979553
29.673206567764282
50.71415424346924
31.040030002593994
52.82015514373779
31.547792673110962
64.67403793334961
29.975467443466187
44.64684176445007
32.19946527481079
33.493902921676636
39.3231360912323
35.86124539375305
32.1729691028595
28.1889591217041
98.30712890625
29.917834281921387
29.070410013198853
50.63844084739685
27.835442543029785
30.84212565422058
31.35032820701599
36.96130037307739
29.50558066368103
34.21876525878906
36.24893593788147
42.39697217941284
45.31576418876648
44.01092576980591
42.24369025230408
36.15857219696045
96.45686054229736
43.49039697647095
43.83948826789856
33.90941905975342
33.097755670547485
99.509530544281
26.996391773223877
50.493712425231934
27.890448808670044
28.444349765777588
31.68459129333496
45.04715704917908
37.894282817840576
35.776175022125244
47.86325240135193
34.54567313194275
39.16117072105408
35.79817748069763
28.667412996292114
56.14739394187927
42.9546639919281
64.53667449951172
32.521811962127686
29.95258116722107
29.806260108947754
32.75977349281311
39.68931770324707
31.016351461410522
36.623629093170166
32.05112051963806
46.66553044319153
30.7949059009552
37.08848214149475
37.10963416099548
45.39160227775574
28.45540189743042
31.22305202484131
30.582971811294556
31.099220275878906
35.01202416419983
37.311662673950195
33.2959725856781
35.21372032165527
32.568658113479614
41.122519731521606
32.22340798377991
34.2623987197876
31.929803133010864
27.558836698532104
31.507218837738037
29.44855761528015
51.08943748474121
33.956425189971924
47.90551781654358
28.832364082336426
34.09624791145325
35.22776484489441
30.91041135787964
31.529765129089355
28.549262762069702
30.773823738098145
36.85597801208496
42.158578395843506
28.19927716255188
31.171050548553467
39.773829221725464
41.983546018600464
34.666800022125244
30.763006448745728
30.907791137695312
29.458285808563232
33.812424182891846
27.351398229599
39.56794452667236
30.876502990722656
30.650869846343994
28.50456166267395
42.96663999557495
36.135589361190796
37.15235114097595
29.38917565345764
41.94913625717163
31.216095685958862
34.292320251464844
34.31201982498169
34.23461031913757
33.595993757247925
39.28080987930298
57.5281240940094
70.03042078018188
31.311039686203003
39.59924030303955
34.76158690452576
39.06837868690491
31.49768853187561
33.864877223968506
34.680837631225586
32.83729124069214
35.430381298065186
46.50579285621643
31.647204399108887
109.84388637542725
28.84540295600891
31.520148515701294
30.226548194885254
31.04764723777771
33.46929049491882
33.40677094459534
58.50980305671692
29.346599578857422
34.98961877822876
47.502845287323
30.129720449447632
29.185692310333252
27.975924730300903
33.03769636154175
54.01734471321106
31.657882690429688
33.87612700462341
45.761900901794434
40.93588614463806
34.19808888435364
33.36007905006409
67.93182134628296
28.698038578033447
34.17345309257507
44.356534481048584
35.54127502441406
33.56969594955444
32.75074863433838
34.41797757148743
29.973043203353882
28.14557719230652
40.591334104537964
33.990886926651
32.51019597053528
54.73483443260193
28.16332745552063
49.23723816871643
27.01250958442688
35.0765118598938
28.221293687820435
32.072635889053345
30.639772176742554
31.182650327682495
37.920032024383545
38.238420486450195
31.23777151107788
30.199085235595703
64.73892426490784
37.64621448516846
26.930030584335327
29.62776494026184
33.49413061141968
41.05309796333313
35.38725304603577
34.972695112228394
33.02242851257324
44.2667818069458
59.59756422042847
33.20426082611084
28.99653649330139
31.815566062927246
29.995262622833252
71.15733051300049
31.816932439804077
31.921117067337036
30.516329765319824
30.715266466140747
31.205293655395508
45.45965266227722
29.307108163833618
35.90888714790344
30.137001991271973
79.65494132041931
32.72906231880188
59.54573154449463
43.16034913063049
28.89258885383606
28.047940969467163
47.759793519973755
28.978626251220703
42.23000383377075
57.53324246406555
34.899160623550415
35.31238389015198
32.11457300186157
29.244060039520264
39.95089316368103
31.270644426345825
28.90959858894348
29.051477432250977
29.370434045791626
30.131784677505493
28.523844242095947
29.98620867729187
32.1359007358551
33.376484870910645
31.351091146469116
41.24781084060669
28.50706911087036
40.906938552856445
38.98438477516174
31.124191284179688
31.318100452423096
42.04932165145874
29.388716459274292
35.793943643569946
37.10621762275696
27.01490616798401
30.099668264389038
32.371753454208374
38.28257393836975
41.7730917930603
32.864357233047485
32.9705491065979
43.76527404785156
29.537965536117554
48.957279920578
44.81418991088867
31.048524618148804
31.419265508651733
50.743988275527954
41.675477027893066
35.30851125717163
31.183414697647095
40.6262149810791
36.216663122177124
32.87664723396301
36.188624143600464
80.28630495071411
36.51925754547119
32.54423379898071
27.856672286987305
35.94463229179382
39.12138605117798
27.175843000411987
34.59858822822571
31.07090401649475
26.871777296066284
39.64794421195984
42.09244728088379
33.247530698776245
54.00367212295532
43.07493758201599
29.814089059829712
29.801488161087036
31.047171115875244
29.642810106277466
32.145731925964355
33.88473033905029
45.49875211715698
56.486363649368286
37.51880383491516
30.839085578918457
41.15525197982788
43.960715532302856
34.564515352249146
28.328524827957153
29.11871337890625
34.802032232284546
33.21564722061157
131.69760537147522
37.0709023475647
30.613070964813232
39.330533266067505
34.14401030540466
34.37353324890137
33.85154891014099
27.35642099380493
51.16340661048889
37.90001916885376
32.2398464679718
57.90449357032776
30.046873807907104
32.49547219276428
47.82541751861572
33.39580965042114
44.9035747051239
44.254034996032715
45.95359563827515
39.92348265647888
73.14025068283081
48.5473198890686
46.15583109855652
28.301240921020508
28.175886392593384
30.271665811538696
33.37926125526428
30.857316970825195
28.98436951637268
52.80418634414673
51.30688428878784
30.75852680206299
30.71857476234436
41.68721675872803
48.7415452003479
33.53813433647156
30.373812675476074
29.624156951904297
28.917530059814453
31.611520290374756
32.5611789226532
50.02654314041138
92.76291131973267
42.365116119384766
30.618506908416748
37.628188133239746
41.2133572101593
48.78263568878174
28.5786714553833
29.79459023475647
43.602476835250854
43.495195150375366
30.11816954612732
32.86113095283508
35.56187558174133
45.88755774497986
30.068352460861206
50.593852043151855
28.992491722106934
26.904184341430664
38.648537158966064
47.342076778411865
55.15402412414551
40.817829608917236
30.578798294067383
28.57743191719055
35.81610465049744
28.10617709159851
30.333072185516357
28.41296935081482
34.0015983581543
30.389315128326416
29.297553777694702
35.6166033744812
35.02955079078674
42.1275851726532
30.03389620780945
57.18828344345093
50.43618655204773
29.40683341026306
31.66971254348755
58.49063849449158
63.89242172241211
32.70682764053345
30.666136741638184
32.008785247802734
28.692262411117554
33.154688358306885
43.3567476272583
26.76375722885132
32.57107615470886
30.52435827255249
37.74298095703125
33.34532427787781
41.165874004364014
33.72225594520569
37.94610404968262
29.92230534553528
48.058775424957275
91.88883757591248
32.54829120635986
36.942965269088745
27.2539381980896
37.773995876312256
31.363286018371582
29.3400936126709
29.70581555366516
31.60486388206482
30.87064003944397
33.09984230995178
41.36607003211975
29.347277402877808
44.84873652458191
30.756858348846436
31.078437328338623
60.35656690597534
32.31925296783447
33.69703960418701
30.04438614845276
75.81510400772095
47.25815463066101
34.16659426689148
32.52554154396057
31.952957153320312
37.550020694732666
33.1812310218811
29.05721426010132
39.47658658027649
44.14526081085205
30.91084098815918
48.86993098258972
45.10601496696472
29.913052558898926
80.43504285812378
28.224055290222168
33.06519794464111
59.92218208312988
27.924206018447876
28.465755701065063
59.77163887023926
31.300231456756592
30.343700170516968
37.868985414505005
69.27864122390747
39.58918213844299
28.567641973495483
29.403793811798096
37.484496116638184
52.61363744735718
35.139583349227905
37.43061661720276
34.062138080596924
52.724220514297485
42.66081428527832
30.41731882095337
41.24167251586914
31.90001678466797
29.176504850387573
28.73444938659668
29.424375295639038
52.314552307128906
32.343717098236084
34.43198823928833
84.61696434020996
65.95133137702942
34.29162383079529
29.294535875320435
30.97818684577942
36.80270195007324
29.705020427703857
30.746954679489136
33.3351571559906
44.5385217666626
59.04294300079346
38.12601613998413
30.676838397979736
38.110655546188354
80.25347113609314
32.168360233306885
36.45802974700928
29.840708017349243
30.926397562026978
29.822752952575684
30.60664987564087
30.388855934143066
29.479180812835693
30.465835094451904
29.522558212280273
32.02277612686157
29.3246169090271
28.06711435317993
27.59693431854248
42.97406601905823
58.98960733413696
32.16274428367615
40.962975025177
28.934394121170044
31.152477741241455
31.364538431167603
28.4114773273468
29.296207189559937
30.264634370803833
35.759623765945435
36.79863214492798
32.34294867515564
56.617905139923096
48.43963313102722
28.778663396835327
40.04032230377197
29.78200054168701
29.5361909866333
33.8877170085907
29.492337226867676
32.42752814292908
34.73479223251343
46.54195523262024
31.203794240951538
43.019246339797974
29.77428674697876
28.952617406845093
29.15185308456421
31.695183277130127
30.362976789474487
45.60836338996887
31.399808168411255
27.68445897102356
29.406948566436768
53.67923641204834
43.30042266845703
34.19309377670288
32.10626435279846
71.26257038116455
35.93038606643677
28.38711905479431
31.543002367019653
44.31199812889099
26.706483364105225
27.966405391693115
30.73779606819153
29.821152210235596
30.931183099746704
27.656903982162476
34.99979257583618
34.073476791381836
74.60808038711548
29.04117512702942
30.702476263046265
38.07308888435364
29.55259680747986
99.79872107505798
41.82498598098755
30.55118680000305
39.08808422088623
29.25100612640381
48.09466314315796
32.812742710113525
114.53844213485718
44.86048221588135
32.64396595954895
43.30602812767029
33.58425450325012
33.59809589385986
40.73494911193848
33.817808389663696
34.66518783569336
39.544461250305176
31.111581563949585
46.65267896652222
31.328795194625854
30.104656457901
31.543625831604004
29.593420267105103
34.47637605667114
28.98033618927002
29.82548999786377
38.22436189651489
39.364603996276855
36.418862104415894
42.868364095687866
30.138200044631958
26.328716039657593
37.98276615142822
27.20112681388855
30.467350959777832
29.351210832595825
45.832876443862915
27.45439386367798
31.253899812698364
33.20375108718872
38.069334268569946
30.028687715530396
28.127872467041016
36.708083629608154
56.51792120933533
26.879173278808594
25.981071710586548
29.865681171417236
28.554176807403564
55.97721481323242
33.674384117126465
29.646223306655884
29.94690227508545
33.00604748725891
36.395283222198486
33.99183368682861
38.8507866859436
29.40849804878235
45.94778275489807
30.837488889694214
35.80778360366821
54.15406274795532
48.97123122215271
129.24232292175293
32.9496865272522
30.355231761932373
28.58211898803711
31.227482318878174
27.398235082626343
38.82032346725464
31.875909328460693
28.9464111328125
28.34607744216919
27.454859018325806
27.325371742248535
28.883875370025635
30.411689519882202
34.0129120349884
58.32409358024597
43.70080900192261
45.61772394180298
49.94598436355591
30.360880136489868
35.55486059188843
30.49954867362976
44.186853885650635
28.856918573379517
90.93106436729431
35.87926387786865
27.967541933059692
32.83858346939087
56.636218309402466
32.028207302093506
29.12641954421997
36.822092056274414
34.6122772693634
97.3048689365387
32.047608375549316
28.72693657875061
35.32760143280029
39.52202606201172
42.23400664329529
29.802820920944214
28.84233021736145
33.22711730003357
27.774850130081177
30.452338218688965
27.979806184768677
39.284186601638794
28.713420391082764
114.34577202796936
29.4344539642334
31.994741201400757
27.128151416778564
26.81853485107422
32.153761863708496
43.15609264373779
38.69834232330322
29.720768928527832
49.71512031555176
26.889862775802612
52.14553093910217
30.72508931159973
29.078503370285034
37.92683720588684
33.418769121170044
30.81089186668396
36.18971371650696
31.846288681030273
32.25780892372131
52.10362911224365
30.918513298034668
36.91158628463745
41.76124382019043
47.16919279098511
33.796123027801514
30.854817867279053
29.790882110595703
34.49871873855591
28.017828226089478
60.36286640167236
40.2502076625824
29.572638273239136
33.98161053657532
28.44637680053711
31.58819580078125
41.92043328285217
31.854828357696533
50.99337410926819
31.148762226104736
40.472057819366455
30.424079179763794
34.143630504608154
30.542590141296387
38.526092529296875
44.36442589759827
31.50025248527527
47.34619331359863
26.459045886993408
29.72452998161316
48.25583577156067
30.30682373046875
29.573415994644165
27.984711408615112
30.936407327651978
31.19026827812195
28.359750509262085
55.974475622177124
43.931578636169434
64.58794260025024
36.78312802314758
41.87879228591919
28.922646522521973
29.38655400276184
36.31577444076538
31.762553453445435
36.278412103652954
31.403887033462524
48.98785614967346
45.15898823738098
34.25762414932251
38.76609802246094
44.75024104118347
36.97589159011841
37.938905000686646
56.84316444396973
28.164827823638916
35.72877287864685
30.488962411880493
30.24021887779236
32.1899847984314
29.13390803337097
28.826117038726807
37.97266411781311
28.293520212173462
43.97627305984497
112.44148874282837
33.56834888458252
50.904305934906006
50.423681020736694
40.35778498649597
29.16239070892334
33.61459255218506
32.42187166213989
34.143452405929565
30.415244579315186
33.78450584411621
29.1512668132782
30.101321697235107
29.380414962768555
43.769822120666504
27.646703720092773
30.047080755233765
30.61759328842163
28.217113256454468
35.17253756523132
36.700297355651855
37.038110971450806
27.83348822593689
64.49101400375366
30.205085277557373
29.034945487976074
46.63876509666443
54.266775131225586
36.1998610496521
53.994279861450195
32.80098247528076
28.867724180221558
30.00993037223816
29.642855405807495
30.258326530456543
29.227264404296875
36.14786100387573
63.45424675941467
32.16828680038452
32.224440813064575
39.364952087402344
27.78952431678772
35.71962261199951
30.093085050582886
26.065131425857544
33.026124238967896
29.466780424118042
30.259654760360718
31.39109492301941
30.02059555053711
37.66398811340332
30.52385711669922
54.87288570404053
26.793697118759155
29.43503451347351
32.87048268318176
34.31682801246643
47.066091775894165
29.87406897544861
29.675965309143066
47.06767678260803
33.000993490219116
40.95516324043274
27.906280755996704
31.252442121505737
29.309261083602905
33.294458866119385
32.49736166000366
37.3563175201416
30.715609073638916
29.1327223777771
39.307547092437744
43.65786361694336
28.959136962890625
31.675877809524536
44.665159940719604
32.355921268463135
31.523913860321045
44.117106914520264
40.20073366165161
37.79810905456543
27.697343349456787
34.27344512939453
55.3545355796814
35.0057373046875
39.18392610549927
30.430502891540527
42.07921290397644
43.64033770561218
33.318472385406494
77.85683631896973
34.11217975616455
31.493261575698853
36.30618119239807
31.26859188079834
30.320285081863403
34.96409368515015
36.58123970031738
34.8978750705719
31.670669317245483
32.29809284210205
36.56680965423584
34.58614230155945
27.029486894607544
29.691356897354126
32.86477780342102
69.8617172241211
36.0095956325531
40.721866846084595
30.930787324905396
26.89796280860901
27.88263988494873
106.32971668243408
37.63700199127197
29.287587642669678
40.853241205215454
28.519570350646973
40.062838077545166
34.26638913154602
29.666765689849854
32.06325697898865
50.326167583465576
39.30421710014343
63.71090841293335
43.60377597808838
31.27703046798706
27.52437114715576
28.853270053863525
33.80527305603027
41.5374710559845
38.268354654312134
29.78104257583618
31.11908483505249
31.103479862213135
64.57290029525757
31.245516300201416
27.878580570220947
34.784284353256226
32.26171088218689
32.54743146896362
27.179577589035034
43.403719902038574
33.556519985198975
29.987730503082275
33.30438494682312
30.365700006484985
40.8446626663208
39.33470797538757
37.112364530563354
48.607486724853516
44.3268678188324
30.474533796310425
30.96308135986328
29.307949781417847
44.123093128204346
29.219292163848877
28.343172550201416
26.921653985977173
32.690476417541504
30.023970365524292
31.50485110282898
45.69000220298767
31.32490301132202
59.0587842464447
31.35752296447754
30.46610426902771
45.9337260723114
59.29304623603821
38.43643307685852
34.57389569282532
28.6641628742218
96.7505931854248
34.41821765899658
43.236592054367065
37.559601068496704
33.7272584438324
30.60058879852295
28.410271883010864
31.10535717010498
33.405062437057495
48.99351263046265
29.97199535369873
35.75458121299744
27.153528928756714
36.24679398536682
35.435529708862305
28.40624165534973
36.42964959144592
29.826003313064575
32.10199308395386
31.396488189697266
55.18584108352661
28.174657583236694
29.037415027618408
34.743103981018066
31.4839129447937
35.69531869888306
34.47750806808472
31.749114990234375
31.511160373687744
59.693641901016235
41.92619299888611
29.213165760040283
29.82007646560669
33.17644739151001
25.863893508911133
49.722771644592285
32.085092544555664
32.86245393753052
35.88556241989136
32.38365197181702
27.76759123802185
27.600959062576294
30.5235435962677
44.35807418823242
61.186952352523804
29.98321008682251
33.04872179031372
27.26379108428955
48.44375443458557
138.26500248908997
27.91974711418152
31.810892820358276
47.35402512550354
29.310046434402466
32.46441340446472
30.354125022888184
28.814444303512573
30.685598850250244
30.217353582382202
32.83600330352783
26.83778715133667
49.66806650161743
28.7134108543396
29.89623212814331
30.39413070678711
49.26258850097656
46.56146502494812
34.35898280143738
32.34017848968506
25.964602947235107
30.71761679649353
29.374133348464966
47.7459819316864
42.734795570373535
32.53222155570984
39.226964235305786
47.14706301689148
38.7364776134491
30.851082801818848
55.90599083900452
35.075122117996216
27.836015939712524
41.215147733688354
60.846898555755615
41.4518506526947
28.185495376586914
33.997262477874756
28.565934658050537
28.91498303413391
49.79269099235535
31.720590114593506
41.366687059402466
37.730934619903564
32.14806818962097
32.75251841545105
65.79905605316162
30.966880559921265
30.4143488407135
45.97838473320007
52.07530236244202
30.781018018722534
30.654743909835815
31.331637620925903
49.65043807029724
29.494080543518066
29.600319862365723
26.713939905166626
35.53324604034424
99.08027577400208
30.818891525268555
35.47440576553345
39.4882538318634
30.18923020362854
27.895820140838623
31.1357421875
28.41515064239502
31.503450393676758
35.58268117904663
37.8120801448822
35.07161855697632
28.08545184135437
49.743780851364136
38.09156680107117
27.865461111068726
33.917540311813354
29.505840301513672
28.119794130325317
30.130882024765015
31.877742528915405
29.831536293029785
29.38245701789856
28.15798544883728
31.631644010543823
32.934176206588745
43.703163862228394
34.83538055419922
48.92142581939697
29.528825044631958
31.00589632987976
33.71829032897949
30.788724660873413
56.28628087043762
37.10778522491455
27.59971809387207
36.497291564941406
33.58228087425232
32.890772104263306
34.25111484527588
40.727126121520996
35.40700340270996
34.17992115020752
42.6189489364624
37.5823917388916
28.348209381103516
35.20753216743469
30.486812829971313
32.68855857849121
44.60210418701172
30.989866018295288
53.56933379173279
29.561655521392822
34.68146800994873
37.04263138771057
38.499841928482056
42.156487464904785
65.62438011169434
36.91667437553406
40.26703095436096
31.168802499771118
31.48008704185486
28.760102033615112
33.27245092391968
35.74367356300354
32.7614586353302
32.9305055141449
41.22813868522644
29.86686086654663
30.554657697677612
37.22817063331604
30.24681830406189
29.795007944107056
29.856261253356934
30.655986309051514
29.447266817092896
34.8869788646698
77.10682773590088
65.647057056427
33.377870082855225
31.871093273162842
26.095432996749878
28.934033155441284
27.575833559036255
43.99889588356018
33.52970552444458
28.444719552993774
27.423471450805664
29.44113516807556
42.02948498725891
33.90252757072449
31.64410901069641
45.2949595451355
32.94343686103821
49.75896406173706
53.86803722381592
66.95459651947021
58.144155502319336
29.237256050109863
39.05210280418396
27.702989101409912
36.692182302474976
36.88269114494324
29.230255365371704
32.009013414382935
33.7829532623291
40.70459008216858
62.304529905319214
51.22892379760742
27.842900276184082
132.7829451560974
33.175570487976074
31.6011803150177
35.639137268066406
27.984548568725586
29.0807204246521
32.31573128700256
39.03299689292908
35.207741022109985
32.79507088661194
54.721620321273804
28.67100763320923
33.98434615135193
32.618738889694214
34.36325025558472
32.06780481338501
33.50076174736023
29.10552215576172
89.5400140285492
80.44225859642029
31.781566619873047
33.40770602226257
38.47658944129944
34.78125882148743
30.54877758026123
39.612459897994995
27.651790142059326
31.367115259170532
29.129968404769897
26.575332164764404
26.56126642227173
36.45219922065735
33.44713068008423
31.05935835838318
65.39129877090454
32.97196292877197
42.62709903717041
36.98150897026062
28.864324808120728
29.65298843383789
42.63171601295471
28.558698654174805
30.34786581993103
29.70381236076355
29.835768222808838
31.645644187927246
27.639435052871704
35.839207887649536
32.77072048187256
31.4698383808136
33.6774799823761
28.399158000946045
33.46812605857849
39.030627489089966
30.984925746917725
37.0967903137207
33.71817874908447
30.36903667449951
41.618414640426636
29.33085608482361
122.15353012084961
29.00031089782715
33.645522356033325
26.50069761276245
28.144622802734375
32.508646726608276
41.42629051208496
124.13725352287292
27.50531816482544
33.09329605102539
29.131320476531982
49.248528480529785
32.95277404785156
37.971808195114136
31.633597373962402
30.964244842529297
32.74840760231018
54.765198707580566
32.66813397407532
33.61855912208557
49.518301486968994
25.741897106170654
30.60756015777588
51.472431659698486
30.331470489501953
34.19087743759155
31.311147928237915
37.84847712516785
35.01670837402344
32.049607038497925
36.493263244628906
38.29921245574951
37.91508913040161
29.89708137512207
37.23115277290344
68.73731255531311
31.923062086105347
56.979509592056274
32.44742774963379
28.731220722198486
57.9563102722168
29.45423173904419
114.98151135444641
35.938300371170044
30.204002618789673
31.427746295928955
43.8467333316803
34.998475790023804
29.52188777923584
38.23933267593384
30.131162643432617
39.728572845458984
29.675469160079956
29.94489884376526
46.921417474746704
47.15520191192627
36.08621168136597
31.402698278427124
26.718130111694336
36.04208564758301
54.32382321357727
51.033281564712524
56.574723958969116
26.076886653900146
38.12049341201782
35.18758487701416
29.731367111206055
30.558202981948853
37.06626296043396
65.08999967575073
28.824244260787964
27.691519737243652
38.88826560974121
31.19281578063965
35.397897243499756
34.555251359939575
34.93556618690491
28.527315139770508
64.57319664955139
33.917644023895264
76.34394836425781
87.36257290840149
32.992260694503784
76.6870768070221
33.270896673202515
49.994271993637085
83.67508029937744
38.213672161102295
42.08021831512451
29.98607349395752
47.39572286605835
27.903034687042236
35.939831256866455
33.91100025177002
31.875940084457397
32.66990804672241
31.29257082939148
33.198030948638916
36.30672740936279
37.02558493614197
57.32454037666321
28.039467811584473
29.51769709587097
28.212560415267944
35.48617458343506
32.66043996810913
26.656609535217285
27.380972862243652
30.782496213912964
32.81398248672485
30.55488634109497
29.341919898986816
35.553648948669434
43.78999161720276
30.014253616333008
30.511229038238525
31.781558513641357
28.06750512123108
28.916550159454346
32.15640902519226
33.0955765247345
33.84887623786926
30.344461679458618
49.23519778251648
33.48031210899353
35.59487438201904
41.8919038772583
41.9895396232605
30.470160484313965
32.78928804397583
41.23654818534851
31.97115421295166
34.367302656173706
29.73166823387146
63.24871587753296
30.536768674850464
27.550718069076538
27.37440276145935
33.48395609855652
33.30895161628723
29.946204900741577
30.062119960784912
35.27714467048645
34.092734575271606
65.44575929641724
29.976078033447266
30.504918575286865
31.79393434524536
35.60453701019287
48.371814489364624
28.245869159698486
35.04368329048157
33.73433542251587
30.941612720489502
34.51068115234375
31.531981229782104
29.07388424873352
28.578742742538452
34.22881460189819
44.36045050621033
29.980783462524414
41.067522287368774
33.959251403808594
31.342958688735962
32.460421323776245
30.837235927581787
27.843613147735596
39.61873912811279
34.360522985458374
46.48345470428467
36.97542190551758
32.09287881851196
27.8019962310791
35.94966959953308
29.32186722755432
40.07027792930603
31.514836311340332
28.31617021560669
54.46234440803528
33.1644446849823
28.350017070770264
52.42385005950928
54.85070323944092
27.948521852493286
30.350297451019287
55.90801286697388
29.503496885299683
35.75548315048218
32.31292986869812
49.954893589019775
36.715566635131836
30.72786283493042
29.523681163787842
40.78973889350891
41.69307827949524
32.190099239349365
40.095661640167236
36.20976424217224
28.83922290802002
29.357292413711548
28.186643838882446
54.56761455535889
28.046872854232788
35.35382604598999
34.36578154563904
32.023099184036255
29.539309978485107
28.421512126922607
29.78927183151245
30.879575490951538
43.916452407836914
29.438806533813477
27.51986575126648
26.74247097969055
36.700833797454834
27.64977502822876
28.710578680038452
33.616870403289795
66.2008547782898
31.399100303649902
51.08453321456909
39.724825859069824
31.55990219116211
58.34641075134277
34.20696401596069
39.04712629318237
36.931394815444946
51.223506927490234
26.268709421157837
41.56804394721985
34.86685609817505
49.2165367603302
30.047297716140747
32.028385400772095
33.07747793197632
37.168739557266235
85.15143752098083
29.44855570793152
38.090362548828125
30.39797878265381
42.87092089653015
65.20656991004944
58.143065214157104
30.416018962860107
31.952380657196045
29.12260150909424
28.74855613708496
42.93947196006775
28.57533621788025
40.99928665161133
34.80486488342285
28.389854431152344
42.472787618637085
50.95186424255371
31.35113000869751
27.381957292556763
33.56573152542114
41.0232253074646
29.39537763595581
35.86475229263306
29.738499879837036
38.49281644821167
30.945802688598633
35.23799777030945
29.190816640853882
28.983115911483765
65.43756794929504
31.92597198486328
39.911038398742676
30.91062092781067
31.944470405578613
28.39257502555847
27.957797050476074
51.035845041275024
38.172263622283936
67.28000068664551
85.99695777893066
38.74312210083008
83.42786622047424
32.11937093734741
47.28404712677002
51.29570555686951
28.775956392288208
31.71255850791931
33.949238300323486
29.548468828201294
28.720653295516968
142.534441947937
66.848464012146
35.8874135017395
28.91487145423889
35.99866056442261
31.424954891204834
31.346609830856323
36.35504698753357
29.260090112686157
27.17078948020935
69.51923441886902
29.24589467048645
30.400885105133057
28.508620023727417
29.494518995285034
29.76282548904419
28.509283781051636
63.881779193878174
62.81043291091919
29.446144104003906
28.322233200073242
62.15207767486572
28.86292791366577
31.932260036468506
27.878965854644775
39.21115589141846
32.421003103256226
28.684422731399536
30.07435631752014
39.46330904960632
48.613465309143066
27.588097095489502
38.749058961868286
26.971208810806274
35.602081060409546
30.739450693130493
28.98911762237549
28.110897541046143
36.040032625198364
29.475724935531616
63.53987789154053
30.718863487243652
40.866496086120605
29.999889373779297
38.63857102394104
62.55624771118164
30.170899629592896
26.54439377784729
45.862895011901855
31.149082899093628
108.70779013633728
29.358351707458496
34.196372270584106
28.38026261329651
36.337010622024536
31.77951192855835
35.513304710388184
28.61376953125
54.083985567092896
33.67594313621521
35.74103331565857
42.53169798851013
37.29649329185486
31.491118669509888
47.83617329597473
30.780284881591797
35.9105806350708
30.784011125564575
27.131311178207397
76.31477761268616
33.30071425437927
26.709795475006104
38.18542194366455
29.575683116912842
33.06729578971863
30.61869978904724
31.23966908454895
29.71675682067871
35.33261275291443
30.418708562850952
30.01401376724243
82.00856876373291
57.45847678184509
39.310593605041504
43.36823773384094
38.526899099349976
34.294713258743286
39.890846729278564
27.362674713134766
29.153061628341675
59.498032569885254
42.80864071846008
35.53994417190552
39.85500407218933
36.95748949050903
39.435877084732056
35.77901577949524
33.368160009384155
41.71503305435181
29.466824531555176
30.458210706710815
27.302606105804443
30.978461027145386
36.41108727455139
28.95748472213745
33.98470664024353
29.821261405944824
33.40173864364624
30.801414728164673
26.8405179977417
32.27136254310608
30.195541620254517
82.96414852142334
30.43903374671936
27.160356044769287
27.518330574035645
29.991008043289185
29.612285137176514
67.12637710571289
31.67868995666504
44.24378490447998
30.606956005096436
31.35203242301941
31.3080632686615
33.92769408226013
35.46757483482361
31.475401878356934
31.097089290618896
27.82188892364502
27.396044969558716
27.983896493911743
37.17067241668701
31.135967016220093
32.264973878860474
30.807188034057617
40.66154098510742
30.44222331047058
31.31390404701233
30.007557153701782
29.68510890007019
27.47489309310913
36.12711191177368
38.06545972824097
38.77224802970886
46.01031947135925
30.669552087783813
27.95742964744568
32.30981135368347
57.70739817619324
39.9624981880188
27.506980180740356
31.140885829925537
31.140417337417603
27.06547451019287
31.728264093399048
27.778454065322876
31.003206491470337
72.00585198402405
44.6167254447937
89.1845052242279
30.64800453186035
50.34001636505127
32.66922116279602
33.79130220413208
28.68365216255188
29.537025451660156
28.54268193244934
30.456480264663696
45.26446080207825
35.07477807998657
75.66302609443665
41.887617349624634
31.291704177856445
130.76002669334412
33.90422964096069
33.77730631828308
31.66323947906494
37.05473494529724
37.91987872123718
29.684059381484985
30.06440830230713
38.4911425113678
42.19845628738403
49.04828953742981
32.4312379360199
34.797935247421265
42.11816382408142
38.79292392730713
34.16426491737366
45.1182324886322
33.10266828536987
32.07841086387634
29.933254718780518
63.758522510528564
27.92384934425354
36.19511008262634
61.7393798828125
32.018661975860596
38.304152488708496
34.755202293395996
31.19721508026123
36.19193363189697
30.744018077850342
28.684346199035645
32.586275577545166
30.176351070404053
29.460724592208862
59.9582633972168
32.048874616622925
41.127137184143066
34.64434003829956
47.032843589782715
33.575066566467285
27.7999849319458
42.199326276779175
32.08568286895752
43.936585664749146
35.69293999671936
37.17697715759277
30.943262815475464
34.46935558319092
47.97500491142273
30.100435256958008
35.679683685302734
31.793490409851074
26.156643867492676
63.51909422874451
36.39126014709473
57.80685114860535
41.684680461883545
27.27162003517151
30.250290393829346
31.401836395263672
38.75195074081421
30.410754919052124
35.30118942260742
29.094844341278076
58.280961751937866
29.331040859222412
30.836210012435913
35.925493001937866
40.53672647476196
28.480263710021973
60.35386323928833
36.14803767204285
27.465502738952637
32.16440153121948
34.99534845352173
32.0226149559021
50.75119996070862
30.460307836532593
43.31248068809509
36.967448472976685
29.07704782485962
29.66275453567505
83.9119656085968
30.569686889648438
35.98387265205383
28.535664319992065
53.72277808189392
28.453150749206543
42.14233064651489
65.5239269733429
31.78749942779541
38.50138211250305
29.996982097625732
28.82713556289673
29.129242181777954
33.734790563583374
54.83750820159912
33.19468808174133
29.580690145492554
32.4965398311615
37.068886518478394
72.57284688949585
29.482280015945435
34.562729358673096
31.474275588989258
56.54484176635742
29.903156995773315
28.316613912582397
35.95675730705261
40.117876052856445
33.98672413825989
27.883267641067505
30.52429986000061
31.155174732208252
32.53148317337036
30.25660467147827
28.471285343170166
28.735383987426758
33.15307140350342
29.70822787284851
34.42094564437866
28.994502782821655
27.01704430580139
33.74665713310242
31.389538526535034
30.046120405197144
36.22490620613098
32.379743576049805
31.784278631210327
42.34218978881836
27.883681058883667
26.827142477035522
40.59628462791443
37.911173820495605
39.07767844200134
32.714255571365356
42.40312314033508
39.504703521728516
46.932613372802734
29.154317140579224
32.22191643714905
34.4681510925293
37.48983693122864
29.87086582183838
42.4713990688324
31.286526918411255
32.24119234085083
27.923222064971924
40.68556332588196
37.9544951915741
30.509283304214478
40.68150496482849
32.836272954940796
32.81449246406555
39.314769983291626
27.322587251663208
78.58266258239746
31.3641939163208
27.698094367980957
28.363670587539673
31.389402627944946
29.979920387268066
31.139002323150635
78.40061354637146
32.58696532249451
35.59917759895325
64.05890035629272
37.14906072616577
52.796175479888916
28.570560932159424
37.333237171173096
38.19822096824646
32.918514013290405
31.222898960113525
36.23572087287903
28.549571990966797
32.21004509925842
33.56147241592407
48.96644997596741
29.410114288330078
33.59877371788025
68.905268907547
29.394757986068726
33.308539152145386
33.21456265449524
27.042832612991333
34.306230306625366
32.96409249305725
30.368340253829956
30.167148113250732
35.11784505844116
27.89542317390442
29.907440423965454
34.88841271400452
50.18266439437866
37.938414335250854
42.1710638999939
27.607478857040405
39.460760831832886
47.12844204902649
33.48255920410156
33.13708519935608
28.916881322860718
28.048739910125732
35.55017971992493
33.390294551849365
35.25226712226868
34.510687589645386
55.20468997955322
42.6678740978241
32.703946590423584
27.179280519485474
36.55836725234985
28.530160665512085
37.882142543792725
28.262446403503418
53.172351360321045
34.75369596481323
39.847423791885376
46.0178337097168
32.53243708610535
50.13841915130615
48.81426382064819
32.34932088851929
33.15351986885071
27.497018814086914
27.64577627182007
32.19978618621826
38.492624282836914
31.89534282684326
46.76120138168335
41.751468658447266
36.522716999053955
32.923009634017944
33.78231477737427
33.24558401107788
28.36031174659729
46.253660678863525
32.67849779129028
47.143054246902466
29.992817163467407
28.25698947906494
30.633941173553467
30.495592832565308
51.92189645767212
31.22000741958618
29.614722967147827
29.63930058479309
38.92838382720947
26.25437617301941
39.86832618713379
27.468038082122803
31.001253366470337
46.142516136169434
27.775225400924683
29.428877592086792
35.95376443862915
26.897070169448853
29.940922021865845
33.774641036987305
33.83376741409302
28.773723602294922
33.407785415649414
58.680360555648804
29.411207914352417
45.28429079055786
27.770997762680054
64.1551423072815
58.59562015533447
32.32818055152893
61.823023557662964
35.211528301239014
29.753238439559937
46.70909070968628
34.168739795684814
32.34759831428528
30.68233585357666
50.339319705963135
29.745018482208252
40.23013687133789
33.81350374221802
84.43105411529541
58.62489104270935
40.86215114593506
32.055511236190796
32.35734987258911
38.74399542808533
29.673197746276855
55.96386408805847
37.876498222351074
31.38449263572693
28.55214548110962
43.32110381126404
35.743895053863525
30.015177726745605
40.45841574668884
27.94133186340332
33.25705289840698
31.383831024169922
35.41514325141907
36.755046129226685
40.34512519836426
31.686055898666382
30.494356870651245
32.02167344093323
35.88116693496704
48.68615746498108
26.70360493659973
45.65359091758728
28.18025279045105
40.990371227264404
31.133590936660767
37.40825343132019
31.25270962715149
30.734532833099365
29.77837109565735
34.255579710006714
60.073463678359985
26.397117614746094
28.62877130508423
35.32851314544678
32.984230041503906
33.613757848739624
34.0260488986969
39.931451082229614
34.987269163131714
96.43422842025757
31.183884143829346
32.552570104599
33.4667227268219
34.434563875198364
30.419620752334595
75.2733199596405
31.653793573379517
71.02307963371277
33.92042541503906
31.082786798477173
27.97815728187561
38.59778666496277
47.37712621688843
44.12610602378845
42.55158519744873
31.661588191986084
41.07117676734924
31.044612646102905
36.5405375957489
34.05814552307129
35.51139259338379
38.506897926330566
67.1283540725708
32.49878430366516
29.274197101593018
33.10059976577759
28.58357310295105
25.733355283737183
29.16610074043274
33.78415822982788
79.49592590332031
37.13581347465515
38.01340579986572
39.75005102157593
31.470464944839478
30.14131236076355
28.76375937461853
53.75950527191162
36.30200242996216
29.93264102935791
41.18915772438049
40.22749710083008
28.095357418060303
26.0144100189209
28.100430250167847
31.386861324310303
32.19962954521179
40.77692413330078
28.748060703277588
62.352277994155884
51.39741563796997
28.089698553085327
44.917182207107544
38.480530977249146
57.58266234397888
42.25402879714966
26.93517756462097
34.19450807571411
32.855183839797974
47.822633504867554
36.947487354278564
37.78475022315979
27.703352212905884
42.36998200416565
31.00165581703186
30.56472420692444
31.901764631271362
50.33644199371338
56.74046015739441
28.666897296905518
34.5558660030365
31.157657861709595
35.801186323165894
27.057995080947876
41.96529960632324
46.31740188598633
69.22219443321228
37.281085729599
35.778833627700806
46.03594422340393
65.55506181716919
30.824973344802856
32.51307916641235
42.25765132904053
29.77314567565918
75.00574159622192
28.710877895355225
25.6341769695282
33.28086042404175
35.40734314918518
28.197569131851196
64.94767904281616
31.84482455253601
35.30451321601868
33.13370704650879
28.047387838363647
27.841563940048218
28.977129459381104
31.956294059753418
33.68139457702637
30.352917909622192
35.36336398124695
32.308542013168335
28.354614973068237
37.51377463340759
29.94122004508972
35.46824836730957
32.946321964263916
35.46541905403137
39.7281699180603
29.244303703308105
30.69773268699646
36.911465644836426
28.441924810409546
39.61341047286987
34.28463816642761
36.86765646934509
66.8051974773407
33.874571800231934
35.35297727584839
30.894240140914917
29.197551250457764
32.92279005050659
33.03972053527832
34.111878633499146
27.576412200927734
32.84342312812805
40.351282358169556
89.83562541007996
40.96184206008911
30.9200336933136
27.74510097503662
76.67693901062012
35.84779691696167
43.851807832717896
35.26270341873169
38.58375000953674
30.83327603340149
77.61014008522034
33.041483879089355
33.10775971412659
28.45504093170166
29.339447021484375
39.00493669509888
31.900226831436157
32.53265166282654
34.40192246437073
36.206456661224365
30.074270248413086
31.046238899230957
29.101821184158325
74.00907039642334
34.94746708869934
55.39857339859009
43.488890647888184
32.74349641799927
31.733255624771118
31.770190954208374
44.97517538070679
33.55114269256592
36.238677740097046
34.407397747039795
35.72881746292114
50.33677101135254
28.3480703830719
34.57919764518738
38.809715032577515
32.26559901237488
29.826101541519165
36.58351922035217
30.578330278396606
33.33583950996399
31.86888551712036
31.80420684814453
46.621256828308105
36.996156454086304
35.18711829185486
32.32774209976196
33.76416540145874
44.737831830978394
30.292803525924683
31.4396550655365
28.948302507400513
42.31433129310608
41.411372900009155
29.111740827560425
32.26119875907898
31.80161166191101
32.83748388290405
92.03761267662048
33.85650563240051
48.4820339679718
37.20934176445007
58.91692495346069
29.821805000305176
28.173712253570557
37.80142784118652
29.157628297805786
34.173797369003296
29.653935194015503
53.545615911483765
30.036826133728027
29.268933534622192
39.567808628082275
40.74383330345154
31.69196105003357
32.154823541641235
35.856701612472534
31.32998824119568
31.82035207748413
46.53150773048401
34.83580994606018
28.820245265960693
34.574963331222534
32.85401511192322
45.84673523902893
31.22223138809204
31.692861318588257
31.095927953720093
43.619112968444824
30.978703498840332
30.050550937652588
37.191155672073364
30.610215187072754
45.45383906364441
48.849496841430664
37.751137256622314
42.56045603752136
29.090251445770264
46.53771257400513
32.280797243118286
37.97383904457092
32.7697856426239
30.888349056243896
30.656132459640503
49.21117973327637
29.132134199142456
36.48160696029663
33.92952537536621
33.224937438964844
41.26559543609619
47.34466195106506
44.71727800369263
29.291683435440063
33.3433620929718
34.626258850097656
28.409757137298584
47.59562134742737
25.64693856239319
32.12473201751709
37.133920192718506
29.769125938415527
28.419025421142578
45.34759473800659
29.14007306098938
40.743974685668945
32.11561369895935
34.63469219207764
38.80424976348877
27.456799268722534
34.39682602882385
28.072785139083862
68.93180131912231
50.02471661567688
30.91693615913391
31.0915789604187
37.968924045562744
32.64782452583313
36.615962266922
32.280221939086914
32.49367332458496
31.58191227912903
63.07830095291138
30.801598072052002
29.729175806045532
34.820019006729126
33.96922588348389
36.441328287124634
136.95690441131592
31.2495539188385
29.97315263748169
30.951688051223755
31.741375207901
34.14125442504883
31.67029118537903
28.16318964958191
30.822577953338623
34.00323748588562
34.89030361175537
28.306286096572876
28.014196634292603
31.52206039428711
32.563830852508545
30.677496671676636
54.865154504776
44.780598878860474
27.37044405937195
27.42753839492798
30.035473346710205
32.48554015159607
30.17239499092102
31.36175274848938
41.08188772201538
29.682064533233643
31.892104148864746
33.858522176742554
25.823437213897705
34.4433491230011
32.93749761581421
34.9404022693634
32.354422092437744
58.51652693748474
32.27449584007263
29.907247304916382
51.18531537055969
27.539469003677368
29.875643253326416
43.00943565368652
28.47993540763855
30.560032606124878
87.46056604385376
45.22318911552429
34.7700572013855
54.305445194244385
31.541416883468628
31.89840292930603
33.10382270812988
29.99235510826111
29.45155096054077
33.36655402183533
80.53251433372498
35.63013482093811
34.951578855514526
27.129120111465454
54.94905138015747
35.91674494743347
34.38380289077759
38.24322247505188
37.16958713531494
31.228795766830444
35.78178024291992
27.66350269317627
35.11234712600708
32.712482213974
115.6692304611206
29.001802921295166
40.27779006958008
30.679561614990234
28.39379620552063
31.060193300247192
39.35616755485535
40.33532214164734
32.04375171661377
28.303309202194214
88.53207230567932
27.79351043701172
40.376354932785034
31.231483697891235
46.57006311416626
31.81726884841919
51.83318471908569
37.53430223464966
37.30246448516846
28.108253955841064
33.54123497009277
26.97972583770752
30.077070951461792
33.80584907531738
32.86323809623718
38.99090528488159
38.07584524154663
102.79366850852966
36.36248779296875
35.06934094429016
35.64344906806946
39.9267954826355
36.03755497932434
33.321390867233276
68.47565579414368
32.33423686027527
57.88057279586792
38.19549918174744
32.12603282928467
46.42989730834961
32.87723779678345
35.62309288978577
32.98582458496094
57.55752873420715
57.57251286506653
39.3656268119812
51.388731718063354
31.43969202041626
45.9763720035553
31.36824870109558
38.098670959472656
31.83918285369873
30.982612371444702
43.165674924850464
38.38555288314819
51.35317325592041
33.35099768638611
31.49674081802368
30.06362771987915
29.473191738128662
66.80727005004883
30.694923162460327
31.16859769821167
33.34049081802368
30.22968578338623
54.887643575668335
29.102238178253174
36.5269193649292
30.51578378677368
41.653817892074585
29.631981134414673
59.91887593269348
31.126689910888672
32.315337896347046
31.92205786705017
31.08740472793579
34.32848525047302
32.50092911720276
28.918611526489258
42.21177005767822
32.32706809043884
46.087146043777466
55.495678663253784
29.20197319984436
34.67833065986633
30.916630268096924
45.19609022140503
138.7076530456543
30.060566663742065
44.25577116012573
31.34085488319397
34.784998655319214
34.924132347106934
29.964720487594604
28.608253002166748
31.245739459991455
32.42580246925354
34.08131742477417
30.60525345802307
31.66933846473694
35.86036777496338
30.139302253723145
33.19464373588562
43.06524896621704
28.13876748085022
28.384303092956543
40.84742259979248
32.81535315513611
44.77998113632202
41.75511884689331
36.13659691810608
60.84302878379822
38.573822021484375
41.47058033943176
42.53918933868408
28.715107440948486
32.02379536628723
39.51886510848999
44.25816297531128
32.36938738822937
52.33211851119995
56.549675703048706
39.975456953048706
36.52526807785034
28.782485723495483
53.20550298690796
37.121668338775635
29.633220434188843
31.17112946510315
41.82215690612793
45.76553201675415
30.300861835479736
35.793338775634766
60.578214168548584
40.50862526893616
30.91278886795044
40.36943745613098
31.436244010925293
31.28887438774109
31.89726209640503
50.89319157600403
55.83366274833679
39.821104764938354
28.295840978622437
34.604074001312256
30.501969575881958
42.679237365722656
30.30768918991089
30.70407199859619
34.928553342819214
25.585395097732544
90.7906641960144
49.888153076171875
47.33383369445801
29.293560028076172
33.02941298484802
29.756556510925293
26.417187452316284
28.975425481796265
28.039573907852173
35.33960461616516
30.243619203567505
27.1826012134552
45.4299042224884
30.124675750732422
48.22902989387512
29.204626321792603
28.35520648956299
35.8025267124176
28.887056589126587
27.00893473625183
31.6663236618042
29.852450370788574
28.550026893615723
47.97586441040039
34.803946018218994
32.76030397415161
33.904836893081665
41.78348159790039
29.08301067352295
28.249802827835083
34.05775761604309
32.8356990814209
39.53008198738098
31.472121238708496
30.17050051689148
27.06013298034668
36.06347441673279
26.452627897262573
45.52449870109558
30.658872842788696
35.787893772125244
31.524641752243042
29.15845036506653
38.904290437698364
29.806788682937622
33.14095425605774
62.7457013130188
29.29719853401184
29.914767742156982
60.87614035606384
31.238763093948364
35.30294322967529
30.472745656967163
28.595109701156616
30.266607999801636
30.38307213783264
31.73062753677368
30.62485933303833
35.91982698440552
31.487285614013672
26.791648149490356
28.825747966766357
29.266582250595093
32.14204406738281
63.37041473388672
29.276916980743408
34.61512613296509
31.041682720184326
27.931915998458862
45.21549868583679
28.168495893478394
40.332902669906616
39.364948749542236
30.766972541809082
36.81193828582764
69.19262027740479
29.950490474700928
33.004101037979126
28.406157732009888
32.348493814468384
31.722247838974
30.10880732536316
80.36276602745056
34.27759575843811
45.271613121032715
30.836142539978027
30.8153018951416
42.26643109321594
30.63870096206665
31.264109134674072
32.765408515930176
62.04100060462952
42.34434533119202
31.02428102493286
33.94759249687195
40.25346612930298
34.2469437122345
28.946346044540405
71.8998293876648
29.347119331359863
30.545632362365723
35.68915867805481
59.835402488708496
27.479979991912842
40.989341259002686
43.149659395217896
30.1181423664093
46.48214936256409
31.637865781784058
33.009649991989136
28.418596982955933
35.33802318572998
27.63701820373535
31.474515914916992
45.28510141372681
31.731040716171265
35.296045541763306
44.55614256858826
33.32697033882141
39.07561993598938
31.075526475906372
31.069879293441772
32.00817012786865
36.10341286659241
31.182414531707764
31.126392126083374
28.87734818458557
30.40179467201233
117.82079672813416
57.23251414299011
29.860423803329468
57.55708384513855
29.855266094207764
27.29902219772339
31.597944498062134
46.77391505241394
27.893730640411377
30.219686269760132
27.917675256729126
42.89584946632385
28.8984591960907
46.16006016731262
32.23299193382263
28.933833599090576
30.415287017822266
33.88679909706116
27.040377140045166
33.03418588638306
31.683953285217285
53.66848421096802
29.951544523239136
39.599966526031494
46.21708703041077
37.62604284286499
31.449684858322144
33.25902462005615
27.127145051956177
30.74658465385437
45.35434412956238
30.23785161972046
36.083595991134644
34.67001819610596
62.139522075653076
36.10265851020813
58.62523603439331
32.19728994369507
36.584468364715576
30.627061128616333
35.5507915019989
33.37858033180237
40.92320775985718
40.76631951332092
31.142097234725952
47.04846715927124
30.811561107635498
34.83748936653137
27.733003854751587
32.67439413070679
31.499677658081055
29.768887996673584
147.19945693016052
40.7038300037384
45.812986612319946
31.088592767715454
35.121567249298096
58.46434783935547
36.56698989868164
54.39681053161621
50.336071252822876
28.625463008880615
30.10725998878479
27.994611978530884
50.3017201423645
31.552279949188232
29.86206817626953
28.703205823898315
29.312827825546265
54.36955428123474
31.63859486579895
36.466740131378174
115.6198251247406
51.30390167236328
29.433000802993774
29.443533420562744
34.08104729652405
34.38563585281372
30.731947422027588
39.004233837127686
31.084033966064453
27.79346990585327
33.21990704536438
31.54237675666809
32.31070423126221
27.809839010238647
29.199466466903687
32.28351807594299
51.64379143714905
32.41418671607971
35.63433241844177
29.957006216049194
27.949190139770508
35.611791372299194
34.906805753707886
32.407358169555664
40.46408677101135
45.581737756729126
36.16722655296326
29.99659252166748
48.04799485206604
51.89100670814514
32.77754759788513
28.525158643722534
27.5108745098114
35.53020977973938
31.377948999404907
58.77744936943054
49.60943388938904
58.35391807556152
31.491058111190796
29.548377990722656
53.012654304504395
49.90887999534607
31.37895894050598
38.85266470909119
31.231983184814453
32.64857625961304
29.617643117904663
28.89992594718933
38.69521689414978
31.38127613067627
38.68906593322754
37.112303733825684
38.69222640991211
34.36966037750244
27.67591118812561
31.769845247268677
38.510982275009155
29.019184350967407
28.004225492477417
33.134400844573975
27.191526174545288
46.64621186256409
32.28407669067383
30.94294762611389
27.618823051452637
78.4348657131195
30.85635280609131
29.352876901626587
42.079347133636475
29.640166759490967
60.027050733566284
30.2349750995636
33.01896691322327
49.65672826766968
28.926125049591064
47.10520148277283
64.49794006347656
29.72988486289978
32.59045338630676
32.213196992874146
29.918344020843506
42.860992431640625
37.95731520652771
30.210987091064453
55.33584237098694
30.557480335235596
39.81810998916626
34.18780994415283
35.74037766456604
34.962472915649414
32.80919647216797
34.0672287940979
29.933252096176147
27.014692068099976
29.01446032524109
36.3469672203064
28.435014247894287
33.348355293273926
37.70563268661499
31.234161138534546
28.010259866714478
30.76003623008728
27.17752170562744
30.66529607772827
38.56701636314392
31.668302536010742
29.105911254882812
33.506868839263916
31.29551076889038
30.43829345703125
41.520655155181885
61.51687479019165
38.943686723709106
26.56692147254944
37.05776119232178
55.6710090637207
33.91136169433594
30.798227071762085
32.90181517601013
38.8395574092865
32.63120770454407
44.19052004814148
30.00514841079712
26.534127950668335
29.796411275863647
32.32695293426514
38.59202432632446
37.1067271232605
39.179625272750854
27.33116316795349
37.866809606552124
29.60622549057007
31.29718017578125
52.04725217819214
48.33033728599548
46.78393626213074
28.491435527801514
42.86689519882202
29.1624436378479
28.53590965270996
29.52998638153076
62.5898814201355
28.526615619659424
39.45369577407837
36.17073059082031
36.16894865036011
57.40942358970642
27.893986701965332
46.518131256103516
37.68165731430054
37.206904888153076
29.83061957359314
34.359408140182495
30.903833389282227
34.05708050727844
36.00773811340332
46.220046281814575
30.919163942337036
41.00611710548401
30.231153964996338
26.516719818115234
27.862229108810425
34.52688241004944
30.66002607345581
30.86508321762085
34.4268057346344
37.02762532234192
89.9214653968811
35.736648082733154
33.868653774261475
31.284307718276978
28.726918697357178
38.50755786895752
28.83177351951599
34.144609451293945
44.23296880722046
49.735093116760254
43.4314079284668
35.098941802978516
29.04609990119934
33.48313784599304
31.782689809799194
29.683929204940796
31.614750623703003
32.09824323654175
35.00835394859314
29.563485383987427
44.22030162811279
32.44249773025513
28.57632303237915
29.872003316879272
34.7928192615509
31.597837209701538
40.09894132614136
44.6074116230011
29.163166284561157
37.869131326675415
27.659101009368896
39.418437480926514
39.529666900634766
56.1510488986969
50.06760907173157
28.684619188308716
57.18515729904175
41.083399295806885
29.74770998954773
30.21460509300232
30.807222366333008
27.784581422805786
30.339244604110718
38.71524500846863
37.93823218345642
31.074667930603027
47.032299757003784
31.210615158081055
27.98110342025757
33.871756076812744
39.950422525405884
36.869580030441284
26.73012900352478
27.67971444129944
27.93086838722229
46.559351682662964
40.1269896030426
35.29010486602783
28.37740445137024
28.659777402877808
28.491742372512817
31.34656262397766
41.10333776473999
28.78671669960022
34.65879678726196
31.955925941467285
29.507221221923828
32.88661527633667
33.31466007232666
29.682687520980835
30.041205406188965
29.24959397315979
28.493250846862793
28.91533637046814
34.07100868225098
35.32791519165039
30.105358839035034
32.835609436035156
44.614795207977295
57.051748752593994
32.504534006118774
29.48002028465271
28.28575372695923
26.820374727249146
27.631247758865356
34.267070055007935
40.55462646484375
37.46867370605469
38.20175766944885
29.92815613746643
33.6321280002594
35.01896786689758
30.068296194076538
51.112263679504395
27.955522537231445
36.869157791137695
29.653536796569824
36.38597559928894
31.245434045791626
47.32761096954346
27.584238529205322
27.67902970314026
35.88156700134277
33.76422715187073
32.98236703872681
30.3619863986969
28.894872903823853
35.88180708885193
35.715922594070435
37.546897172927856
49.75886344909668
30.721954345703125
34.64051175117493
45.481741428375244
39.61556434631348
46.69852113723755
68.10185408592224
31.594688415527344
38.03516459465027
39.3746235370636
30.957558155059814
38.41020226478577
31.408320903778076
32.80417346954346
32.16649341583252
28.327715635299683
30.00816798210144
28.27589511871338
33.08965563774109
39.33678841590881
54.776631355285645
36.34047341346741
46.42388558387756
27.35742974281311
57.10503840446472
38.58550667762756
30.378257751464844
36.13041162490845
29.979300498962402
43.314624309539795
28.519246578216553
31.587970972061157
41.18967247009277
31.98098874092102
36.32288312911987
32.284019470214844
35.14617037773132
60.0631639957428
29.53739285469055
34.1238579750061
38.05890154838562
33.359851598739624
55.099247217178345
34.016576051712036
39.80699110031128
46.01941657066345
33.767937898635864
35.768794298172
37.998075008392334
30.46141481399536
28.805238008499146
62.65268683433533
43.597535371780396
33.02458047866821
35.4005491733551
49.17836308479309
35.84231877326965
31.62202477455139
30.84151554107666
33.52975082397461
38.32854175567627
35.19641470909119
30.006489992141724
56.53765892982483
37.03183913230896
29.203664302825928
32.475746631622314
30.860978841781616
30.066081285476685
33.839696645736694
30.02151608467102
38.987356662750244
41.42389798164368
32.74729895591736
34.74235391616821
30.72134804725647
29.868594884872437
42.19865918159485
29.022026300430298
37.69554400444031
30.550232648849487
36.97644400596619
44.188546657562256
48.49297785758972
30.891313076019287
29.875284671783447
30.461873054504395
32.28658890724182
59.3284969329834
31.65032458305359
32.59650135040283
36.907745361328125
28.849294900894165
29.136746406555176
30.88851022720337
34.84610724449158
48.27944993972778
29.20458149909973
51.636409521102905
32.65528416633606
27.716696977615356
45.266021728515625
29.40722155570984
66.79408383369446
36.03027701377869
64.96063470840454
38.133437395095825
38.62593698501587
31.903386116027832
29.71035361289978
30.04509687423706
38.429264307022095
37.879799127578735
33.23621106147766
35.802239179611206
31.979679107666016
27.978226900100708
36.87146067619324
35.09196090698242
41.1612012386322
34.34749102592468
32.80831956863403
35.83911871910095
30.06538462638855
29.084072589874268
34.99160718917847
31.56082534790039
29.157989263534546
33.909173250198364
50.99380922317505
67.2748155593872
31.12625479698181
31.47051429748535
53.592548847198486
51.588871002197266
32.53640151023865
34.241743087768555
32.04839777946472
35.393166065216064
41.15864181518555
36.9302818775177
35.312015533447266
48.8334801197052
63.71513342857361
56.043320655822754
29.70854353904724
47.265602111816406
35.144009828567505
61.55442142486572
29.87353253364563
29.44264030456543
36.42141318321228
31.848567008972168
33.25661039352417
34.39946222305298
33.05410075187683
38.31587529182434
42.51250672340393
32.828227043151855
29.050146341323853
43.91548490524292
39.43992376327515
30.31051254272461
37.132867097854614
45.88317322731018
46.13005781173706
27.37082052230835
46.875606298446655
30.817254304885864
32.92477464675903
33.82136535644531
38.51070237159729
30.784578800201416
49.91523718833923
29.613553524017334
28.535890340805054
64.46135377883911
55.789658308029175
29.401829957962036
32.108458518981934
54.95259499549866
31.231107473373413
72.48249793052673
36.91657495498657
31.86776041984558
45.139861822128296
42.15826606750488
34.00900197029114
31.73344087600708
39.0839729309082
27.10006022453308
30.394161462783813
35.17395353317261
76.0100450515747
38.48103141784668
52.04555106163025
37.0781786441803
32.276824951171875
43.08466029167175
48.74030685424805
39.54829001426697
71.05404853820801
30.252752780914307
33.68969178199768
30.964709520339966
29.35853147506714
56.94209408760071
31.312297821044922
40.15840458869934
28.965412616729736
39.3265221118927
26.50177502632141
30.158377170562744
78.77119708061218
37.23368811607361
53.94728326797485
36.3478479385376
30.066288948059082
34.021625995635986
49.222474098205566
27.880736112594604
29.311850786209106
31.43008327484131
25.564512729644775
30.091697692871094
31.652211666107178
28.231496334075928
30.05810046195984
27.657973766326904
31.097516536712646
27.898295164108276
36.87269115447998
31.74214005470276
27.512174367904663
28.961858987808228
33.59523296356201
31.76626420021057
45.340580463409424
27.279276132583618
29.278423309326172
40.21354603767395
38.568137645721436
26.25309658050537
87.65908122062683
31.738085746765137
29.55492401123047
35.99212026596069
27.535884141921997
33.10553288459778
82.24310994148254
31.12170433998108
28.86973810195923
31.380519151687622
37.01198363304138
44.837016105651855
49.39195275306702
35.74844813346863
31.726027488708496
96.11904644966125
32.17299199104309
39.5650155544281
25.79755663871765
55.676822662353516
32.61344623565674
34.99876260757446
37.18990921974182
29.74957299232483
29.897778272628784
32.6797194480896
66.89374566078186
30.369563102722168
50.551480531692505
28.542972326278687
28.78702664375305
34.59176278114319
27.027010202407837
43.94012260437012
40.054288387298584
35.01742672920227
33.19796299934387
28.61164951324463
31.03170919418335
31.044171571731567
39.73609447479248
30.089085578918457
30.804346799850464
31.40763831138611
38.471490144729614
32.409926414489746
28.36301875114441
36.56969213485718
43.3399178981781
44.82809138298035
31.03438115119934
30.445971488952637
36.61765670776367
40.77919578552246
43.01103949546814
31.55747961997986
34.622127056121826
31.389453649520874
27.965531826019287
34.57664179801941
34.92017841339111
30.02057695388794
29.705214262008667
30.533589124679565
35.35937833786011
45.72255325317383
42.11699342727661
27.0362286567688
42.92828917503357
29.65029525756836
46.56726145744324
27.696646451950073
39.80015754699707
30.573405265808105
41.435503244400024
32.23861575126648
28.39470648765564
44.04330587387085
42.504839181900024
35.496946573257446
29.680354356765747
29.543559312820435
31.152482509613037
28.768858671188354
134.99603843688965
28.658872604370117
55.1154899597168
38.02919602394104
28.780694007873535
31.823365926742554
47.571234941482544
45.524914026260376
34.60009717941284
52.595855712890625
31.851571798324585
36.269538164138794
43.75094223022461
32.234307289123535
70.8728334903717
41.539716482162476
30.33697772026062
27.868685722351074
40.56307601928711
37.97970724105835
30.49190878868103
34.451268434524536
31.678042888641357
33.10506319999695
36.351969957351685
43.89594292640686
29.528834581375122
30.29654598236084
34.29814958572388
32.94289994239807
36.757946729660034
26.03155827522278
47.10821866989136
35.00761032104492
33.29373383522034
28.950510501861572
30.89210295677185
35.729485273361206
30.15147590637207
31.217344999313354
47.0138418674469
36.705008029937744
37.46174740791321
35.40697145462036
35.823375940322876
27.7187340259552
27.453185081481934
50.67965054512024
28.71718454360962
27.62545680999756
96.6898238658905
30.298877239227295
56.44498634338379
28.75559711456299
41.083816051483154
34.363720178604126
35.96127986907959
34.48641037940979
34.55678844451904
43.2059428691864
29.720579385757446
34.06707143783569
32.42476177215576
32.07717704772949
33.76550507545471
28.84581971168518
36.54332637786865
43.56933093070984
27.65759253501892
29.536981344223022
72.9873399734497
33.494821071624756
34.038764238357544
28.364359378814697
47.735567569732666
47.36980175971985
35.5515923500061
31.586671829223633
35.76449656486511
28.31739902496338
54.9984450340271
48.73650312423706
32.87463879585266
38.7516872882843
40.36296510696411
37.016128063201904
46.33553409576416
86.54531526565552
55.78129816055298
40.762885093688965
30.247602939605713
43.909178256988525
57.86032247543335
36.11668682098389
30.989793062210083
34.186041831970215
50.928001165390015
59.6854133605957
51.06230115890503
31.4259135723114
34.93553113937378
26.831939458847046
33.43397760391235
31.305421829223633
30.12364649772644
35.179946184158325
35.07855272293091
37.41975927352905
26.928961515426636
32.98147964477539
34.70041036605835
28.291321992874146
30.512731075286865
49.63324213027954
30.21588683128357
34.92315483093262
29.656922578811646
31.140439987182617
36.05235147476196
26.721758604049683
32.78631091117859
31.87260937690735
30.550913095474243
28.00173854827881
48.108267307281494
31.166526079177856
34.87907886505127
31.28138518333435
36.38224983215332
32.525856733322144
31.958789587020874
31.32215905189514
108.27900123596191
42.9392147064209
30.891024589538574
29.528586387634277
42.33490872383118
32.47843337059021
32.84486532211304
43.31247925758362
46.25835108757019
35.136563539505005
77.67209672927856
34.265626192092896
29.587464809417725
31.285046339035034
49.856152296066284
28.21533465385437
33.89070177078247
29.995102882385254
36.833651542663574
61.95764446258545
32.582355260849
83.21278476715088
54.9871780872345
33.26621866226196
27.54538369178772
34.59629726409912
42.066142559051514
47.06918239593506
30.062683820724487
29.41107988357544
31.916438817977905
36.22392678260803
27.412715911865234
42.25645661354065
27.884369611740112
39.67215132713318
33.16170907020569
31.51447582244873
26.773208379745483
27.808037996292114
27.44369912147522
43.18190574645996
33.63696527481079
35.612557888031006
59.98772406578064
28.139869928359985
35.942063093185425
37.27600836753845
35.686882972717285
30.725496768951416
51.18342185020447
30.514934539794922
46.52119255065918
32.36231994628906
32.79152798652649
35.442617654800415
56.67471098899841
41.2204008102417
35.96600675582886
33.738004207611084
40.96522617340088
28.88815689086914
32.945212841033936
38.57577443122864
27.331517457962036
64.62419080734253
35.890218019485474
38.00036025047302
33.40731072425842
33.154993295669556
41.107314586639404
35.34831523895264
29.849626302719116
53.392385721206665
52.58084535598755
41.9403440952301
50.16101884841919
33.146795988082886
30.697309970855713
28.916773557662964
34.681676149368286
32.902255058288574
43.1012122631073
28.735520124435425
41.71646857261658
30.93066954612732
36.56117248535156
37.80174946784973
36.48222231864929
56.58661437034607
31.759576082229614
40.336623191833496
50.02193903923035
29.833112716674805
39.33919024467468
49.163727045059204
57.56225919723511
47.05670380592346
28.3333101272583
35.43105602264404
38.85874938964844
30.15823745727539
45.55778789520264
29.395556926727295
29.052961587905884
101.17339849472046
55.67353272438049
34.93374681472778
35.993080854415894
35.1736319065094
27.54714274406433
32.29680871963501
28.337260007858276
28.719226121902466
60.82663941383362
27.644209146499634
29.092376708984375
45.18520736694336
29.998232126235962
36.384026765823364
32.35218620300293
42.26750564575195
28.898011922836304
49.732792139053345
28.60913848876953
40.96079230308533
29.791159629821777
25.115318775177002
36.927061557769775
59.89717721939087
45.4546422958374
42.5309112071991
29.430729150772095
35.15203380584717
28.285476446151733
27.090229272842407
29.284003496170044
29.883386850357056
42.94337248802185
32.03533363342285
30.754099369049072
37.93910336494446
37.84425210952759
33.849693059921265
42.43659281730652
28.498202323913574
43.9890193939209
45.22113013267517
76.50899505615234
29.471635580062866
31.200822830200195
43.775578022003174
29.0584614276886
28.34134531021118
31.110000133514404
38.754658460617065
42.352689027786255
28.888451099395752
35.31171250343323
28.631219625473022
30.418168306350708
30.830378532409668
33.8935911655426
91.68989944458008
57.069594860076904
31.269880771636963
36.244471311569214
32.076932430267334
64.85093426704407
34.216005086898804
34.592493295669556
31.3382089138031
39.30006456375122
40.41804528236389
33.730058431625366
54.71950960159302
47.546082735061646
57.071409940719604
28.122831106185913
29.5708646774292
28.26151132583618
36.15578508377075
30.991929054260254
52.937671184539795
29.937329530715942
32.74408483505249
29.65898585319519
33.21867513656616
31.60212802886963
32.9251708984375
45.570708990097046
47.33933162689209
38.00906538963318
29.38847303390503
39.96058750152588
42.52864050865173
32.488489389419556
28.95564317703247
30.916868686676025
48.619556188583374
32.827930212020874
30.615136861801147
32.54708003997803
41.444812536239624
28.21239995956421
35.15788698196411
28.635656595230103
31.83228874206543
37.60483431816101
48.88824415206909
28.409666061401367
32.89392399787903
38.99019980430603
28.474823236465454
46.00458359718323
39.58900856971741
26.8235764503479
27.810341358184814
32.00266361236572
37.97384238243103
53.058265686035156
29.247404098510742
41.10690116882324
40.444599866867065
28.635022401809692
82.73791265487671
29.20107626914978
31.153265237808228
36.969504594802856
42.15468907356262
31.066421270370483
31.7112774848938
34.549230337142944
32.973066568374634
29.13622736930847
35.18387699127197
71.64269280433655
30.63800621032715
31.87387752532959
30.83241081237793
32.191521406173706
28.90519118309021
30.70586585998535
31.63860774040222
42.71100997924805
28.408753395080566
28.49347710609436
31.480658531188965
44.49800634384155
30.409801721572876
36.3993022441864
26.952691793441772
35.59835767745972
27.7259304523468
42.18866777420044
31.31902575492859
41.067243814468384
95.75613212585449
42.021891832351685
28.997920274734497
73.33243370056152
34.593990325927734
26.87949252128601
30.139028310775757
39.46566128730774
30.237977027893066
30.726622104644775
29.89675259590149
46.32139730453491
28.84947919845581
33.06810808181763
32.24890661239624
26.516347885131836
66.82266068458557
40.46507024765015
35.917442321777344
26.668988943099976
38.48764896392822
32.82425618171692
32.288158893585205
34.9770667552948
31.116957187652588
38.46507382392883
83.9840714931488
35.19530892372131
29.477089643478394
38.40519452095032
31.676804542541504
27.063724756240845
67.89391231536865
35.034135818481445
30.947932958602905
56.122957944869995
30.403953790664673
39.601850509643555
27.69304585456848
34.926490783691406
39.96734404563904
55.61738705635071
30.168309211730957
47.8945426940918
29.74752402305603
31.19106888771057
33.43926668167114
27.117202281951904
30.262290239334106
35.39138102531433
33.292901039123535
43.30452227592468
39.183603048324585
29.53976058959961
31.190049648284912
34.11355710029602
34.07394599914551
34.51881289482117
35.82082796096802
34.52751159667969
31.760101795196533
63.23708629608154
32.05606651306152
31.09366798400879
74.6391429901123
31.33256459236145
95.18237638473511
79.14730167388916
51.000991344451904
28.289929389953613
44.36862826347351
44.76903223991394
41.17247414588928
34.87413239479065
39.72658133506775
39.40497136116028
71.17043590545654
40.36087918281555
30.027594804763794
42.358813762664795
46.20669674873352
58.12504553794861
28.82791018486023
28.352513790130615
50.94783067703247
36.29789853096008
32.65334105491638
30.393336534500122
37.00714159011841
47.2269389629364
37.61744809150696
29.16636085510254
48.989827394485474
30.676201343536377
49.58641338348389
31.972469568252563
34.781760454177856
39.26045107841492
42.254576683044434
38.408766984939575
38.98365044593811
58.57485628128052
42.01083040237427
39.74555540084839
35.718878507614136
29.85582399368286
33.80600953102112
31.902783155441284
29.799696683883667
32.08546781539917
32.82567477226257
29.99599266052246
31.41353130340576
41.39965891838074
29.90761089324951
37.58690643310547
37.83773374557495
33.394753217697144
28.244093656539917
29.776378631591797
29.22668218612671
31.319061517715454
43.98733377456665
41.27003836631775
76.69829750061035
42.05324864387512
30.188747882843018
31.17047429084778
35.94482183456421
34.93542957305908
28.531248807907104
40.213175535202026
31.809462070465088
57.45064640045166
39.177034854888916
32.282912254333496
71.62483382225037
27.167253971099854
37.936999797821045
36.420594215393066
33.975600242614746
32.437564849853516
42.07856202125549
30.473562240600586
28.666693687438965
31.88436532020569
30.161272764205933
30.401523113250732
41.14294719696045
31.860560417175293
56.446712255477905
36.675400257110596
34.19096255302429
35.16397571563721
35.77873873710632
32.35507774353027
48.323095083236694
32.98838567733765
40.620757818222046
30.321380853652954
65.33429789543152
41.01377892494202
36.78766465187073
31.606322050094604
42.220521688461304
52.88823652267456
68.83427882194519
39.874573945999146
30.45099949836731
33.337581157684326
29.207952737808228
32.287426233291626
47.22111916542053
28.945558547973633
31.578042030334473
43.33986783027649
38.89895558357239
31.110543727874756
31.802266836166382
27.05911636352539
72.22604823112488
49.613426208496094
34.78267240524292
30.678627014160156
31.560176134109497
35.27654552459717
28.64280390739441
34.62012314796448
29.6395423412323
82.8048324584961
32.8087272644043
28.93589210510254
29.243924617767334
45.75414061546326
29.3487811088562
38.499876260757446
30.138219356536865
36.63094425201416
28.719035863876343
30.44894027709961
26.778655290603638
33.45777106285095
79.98286557197571
43.25337290763855
31.39189887046814
57.230284452438354
64.71541690826416
30.875337839126587
29.8039710521698
73.80117106437683
29.76884412765503
31.962942600250244
35.28962707519531
26.418126344680786
44.67141079902649
35.01775765419006
37.610244035720825
32.4810426235199
36.20135021209717
39.215604305267334
30.314035177230835
30.279086112976074
29.475040912628174
29.170765161514282
28.24691915512085
44.908244371414185
32.18037033081055
45.98466968536377
35.46597218513489
37.08499717712402
54.0390944480896
30.86802315711975
31.975958108901978
42.27738809585571
29.292683124542236
28.14694571495056
33.086848735809326
46.11546277999878
34.56142234802246
29.980793714523315
35.764731645584106
31.31042742729187
36.150705099105835
27.79472780227661
30.404206037521362
28.1535906791687
35.859801292419434
47.86824297904968
30.408180236816406
38.9279580116272
32.42055535316467
33.7611358165741
104.61480236053467
30.898988485336304
43.09561252593994
27.62528157234192
38.61796474456787
32.75231647491455
28.291292190551758
29.89216637611389
52.03857922554016
33.25674819946289
36.454978704452515
33.074209451675415
36.687631368637085
32.17198181152344
41.99152994155884
64.52305507659912
41.26741337776184
36.573031187057495
36.2259886264801
57.082802295684814
29.070855855941772
32.37310600280762
40.83069968223572
31.472137212753296
60.353957414627075
28.102941036224365
96.62580728530884
31.629229068756104
28.953399419784546
27.035399675369263
31.529540538787842
30.91332745552063
35.08567667007446
27.68654727935791
55.32419538497925
27.427175045013428
40.92465114593506
25.84703040122986
35.907307624816895
31.83461093902588
37.68101763725281
49.323288679122925
75.7628242969513
29.775132417678833
32.68945646286011
31.26223111152649
33.18744373321533
50.43112373352051
37.47508382797241
43.020620346069336
39.61307120323181
32.82449817657471
29.497514963150024
35.428651332855225
32.21850633621216
37.70358085632324
27.0347900390625
54.16601061820984
39.19498896598816
30.286404848098755
27.54851222038269
38.692615270614624
43.53594255447388
30.18992328643799
38.25125217437744
30.29780125617981
30.27548599243164
28.626886129379272
33.67595672607422
30.66488265991211
28.963955879211426
29.104596853256226
29.23712682723999
43.05322790145874
27.10080337524414
34.81438326835632
33.81330871582031
34.42218470573425
73.31929683685303
29.094287633895874
35.50933527946472
41.364622354507446
28.664826154708862
37.013362884521484
35.562731981277466
32.67562794685364
30.276632070541382
40.499541997909546
31.122278451919556
52.51570653915405
30.083939790725708
49.442341566085815
27.978139400482178
43.37689566612244
52.2688364982605
46.74913740158081
89.14636611938477
54.92440986633301
29.76242446899414
36.762930393218994
36.085609436035156
65.79106760025024
29.44544506072998
26.908729076385498
29.133105039596558
78.74520611763
29.167520761489868
46.11794996261597
48.09308695793152
34.17504906654358
47.584641218185425
30.12642765045166
29.58460307121277
30.30110764503479
33.23292112350464
33.94315147399902
41.95353102684021
49.98058724403381
30.926966905593872
30.976228952407837
33.026676177978516
34.60328722000122
39.918516874313354
27.351834535598755
33.12492871284485
29.901101112365723
58.07866859436035
43.307143449783325
48.61434769630432
34.616294860839844
35.34856939315796
33.13686800003052
30.693099975585938
48.45959734916687
31.357927083969116
44.06932806968689
43.64057993888855
38.30815076828003
31.00365662574768
29.31830930709839
72.88664627075195
28.838291883468628
33.89488387107849
33.42189693450928
33.96400785446167
36.641523122787476
51.310802936553955
29.363577842712402
35.41042232513428
28.65631079673767
33.51839280128479
34.264742374420166
39.84506821632385
32.09569454193115
33.88274812698364
38.704182863235474
42.33054256439209
38.29611396789551
38.75868558883667
38.75187706947327
42.82333302497864
34.052757263183594
31.491538286209106
30.65578317642212
28.48251724243164
28.64399290084839
68.79230809211731
32.26993203163147
59.01501750946045
28.80905771255493
34.8607816696167
31.717982292175293
29.706951141357422
31.455395936965942
40.60047006607056
29.95811414718628
30.751561880111694
46.270869970321655
46.22312259674072
40.83241033554077
30.2983181476593
40.906455755233765
69.96550726890564
31.071210861206055
39.519004821777344
42.875943422317505
35.482505559921265
28.21760082244873
34.11633634567261
32.487663984298706
30.055887460708618
47.523311614990234
35.07557773590088
37.31165814399719
28.346569299697876
37.10779094696045
29.868709564208984
55.32067918777466
39.43980813026428
36.03552865982056
38.9949836730957
48.255779504776
32.02001118659973
30.501810312271118
27.39796805381775
35.202763080596924
28.83379888534546
30.682992696762085
29.507227897644043
39.87109065055847
55.238118171691895
33.87311601638794
31.432728052139282
42.10605001449585
49.817899227142334
38.17796850204468
30.042057275772095
27.43352246284485
31.5646653175354
28.84280562400818
28.29971218109131
26.763690948486328
42.69254231452942
32.37880206108093
33.48248529434204
30.174120664596558
28.549169301986694
27.201767683029175
34.20207238197327
38.04221773147583
32.059380531311035
31.751641988754272
40.98741698265076
28.829084634780884
29.10859990119934
30.04574418067932
35.72119688987732
46.01742744445801
35.648715019226074
31.314422369003296
33.91154098510742
33.36121964454651
45.28318381309509
35.47403073310852
26.84579849243164
27.745278358459473
45.33292317390442
31.660850286483765
39.705063581466675
30.2618191242218
39.491042375564575
36.78741765022278
28.276834964752197
42.36463975906372
46.36023187637329
30.624590635299683
31.248579025268555
33.794981718063354
30.570489645004272
29.153499841690063
40.99143862724304
31.959699869155884
31.694401025772095
34.2514328956604
38.92109513282776
29.44978642463684
35.50650095939636
42.61782765388489
30.59177827835083
35.68549132347107
31.790122747421265
30.319705486297607
40.084736824035645
33.38742232322693
27.427260398864746
62.975720167160034
29.223673582077026
68.28212404251099
32.382530212402344
34.31476712226868
31.218495845794678
50.247013330459595
34.53814506530762
33.15221643447876
40.91214203834534
28.402990579605103
34.630871057510376
30.029879093170166
32.03136968612671
51.33560085296631
32.37496995925903
37.72605276107788
33.502726554870605
44.41278791427612
31.418615341186523
28.668407201766968
28.87594246864319
32.96470618247986
29.098719120025635
35.11576581001282
37.54730224609375
26.792165994644165
40.39261603355408
60.33938384056091
27.057770013809204
30.54406237602234
49.280900716781616
31.481969118118286
29.34873342514038
31.607606649398804
30.34994912147522
28.251477003097534
29.851157426834106
39.21004319190979
34.71684455871582
31.461054801940918
73.41323208808899
53.68943381309509
38.01037383079529
31.85558581352234
38.950740575790405
53.689900636672974
33.61113119125366
32.39112687110901
30.33056926727295
28.959107875823975
37.66225624084473
36.12138223648071
30.17432141304016
31.139052629470825
44.02681875228882
29.58739924430847
30.557573080062866
36.16537928581238
30.172444820404053
41.31559729576111
30.773125886917114
27.43492817878723
25.75820827484131
44.458645820617676
31.266518115997314
27.326228618621826
31.7254421710968
67.10667586326599
31.58271813392639
28.946507215499878
33.60022258758545
32.15810704231262
31.901902198791504
40.74275231361389
31.333564281463623
29.032445430755615
31.249094486236572
30.172126054763794
32.84983849525452
29.384637355804443
82.0797278881073
38.071433305740356
37.74092626571655
50.12421917915344
28.09071111679077
34.211355686187744
29.488642930984497
33.14058804512024
53.9550085067749
32.96745562553406
39.88228440284729
29.148600339889526
33.46715712547302
27.194547176361084
41.10266613960266
39.79359292984009
29.92520570755005
29.738107442855835
33.76020550727844
28.79958200454712
38.53497767448425
32.876344442367554
29.191915035247803
30.23193907737732
29.99863624572754
28.812986612319946
33.44857406616211
36.0181245803833
34.75539565086365
30.090002059936523
38.72186017036438
40.474202394485474
36.05645775794983
29.3337504863739
26.681898832321167
30.219677448272705
35.20725870132446
32.43724226951599
31.406376600265503
43.67981934547424
36.982911109924316
31.022210359573364
65.08805465698242
29.416096448898315
27.191916942596436
30.095024347305298
32.496033906936646
29.762990713119507
32.61774706840515
63.67404246330261
32.01693892478943
30.67042899131775
30.887871503829956
28.99302339553833
32.26262545585632
62.46640920639038
28.820914030075073
27.365747451782227
49.35513472557068
35.828031063079834
34.52293562889099
51.14050817489624
26.371174812316895
28.531241416931152
29.550177574157715
30.32066559791565
51.87708044052124
41.84924101829529
33.659836769104004
53.76878619194031
38.57122206687927
34.3132529258728
32.76486897468567
33.75288939476013
31.992815732955933
29.992884635925293
39.65936017036438
44.89426803588867
29.04743528366089
29.32932472229004
33.801697731018066
35.10475492477417
85.4556872844696
28.83546733856201
56.0410635471344
28.942650318145752
34.22547149658203
35.62537908554077
36.64709758758545
38.394198179244995
96.04807591438293
31.039792776107788
27.792966842651367
48.70410108566284
32.60230016708374
74.4089503288269
35.064043045043945
28.551025867462158
98.24129223823547
30.823827743530273
29.681864976882935
45.170095443725586
25.91754913330078
46.14607357978821
31.19685411453247
39.11284852027893
33.53569769859314
33.801321029663086
35.920453786849976
43.23151779174805
36.822697162628174
32.152536153793335
43.98626232147217
37.86777925491333
36.679062366485596
45.04329705238342
35.81301498413086
29.0631000995636
47.16358780860901
32.15721011161804
42.271451473236084
38.61207866668701
29.2374005317688
34.76592826843262
31.52950954437256
30.640799522399902
68.25705933570862
32.62455344200134
29.960078239440918
61.56568670272827
85.09436082839966
29.80669856071472
30.213144302368164
31.413946390151978
77.79783225059509
33.58108735084534
28.353734970092773
36.06685948371887
46.33089995384216
28.71657109260559
27.95500087738037
28.251765727996826
49.654892683029175
30.257408380508423
43.52706956863403
28.480539321899414
28.288614749908447
47.587589740753174
34.07925510406494
29.326910972595215
28.59460163116455
54.1291708946228
33.695170164108276
33.06764888763428
31.281328439712524
68.60278367996216
30.998836040496826
32.0754759311676
27.277432918548584
31.639005184173584
44.279218912124634
28.28908634185791
30.557896852493286
38.31413531303406
35.79053521156311
59.41227650642395
42.42511987686157
28.003857135772705
35.528669357299805
35.05535364151001
32.91335868835449
39.94309616088867
71.14300537109375
65.48650860786438
39.654751777648926
28.052412271499634
29.817535161972046
29.106785774230957
31.101991415023804
30.91272497177124
28.299201250076294
41.55951976776123
31.3633451461792
37.14696907997131
29.924583196640015
30.889564275741577
29.023393392562866
32.57324147224426
38.62360382080078
30.869658946990967
50.69249701499939
25.89803123474121
39.314255237579346
28.82133412361145
36.45325565338135
39.91924524307251
81.24198150634766
29.963441133499146
32.699838161468506
29.832156658172607
57.276813983917236
41.88682842254639
31.622970819473267
34.58412432670593
30.32250952720642
34.85873508453369
32.94489622116089
59.56992173194885
44.20223379135132
35.876460313797
33.11832046508789
29.000563621520996
35.968092918395996
46.176337003707886
51.094714641571045
35.84841990470886
28.94215965270996
31.030683279037476
31.913557052612305
28.77640199661255
32.30291819572449
32.44404220581055
37.1350998878479
32.49787449836731
27.700883865356445
28.27384877204895
35.04680418968201
30.575966835021973
28.990219354629517
33.58572340011597
39.22393560409546
30.690990209579468
29.227892875671387
37.89126777648926
34.678815841674805
33.16832780838013
39.82568025588989
31.826945066452026
28.32451844215393
30.085381031036377
38.877302169799805
28.145070552825928
30.039077281951904
33.282034397125244
55.00709652900696
42.52811908721924
30.441548824310303
32.09937262535095
28.10743761062622
31.560893535614014
34.92172956466675
32.27313280105591
31.107100248336792
50.22218322753906
32.07687950134277
39.31259608268738
29.60814619064331
29.559744119644165
25.451643705368042
31.152826070785522
34.590831995010376
37.71752071380615
57.465489625930786
34.97952651977539
30.712110996246338
56.35977101325989
32.61370396614075
44.206804275512695
28.16498041152954
27.93055486679077
36.749276638031006
31.021216869354248
38.42750811576843
27.740326166152954
37.7164044380188
30.42133331298828
40.914355993270874
30.396470546722412
28.212082386016846
39.491148471832275
89.34101915359497
34.38223671913147
35.79365110397339
31.135926485061646
42.832725048065186
33.16598343849182
28.79407548904419
30.98470377922058
34.8557014465332
27.97148108482361
31.025273323059082
32.97237181663513
29.89224338531494
29.3489933013916
30.68474507331848
26.478434562683105
37.98870038986206
32.641231536865234
30.299713373184204
48.45852303504944
43.55077600479126
33.25525760650635
30.251150608062744
77.56632924079895
39.624478816986084
54.58127307891846
37.921446323394775
30.664875984191895
28.725295066833496
36.23251819610596
30.3822762966156
29.38476300239563
71.83591198921204
30.63741159439087
28.630462408065796
52.41818141937256
28.165409326553345
27.390804290771484
49.524852991104126
31.38901662826538
28.10910177230835
27.707138776779175
29.347339391708374
33.326868295669556
27.93477725982666
39.519811391830444
35.075226068496704
28.40743398666382
27.44699501991272
33.376912117004395
33.89492917060852
27.07561421394348
33.23244094848633
32.284077167510986
30.967647314071655
32.31117916107178
29.602203130722046
36.176108837127686
29.063579320907593
36.06253910064697
31.058192253112793
43.8072395324707
28.31339454650879
68.81445646286011
35.32294988632202
28.21033787727356
29.91192102432251
40.940633058547974
26.820464372634888
27.132781982421875
30.839138507843018
64.23706197738647
46.14858651161194
32.50463128089905
31.761700868606567
35.01519703865051
64.02760434150696
41.65561485290527
34.38880920410156
34.25413203239441
29.320271253585815
127.22917604446411
102.5580689907074
26.418208599090576
29.23088312149048
30.1444091796875
36.86358594894409
28.596437454223633
44.9539008140564
53.7934935092926
30.040681838989258
30.32016396522522
30.359182834625244
35.291433572769165
32.100587606430054
57.502259969711304
37.31270456314087
26.323402643203735
46.191537380218506
34.13051152229309
39.66685652732849
71.92741751670837
25.88038682937622
31.515262603759766
31.34500026702881
88.86228322982788
27.019426584243774
36.11585593223572
46.3034291267395
34.90238690376282
27.36273431777954
29.283187866210938
28.884061336517334
32.052799701690674
27.46693444252014
33.876251220703125
39.12388253211975
37.21038007736206
29.958277225494385
35.27946376800537
45.14867115020752
25.956502199172974
31.937427043914795
38.9575412273407
27.237520933151245
31.126220703125
35.26581382751465
32.929731369018555
57.34453725814819
39.815300941467285
38.93964624404907
34.35780572891235
34.99918556213379
59.46080422401428
29.433173894882202
28.185688734054565
28.401129484176636
60.31007194519043
29.531203985214233
32.01791453361511
30.586281061172485
30.92990517616272
31.580942392349243
35.28864359855652
68.33314943313599
28.989955186843872
27.803865432739258
30.437937259674072
28.578309059143066
29.276968240737915
28.65098237991333
30.599287509918213
68.2235918045044
30.200398206710815
30.92731499671936
28.944291591644287
51.212916135787964
60.31147885322571
28.92854642868042
27.85480237007141
29.839199542999268
31.570801973342896
29.25940179824829
42.84747529029846
34.381463050842285
33.78355884552002
30.81183934211731
35.89655041694641
35.20490264892578
29.920645236968994
31.32018733024597
27.176610231399536
50.3215126991272
66.31699776649475
30.705790996551514
27.735424757003784
30.102349042892456
51.10709619522095
30.069136381149292
33.32324934005737
39.87902116775513
34.927217960357666
42.77772307395935
31.890441179275513
30.894602298736572
28.226441621780396
34.913613080978394
29.598681688308716
37.93965125083923
38.932201862335205
34.98490285873413
28.798990488052368
29.024711847305298
33.9186315536499
64.60211110115051
31.30069875717163
36.32630896568298
46.729252099990845
43.9070885181427
49.9056293964386
29.439187049865723
34.12154793739319
28.5842866897583
33.26575994491577
43.20471978187561
32.13194990158081
31.144403219223022
29.967324256896973
30.21472954750061
33.000332832336426
28.339568853378296
33.28606915473938
32.187142848968506
30.166894674301147
27.80274724960327
32.75975704193115
61.16562056541443
32.03830671310425
29.599374532699585
65.26148295402527
45.52504825592041
35.40852880477905
30.76098656654358
31.887873888015747
29.183327674865723
33.66152548789978
32.194709062576294
35.017407178878784
59.302536725997925
64.92502617835999
30.343630075454712
29.572477340698242
28.3002507686615
37.293840169906616
47.40763282775879
28.187861442565918
35.22611117362976
46.35851073265076
42.67929935455322
42.835697889328
29.17048192024231
31.576854467391968
30.08335280418396
30.994740962982178
25.540282487869263
31.66053819656372
73.5355806350708
35.19568872451782
45.885059118270874
30.739896535873413
70.24837446212769
27.825422048568726
52.98139715194702
31.679775953292847
26.913257122039795
48.768608808517456
28.225852966308594
38.68793702125549
38.34001421928406
47.121100425720215
30.234484910964966
33.33943033218384
35.07983207702637
30.795422077178955
28.29877257347107
45.86553144454956
45.37836813926697
31.03840970993042
36.29323410987854
26.229511976242065
29.339370012283325
42.754111766815186
35.570045948028564
32.55581521987915
83.79597544670105
29.008896827697754
29.07753825187683
62.56063795089722
116.18169975280762
31.18325161933899
29.971594095230103
40.53964042663574
44.39992356300354
35.90455198287964
28.61848473548889
32.421366691589355
39.06012272834778
55.09859323501587
30.417073965072632
39.057560205459595
87.86342120170593
38.09279179573059
44.857425928115845
42.547497272491455
40.91291689872742
51.47931957244873
37.363611459732056
31.665931940078735
35.077983140945435
92.75429797172546
54.04361081123352
45.75477910041809
33.57488131523132
41.79557657241821
31.34928011894226
47.516228914260864
27.684882164001465
32.34097671508789
37.14058995246887
28.776554822921753
26.403329849243164
44.292880058288574
27.44720220565796
34.670183181762695
34.21395397186279
55.10273838043213
30.757330656051636
38.804524183273315
30.360968351364136
36.72562503814697
45.17109823226929
43.329989194869995
29.97637915611267
37.044795751571655
27.092487573623657
28.777876138687134
41.1877555847168
53.63145422935486
36.08368754386902
84.80448794364929
35.75917625427246
54.35893750190735
69.31281042098999
36.02348756790161
28.080600023269653
33.38612103462219
30.66720962524414
28.30197525024414
31.624419450759888
34.38398098945618
45.976635456085205
