32.50361108779907
33.10646939277649
32.115668058395386
32.963056564331055
32.29971504211426
31.935224294662476
32.718222856521606
32.62156867980957
32.84477996826172
32.40266013145447
32.72707915306091
31.805623769760132
32.0342538356781
32.033554553985596
31.4042010307312
31.138782024383545
32.901588916778564
30.75786805152893
31.13763976097107
33.116841077804565
32.276814222335815
32.86875343322754
32.32526874542236
32.70050001144409
32.20905900001526
31.688501596450806
32.343918561935425
33.322108030319214
32.7563693523407
32.352498054504395
32.315041303634644
32.17400503158569
32.71719312667847
31.6974196434021
31.858876705169678
31.289355516433716
32.1241557598114
32.44111680984497
32.88657474517822
31.791616201400757
33.141170263290405
33.27901792526245
32.77404046058655
32.12908339500427
33.00932312011719
32.12857484817505
32.900599241256714
32.98879432678223
31.917914628982544
32.62217354774475
32.75680661201477
33.63281559944153
33.0072557926178
32.13438034057617
34.06212091445923
32.12262511253357
32.61019015312195
32.515422344207764
32.84491038322449
33.63681674003601
32.44807481765747
32.79779648780823
32.69282603263855
32.22722125053406
32.445815086364746
32.81454300880432
32.980512380599976
33.51678776741028
32.98263239860535
32.821321964263916
32.03776931762695
32.343021392822266
32.503904819488525
31.60293197631836
30.630295038223267
31.70952844619751
32.5011727809906
32.85885310173035
32.35026001930237
33.31164336204529
32.677915811538696
32.642608404159546
32.64837074279785
32.32449436187744
32.38325309753418
32.059059858322144
32.998923778533936
32.13276124000549
33.03400254249573
33.07421684265137
32.44705033302307
32.61920619010925
32.321526765823364
32.69304966926575
32.30306959152222
31.680804014205933
31.718756198883057
32.01709794998169
31.773108959197998
31.849209547042847
32.00623178482056
32.332019567489624
32.81981444358826
32.903409004211426
32.22420930862427
32.54743456840515
32.33499574661255
32.21483135223389
32.43367528915405
30.88566780090332
31.905773162841797
32.280601263046265
32.30821776390076
32.37670159339905
31.84965491294861
30.732836723327637
32.450774908065796
32.09705448150635
32.18374967575073
33.012139558792114
32.47114586830139
33.290292739868164
33.001983880996704
32.90958523750305
33.44239592552185
30.44119691848755
32.42234826087952
33.31612849235535
32.5811402797699
32.26137018203735
33.383460521698
33.093066692352295
32.33180785179138
31.11978030204773
32.62762212753296
32.34603953361511
32.4560182094574
32.726765871047974
32.119637966156006
31.937944889068604
32.36334586143494
32.21696376800537
32.307246685028076
32.002686977386475
31.862348556518555
32.25023579597473
31.703516721725464
30.56215476989746
30.571903944015503
29.21947932243347
30.007280111312866
30.479732751846313
31.28994369506836
33.72435975074768
30.249394416809082
31.013079166412354
30.931180238723755
30.97580122947693
29.74259042739868
31.33074116706848
31.07113814353943
32.04118728637695
31.607909440994263
31.682966232299805
31.748487949371338
30.908326864242554
30.71045970916748
30.74429941177368
30.453705310821533
30.604100465774536
30.866939783096313
30.94045853614807
31.710283756256104
31.559409618377686
32.21733736991882
31.66357922554016
30.353347539901733
31.674325942993164
30.621511459350586
30.58440089225769
30.502964735031128
31.321966409683228
31.04173445701599
30.46097683906555
30.50100326538086
30.382468223571777
30.478902101516724
30.104027271270752
30.883215188980103
31.521279096603394
34.180747509002686
34.014472246170044
31.20684790611267
30.13025426864624
31.73876428604126
30.450597047805786
30.39244270324707
30.74192452430725
29.5671808719635
30.356928825378418
31.62386465072632
30.274476766586304
30.671335458755493
30.460554122924805
31.32275629043579
30.03995108604431
31.416664123535156
30.40118956565857
30.262988328933716
30.72987675666809
30.625313758850098
29.67601776123047
31.002744913101196
30.43618869781494
30.183666229248047
32.26012563705444
30.316197156906128
32.83661127090454
29.410293102264404
33.47797250747681
33.80258107185364
30.364149570465088
31.435877561569214
30.967371940612793
30.57123589515686
33.212225914001465
32.88826084136963
34.21447944641113
30.547162771224976
31.64373207092285
30.73619818687439
31.0619478225708
30.436506271362305
30.397120237350464
30.477386951446533
30.745420932769775
30.47658133506775
30.753326416015625
31.1510648727417
30.169365882873535
29.355432748794556
29.85885739326477
30.656123638153076
31.05143141746521
30.223005533218384
31.584317684173584
30.792828798294067
34.921276569366455
35.51667833328247
30.764182806015015
29.759228467941284
30.96417760848999
30.52437472343445
29.612513542175293
29.134864807128906
30.409502744674683
30.638423204421997
30.900669813156128
30.525461435317993
30.509928941726685
30.949373960494995
31.002824068069458
30.785321950912476
30.71466565132141
31.90797758102417
30.679473161697388
32.4347767829895
33.14821195602417
30.835602283477783
31.113116025924683
30.435360193252563
30.936964750289917
30.064547538757324
31.682992696762085
30.311697721481323
30.637403964996338
30.47423791885376
30.64417862892151
30.570319175720215
30.576935529708862
31.025373220443726
31.38682460784912
30.215526819229126
30.13960027694702
30.263063430786133
30.251269578933716
31.103617191314697
30.92419457435608
30.600560188293457
30.270591974258423
30.109055995941162
30.466580629348755
35.47308087348938
35.14182639122009
30.79843521118164
30.966562747955322
30.225951671600342
32.31305146217346
35.88577485084534
29.026521921157837
30.420095205307007
31.005984783172607
30.867417097091675
31.3116295337677
30.823267698287964
30.838648557662964
30.2372407913208
30.730000734329224
30.727606058120728
30.621428966522217
29.290014266967773
29.002500772476196
30.10194730758667
30.696382761001587
30.57582402229309
30.564168214797974
32.5576331615448
30.16451382637024
31.48485517501831
30.553975105285645
30.725000619888306
30.967643976211548
31.171051263809204
30.908884048461914
31.04027247428894
30.91547966003418
30.10528039932251
29.677797079086304
30.997658014297485
31.185161352157593
30.73579692840576
30.200815439224243
31.182849168777466
34.24802207946777
34.789933919906616
30.662901163101196
30.12548279762268
31.20132613182068
30.297933340072632
30.275439500808716
30.532204389572144
31.177797317504883
30.72935962677002
30.72190237045288
30.66699481010437
32.348666191101074
30.65709400177002
32.43610644340515
32.17221975326538
34.19536900520325
34.78903317451477
34.12325191497803
30.83035135269165
30.50091814994812
30.755377292633057
30.351540088653564
30.734816551208496
30.735031843185425
30.935967922210693
30.73321843147278
30.777826070785522
31.045312881469727
30.334831953048706
30.487350940704346
30.488513469696045
30.775983333587646
30.805474519729614
30.90913486480713
30.65927004814148
30.47141695022583
31.344327926635742
30.897143125534058
31.121739149093628
30.97156810760498
30.531834363937378
30.931519031524658
31.43925380706787
30.83477473258972
30.933101177215576
30.63450336456299
31.261340856552124
32.523813009262085
30.89213800430298
30.724010705947876
30.507869958877563
30.41030192375183
30.69447159767151
31.121384620666504
30.847975730895996
31.055307149887085
31.760524034500122
30.326618432998657
32.40912175178528
31.037158966064453
30.131239414215088
30.37395215034485
30.85879135131836
30.446701049804688
31.39205503463745
30.65186309814453
30.679349184036255
30.431581497192383
31.622314453125
31.066426992416382
30.812545776367188
30.82838797569275
31.02026915550232
30.773260354995728
30.70091152191162
30.46450972557068
30.63537335395813
31.83035707473755
31.64816665649414
31.97496461868286
30.51047945022583
30.705427169799805
30.14663314819336
29.999777793884277
32.154807329177856
30.924389600753784
31.054248332977295
30.234801292419434
30.743019104003906
30.603591442108154
30.70552706718445
31.139780521392822
30.61915636062622
31.861799478530884
30.58669900894165
31.058836936950684
30.44020438194275
30.45887589454651
31.233417987823486
31.517388343811035
30.368080139160156
30.303375244140625
31.2555935382843
31.324840784072876
31.582250356674194
30.270667552947998
31.741937160491943
32.57032322883606
31.05826473236084
30.9633207321167
31.29431176185608
30.746809720993042
30.6702880859375
30.375237226486206
30.58364224433899
30.998146057128906
31.337695598602295
30.25792360305786
30.744672298431396
30.723868131637573
30.448307752609253
31.080472946166992
30.53160071372986
31.402495861053467
30.78370428085327
30.50921058654785
30.73086190223694
30.39594841003418
30.509881258010864
31.36061120033264
31.66395330429077
31.13855290412903
30.781915426254272
31.19585609436035
30.7027587890625
30.48123598098755
30.44244909286499
30.490517377853394
30.689106702804565
30.44044518470764
31.19997239112854
32.01520133018494
30.574142694473267
30.60869312286377
30.36416745185852
33.688488245010376
32.610536336898804
30.63886332511902
30.334840774536133
30.952080011367798
32.0623505115509
30.552009105682373
30.354981899261475
35.197596311569214
34.97015738487244
31.22364902496338
30.707016706466675
30.372113466262817
30.43820571899414
30.638985633850098
30.44295024871826
30.669225692749023
30.430798768997192
30.956826210021973
30.407252073287964
31.47041368484497
30.387964248657227
31.115762948989868
30.719613552093506
30.594738483428955
30.934373140335083
30.502264261245728
31.193216562271118
31.214527368545532
30.55984592437744
32.593886852264404
31.629491090774536
30.433478116989136
30.71112823486328
30.768654108047485
30.467970848083496
30.802963256835938
30.89463210105896
30.51606035232544
31.21674084663391
31.382468700408936
30.92389464378357
30.4475736618042
30.257564067840576
30.395703315734863
30.537546157836914
31.10747981071472
30.610107421875
31.47881555557251
31.41101098060608
30.95163583755493
31.220038890838623
31.17273783683777
30.940099000930786
30.864545822143555
31.54822039604187
31.212541341781616
30.167234182357788
30.453760147094727
30.425257205963135
30.432095766067505
30.299574851989746
31.238068103790283
30.681946992874146
30.91092276573181
30.452943563461304
30.689094066619873
30.68403172492981
30.947022914886475
30.541488885879517
30.600532293319702
31.232587814331055
31.34859824180603
30.9378023147583
30.319677591323853
30.685768604278564
30.680216789245605
30.824596643447876
31.261390686035156
30.642208337783813
30.601830005645752
30.961331129074097
30.422933101654053
30.764604091644287
30.57216477394104
31.516292810440063
30.70487689971924
30.896920442581177
31.266100645065308
31.078075885772705
30.631199598312378
34.76886487007141
34.438652992248535
30.414135932922363
30.815507411956787
31.51885461807251
30.757734537124634
30.4878830909729
31.00624132156372
30.946386575698853
30.77625036239624
30.570549726486206
30.695656299591064
30.331252336502075
31.3760986328125
30.45945930480957
30.203068733215332
31.45577645301819
30.435543060302734
30.368878602981567
30.752183198928833
31.54821753501892
31.55368661880493
31.207163095474243
31.260987043380737
31.22394323348999
30.75554633140564
30.17261838912964
31.336522817611694
30.208430290222168
30.90791392326355
31.012690782546997
30.470691919326782
31.611841201782227
30.466338634490967
30.326438188552856
31.310576677322388
31.444942951202393
30.31904411315918
30.845881462097168
30.460863828659058
30.41846799850464
30.738091707229614
30.616007328033447
30.36036515235901
30.816373109817505
30.50623083114624
30.80189275741577
30.34823513031006
30.964339017868042
30.713562726974487
31.381274461746216
31.052988052368164
30.687530517578125
31.41017985343933
30.315438270568848
31.023433923721313
31.154623985290527
30.99259066581726
31.322693824768066
30.9590744972229
31.619991779327393
30.515222787857056
31.37079167366028
30.566546201705933
30.304706811904907
31.816283464431763
30.353479862213135
30.67427945137024
30.75937533378601
30.862226724624634
30.706400394439697
30.69551682472229
30.732946395874023
30.697444915771484
30.29137420654297
30.772477865219116
31.363573789596558
31.142610788345337
30.898537397384644
30.640223741531372
31.041105270385742
31.719411373138428
31.633222103118896
30.919199466705322
30.735287189483643
30.69360637664795
31.13300895690918
30.355560779571533
30.673928260803223
30.536668062210083
30.874979496002197
30.931498527526855
31.700308084487915
30.83095383644104
30.482555866241455
31.484147548675537
31.026999473571777
30.09547710418701
31.10957407951355
30.68881130218506
31.91383981704712
33.7047758102417
34.293593883514404
30.55103635787964
30.40071177482605
30.501172304153442
30.59634757041931
30.439695596694946
30.298150300979614
30.6131432056427
30.77777409553528
31.729211807250977
31.57927393913269
31.10542345046997
30.912022352218628
30.352415561676025
30.401885271072388
30.497560262680054
31.015315294265747
30.741815090179443
31.632561922073364
31.738051176071167
30.39232301712036
30.994712829589844
31.023149490356445
30.90792202949524
30.85883140563965
30.36344289779663
30.61534094810486
30.519194841384888
30.500487565994263
30.408705234527588
30.559871196746826
30.70437717437744
31.112164974212646
30.554288625717163
31.434108018875122
30.514450550079346
31.535049200057983
31.32089591026306
30.533092260360718
30.48028302192688
30.575387954711914
30.609081029891968
30.906249284744263
30.63519597053528
31.149577379226685
30.463584184646606
30.590580463409424
30.53650140762329
30.462327241897583
30.482636213302612
30.549896478652954
31.046602249145508
30.94943881034851
30.6369309425354
30.61704444885254
30.730966806411743
31.058030128479004
30.225881099700928
30.615270853042603
30.995504140853882
30.902244806289673
30.401543617248535
30.26790499687195
31.083857774734497
30.819097757339478
30.37261176109314
31.468688488006592
30.325450897216797
30.5802583694458
30.877135038375854
31.06686234474182
31.695086240768433
31.248226165771484
30.825666427612305
30.484063386917114
31.44677424430847
31.38837742805481
31.33760905265808
32.42397141456604
31.283650159835815
31.42387342453003
31.924419403076172
31.34247374534607
31.41559338569641
31.299505472183228
31.54007053375244
31.181915760040283
30.835129499435425
34.07700538635254
34.58679533004761
31.311956882476807
30.227729558944702
30.46917200088501
30.6876220703125
30.678861379623413
30.23370885848999
30.649782180786133
30.721877574920654
30.346278429031372
31.047703742980957
30.542124271392822
30.68315625190735
30.30377984046936
30.28318953514099
31.199156999588013
31.628971815109253
30.729140520095825
30.979651927947998
30.773194074630737
30.595211267471313
31.313809394836426
30.73900294303894
30.409780263900757
30.97956681251526
30.56661891937256
30.618812322616577
30.483738899230957
30.5892071723938
30.136303901672363
30.451488971710205
30.464706659317017
31.72391700744629
31.323253393173218
30.241495370864868
31.702208042144775
30.244897603988647
31.053322076797485
30.356820583343506
30.876922607421875
30.55481243133545
30.62174391746521
30.370018482208252
30.758082628250122
30.566256284713745
30.69149160385132
31.037395000457764
31.054415225982666
30.456186294555664
30.525543212890625
30.21655583381653
30.695348262786865
31.549307346343994
30.585306882858276
30.604722023010254
31.587794542312622
31.136678457260132
30.851177215576172
31.47731375694275
30.990827798843384
30.656469106674194
30.65433645248413
31.29738736152649
30.73523712158203
31.21686053276062
30.983432292938232
30.73493766784668
30.659555673599243
30.401530265808105
30.759068965911865
30.54641819000244
30.326892137527466
30.864142656326294
30.56695008277893
30.5318021774292
30.50227165222168
30.937931299209595
30.478604793548584
31.31564450263977
31.72962999343872
30.471655130386353
31.389061212539673
30.429027557373047
31.086394786834717
30.36513662338257
30.37005305290222
30.542614936828613
30.626208066940308
30.71190595626831
30.515352725982666
30.444268703460693
30.816458463668823
30.826363563537598
30.700323820114136
31.42557168006897
30.603165864944458
30.929205656051636
30.461267232894897
31.156757593154907
30.44412899017334
31.321881532669067
31.237440824508667
30.280430793762207
30.683188676834106
30.910152673721313
30.99317240715027
30.4628963470459
30.67923879623413
30.495840072631836
31.09955358505249
30.412315845489502
30.650243759155273
30.41962718963623
30.39173698425293
30.6065673828125
30.78848123550415
31.071764707565308
30.639930725097656
30.66685461997986
30.801510334014893
30.407081365585327
31.138280153274536
30.7378933429718
31.42520046234131
30.93324089050293
30.969876050949097
30.54911708831787
31.312288522720337
30.493938207626343
30.50771689414978
30.520291805267334
30.67220902442932
30.667371034622192
31.230818271636963
31.367589235305786
30.682971239089966
30.5518536567688
30.41395616531372
31.479899883270264
30.213002920150757
31.185758113861084
30.45658302307129
30.92883849143982
30.334200620651245
30.472894430160522
30.510133981704712
30.71474575996399
30.852099418640137
31.47646975517273
30.85161542892456
30.519506692886353
31.414668321609497
31.219314098358154
30.87732481956482
30.64710521697998
30.697060346603394
30.731526136398315
30.432556629180908
31.456134557724
31.578798294067383
31.61035704612732
30.926120042800903
30.622787475585938
30.51326847076416
30.713510513305664
31.316922426223755
30.66983461380005
30.51493239402771
31.24615216255188
31.72746753692627
31.222737073898315
30.571475505828857
31.244298219680786
30.38169765472412
30.457319259643555
30.823798656463623
30.257985591888428
30.827749252319336
31.393057823181152
31.973981618881226
30.974428176879883
30.875070095062256
31.34735631942749
31.13734745979309
33.072993993759155
33.90869069099426
30.50558876991272
30.541680335998535
30.62417244911194
30.225263118743896
30.2854220867157
30.52166247367859
30.392099380493164
30.97815227508545
30.990294933319092
30.513211011886597
30.503555059432983
31.015156507492065
30.63569164276123
30.303736209869385
30.596354961395264
30.898908615112305
30.804385900497437
31.20419454574585
32.019938230514526
31.158557176589966
30.314807653427124
30.618212699890137
33.63867688179016
33.53612446784973
30.51213502883911
30.403455018997192
30.495017051696777
30.596635580062866
31.368756771087646
31.096348762512207
30.60242486000061
30.397363424301147
30.676705360412598
30.67050266265869
30.69379162788391
30.51387906074524
30.81155776977539
31.438270807266235
30.093575954437256
31.223886728286743
30.537310123443604
30.644518852233887
31.186890125274658
30.49087619781494
30.707505702972412
30.56025195121765
30.41821599006653
31.18370270729065
31.204382181167603
31.04979133605957
30.40701127052307
30.87729287147522
30.390925645828247
30.003489017486572
30.44261932373047
31.33866286277771
30.89441752433777
30.540252685546875
30.382179737091064
31.338131189346313
30.49871325492859
30.801800966262817
32.517831802368164
31.730783700942993
30.54413104057312
30.418012380599976
30.601942539215088
30.850752592086792
30.937988996505737
30.609187841415405
30.41120147705078
30.355001211166382
30.46743106842041
31.01386022567749
30.456117630004883
30.43730926513672
30.447285413742065
30.522001028060913
31.31795620918274
31.051000833511353
30.856348991394043
31.798714876174927
31.786489725112915
30.411231994628906
32.09554123878479
30.63461923599243
30.82432198524475
30.682961463928223
31.24267077445984
30.442142009735107
30.687659740447998
31.12278151512146
30.506399869918823
31.106605291366577
30.34410333633423
30.72697377204895
30.35590648651123
31.08427906036377
30.47634530067444
30.47452211380005
31.145370960235596
30.34546709060669
30.739854097366333
31.74137258529663
31.282064199447632
31.257328510284424
31.29097008705139
30.593581438064575
30.65887713432312
31.328310012817383
30.716933488845825
30.49748396873474
31.099440813064575
31.046032905578613
30.849546432495117
30.463181257247925
30.912050247192383
31.00621747970581
30.970407485961914
30.682255506515503
30.632606029510498
31.385114431381226
30.76850986480713
31.747402667999268
30.71355700492859
30.577054738998413
31.255277395248413
31.12420678138733
30.830847024917603
30.987489223480225
31.662155389785767
31.129794120788574
30.885666370391846
30.723807334899902
31.206074953079224
30.722364902496338
30.626330137252808
31.690978288650513
30.64678144454956
30.36128878593445
30.67020869255066
30.774970054626465
31.032307147979736
30.354893922805786
30.570369958877563
30.52694821357727
30.60485339164734
30.610285997390747
30.604918718338013
31.94733715057373
30.54794144630432
31.34030294418335
30.953234434127808
30.647741317749023
31.493195056915283
30.57203698158264
30.757574796676636
30.689153909683228
30.890377521514893
30.88934016227722
31.315659046173096
30.33889412879944
31.263723134994507
31.249208211898804
31.181118488311768
31.195096731185913
30.7627112865448
31.396912813186646
31.111746311187744
31.522708892822266
30.952551126480103
30.847219705581665
31.34162998199463
30.89199447631836
30.590261936187744
30.332053899765015
32.37044310569763
30.75267744064331
30.26690912246704
30.63193678855896
30.857911586761475
31.326053380966187
30.591423988342285
31.02004337310791
31.434141635894775
30.806743144989014
30.66133737564087
30.67595863342285
31.086068391799927
30.45962166786194
30.561244010925293
30.906201124191284
30.413299798965454
30.77950119972229
30.77475070953369
30.95826745033264
30.62360644340515
30.914822340011597
30.50607657432556
30.177353858947754
30.46854543685913
31.387497425079346
31.2297625541687
30.28316020965576
30.568870782852173
31.16916060447693
31.19876527786255
31.18615221977234
30.34610915184021
30.541001319885254
30.57146954536438
30.580684185028076
30.728862285614014
30.46210527420044
31.3250412940979
30.224874258041382
30.538431882858276
30.67072629928589
30.281264781951904
30.83608627319336
31.810041427612305
30.999263286590576
30.49013662338257
32.119513511657715
33.31057333946228
30.484954118728638
30.599087476730347
30.639829635620117
30.378916263580322
30.783849239349365
30.60245132446289
30.580943822860718
30.273128271102905
31.03522825241089
30.508146286010742
31.244380712509155
30.37058973312378
30.536505699157715
30.552446603775024
30.923267364501953
30.576426029205322
30.80804467201233
30.794389486312866
30.972179651260376
30.427388191223145
31.162397861480713
30.961095809936523
30.505579471588135
30.646741151809692
30.605977773666382
31.287774085998535
31.18100094795227
31.458205223083496
30.804704189300537
30.88693380355835
31.212079286575317
30.334700345993042
32.512211322784424
32.775479316711426
30.74495840072632
30.742420196533203
30.328799724578857
31.11564016342163
30.4349308013916
30.517197847366333
30.498016357421875
31.198598861694336
30.84165930747986
31.16531801223755
31.067847967147827
31.391194343566895
31.014121770858765
30.348705053329468
30.788110494613647
30.71321392059326
31.685829162597656
31.270962476730347
30.79250454902649
31.62642002105713
31.01322603225708
30.387863636016846
32.48464918136597
31.96871328353882
31.086731672286987
30.6943576335907
30.63594937324524
30.536485195159912
30.638155937194824
30.862571239471436
31.168517112731934
30.899097442626953
30.725091457366943
31.0517418384552
30.73146414756775
30.465336561203003
30.722471714019775
30.455972909927368
30.20737051963806
30.809654474258423
30.526970386505127
31.030372381210327
31.201915502548218
30.96680998802185
30.5444917678833
30.841840028762817
30.296119213104248
30.532125234603882
30.61447548866272
30.288270950317383
30.875107526779175
30.51422619819641
30.727626085281372
31.07470703125
30.419593572616577
30.80401921272278
30.288641929626465
31.436683893203735
31.337706089019775
30.68809413909912
30.517042875289917
31.249454736709595
30.701990365982056
31.08768916130066
31.47744917869568
31.078043937683105
30.848941802978516
30.481361150741577
30.719676733016968
30.196542739868164
30.588629722595215
30.82127332687378
30.77565908432007
30.63129711151123
30.603692531585693
30.3919460773468
30.93203854560852
31.280588150024414
30.920942783355713
30.721559047698975
30.566162109375
31.40050435066223
31.236258268356323
30.624631643295288
30.67477011680603
31.126060724258423
31.066206693649292
30.47891068458557
31.233971118927002
30.913437128067017
31.377010822296143
30.493608474731445
30.434135913848877
31.47227430343628
31.166481256484985
30.932915687561035
31.279170513153076
31.81378722190857
31.932409286499023
30.61355423927307
30.55612015724182
30.977201223373413
30.304131746292114
30.39967703819275
30.539174795150757
30.60019540786743
31.565941333770752
30.771007776260376
30.578324794769287
31.151604890823364
30.488527297973633
30.52324938774109
30.86626696586609
31.037407636642456
30.768540143966675
30.62057852745056
31.362212419509888
31.40687370300293
30.280773401260376
31.42077350616455
30.542508363723755
31.8408145904541
32.276039123535156
31.043333530426025
30.651222705841064
30.32976245880127
30.776822328567505
30.471022129058838
31.1268367767334
30.545233011245728
31.280720710754395
31.421821355819702
30.819036722183228
30.393384218215942
31.29887819290161
30.82928228378296
30.665531873703003
30.425517559051514
30.767762184143066
31.844456911087036
31.662328004837036
31.130831956863403
30.79542112350464
30.540374755859375
30.594948768615723
31.77549910545349
30.434019327163696
31.183520555496216
30.38353681564331
31.14349055290222
30.835721254348755
30.25543212890625
30.731783390045166
31.26353931427002
31.778247117996216
29.99687361717224
30.37880277633667
30.653286933898926
30.306442499160767
31.164867639541626
30.487618684768677
30.433539152145386
30.79621148109436
30.402812242507935
30.863999366760254
30.53958821296692
30.66138505935669
31.000942945480347
29.87576389312744
30.139753341674805
30.96921992301941
31.314796209335327
30.529141664505005
30.56241774559021
31.093503952026367
30.84859323501587
31.018513679504395
30.80836296081543
30.57005262374878
30.81177043914795
30.586646795272827
30.554373741149902
31.364750385284424
31.568198204040527
30.347208738327026
31.41847562789917
30.576448440551758
30.334075689315796
30.399559497833252
32.03164601325989
31.705661296844482
30.767751216888428
31.08271884918213
30.694525957107544
30.39556336402893
30.435658931732178
30.86094045639038
30.627612829208374
30.69440484046936
30.455539226531982
30.673126459121704
30.27931809425354
30.82205080986023
30.721150159835815
30.495624542236328
31.499759435653687
32.025463342666626
31.266825675964355
30.64943218231201
30.530627727508545
30.569432020187378
30.925808429718018
30.770994424819946
31.104642629623413
30.47619891166687
31.331622838974
30.548115730285645
30.71366238594055
30.90274739265442
30.559791326522827
30.26586413383484
30.48543119430542
30.72860312461853
31.257636785507202
31.549912214279175
30.34921908378601
31.96368956565857
30.227515697479248
32.343995809555054
31.6823992729187
30.29232954978943
30.242799043655396
30.40089726448059
30.521134853363037
30.563868045806885
31.788570165634155
31.68629550933838
30.432621479034424
30.54769229888916
30.889416933059692
30.3805410861969
30.76069140434265
30.417539834976196
30.669659852981567
30.999200582504272
31.534602165222168
30.43328332901001
30.31086301803589
30.769405841827393
30.611937284469604
30.687719106674194
30.24519395828247
30.51864528656006
30.624979257583618
30.501444101333618
31.09093928337097
30.758827924728394
30.577877044677734
30.278016090393066
31.48326301574707
32.26154327392578
30.46608591079712
30.807969570159912
31.17094397544861
30.925158500671387
30.946269035339355
30.48743748664856
30.528663873672485
31.38959050178528
31.140198707580566
30.25122618675232
30.614163875579834
30.690616607666016
30.434218883514404
30.80372667312622
30.460038423538208
30.352160692214966
31.20551586151123
30.981901168823242
30.79367446899414
30.51568841934204
30.45960021018982
30.395666122436523
30.385240077972412
30.977088928222656
30.595516204833984
30.931739807128906
30.42468762397766
31.049724102020264
31.182909965515137
30.524376392364502
30.76660919189453
31.14236831665039
30.34303855895996
30.46685004234314
31.055959463119507
31.56658148765564
31.072392225265503
31.12137460708618
30.32265615463257
30.403814554214478
31.168994188308716
31.07138204574585
31.10177230834961
30.71034860610962
30.538740396499634
30.667919874191284
30.8473002910614
31.111351013183594
30.711857080459595
30.604174375534058
30.629103660583496
30.6904239654541
30.68570899963379
30.571187019348145
30.892083406448364
30.94619917869568
30.35641622543335
30.995764017105103
31.22101330757141
30.37855315208435
30.703561067581177
30.60177230834961
30.656150579452515
31.28636908531189
31.075589418411255
30.99440288543701
31.20105266571045
30.203558921813965
30.854852199554443
29.646349668502808
30.56705355644226
30.974366188049316
30.781915187835693
30.505581378936768
31.256609439849854
30.800878763198853
30.37577509880066
30.9148428440094
30.605114698410034
30.66150665283203
30.896377563476562
30.227373361587524
30.84101939201355
30.314679622650146
31.3187735080719
32.5269660949707
32.16351819038391
30.689483165740967
31.079653024673462
30.316683053970337
30.62485909461975
30.373045444488525
30.3746600151062
30.804932832717896
31.24181342124939
30.571048974990845
30.882940769195557
30.509562253952026
31.30669116973877
30.421653270721436
30.58590054512024
30.2390615940094
30.62152409553528
30.90764546394348
30.611741304397583
30.463552713394165
31.21323561668396
30.78389048576355
30.557613134384155
30.96204113960266
30.679657220840454
30.62951111793518
30.95464015007019
30.268481731414795
30.315753698349
30.7068088054657
30.279863834381104
30.490549325942993
30.485146522521973
30.838027715682983
31.27597999572754
30.85912799835205
30.5019588470459
30.205217123031616
31.183146953582764
31.607938051223755
30.517558097839355
30.64868974685669
31.239057779312134
30.425325870513916
30.661511182785034
30.626433849334717
30.575642824172974
30.6078360080719
31.124061107635498
30.583829879760742
30.904594898223877
31.165295362472534
30.56173062324524
30.2849440574646
31.078996419906616
31.313432931900024
31.605478286743164
32.848772048950195
30.974172592163086
30.978432178497314
30.33127188682556
30.391796350479126
30.722800254821777
30.349350929260254
30.5066978931427
30.59708547592163
30.605318784713745
29.055753231048584
29.056249618530273
31.19194483757019
30.75541615486145
31.397130727767944
30.502472400665283
30.330817461013794
30.67763066291809
30.97355365753174
31.35418701171875
30.592054843902588
30.47578740119934
30.40241265296936
30.77190089225769
31.13913083076477
31.084139823913574
31.06162714958191
30.23812198638916
30.192129135131836
30.549264192581177
32.14475226402283
30.98680090904236
31.05960726737976
31.231279611587524
29.14441418647766
29.407207489013672
31.180566787719727
30.903688192367554
30.45939564704895
30.91900396347046
31.199201822280884
30.57893395423889
30.960137128829956
31.274437427520752
30.776872634887695
31.042041778564453
30.37809467315674
30.5180447101593
31.13103699684143
30.6549129486084
30.44096064567566
31.316908359527588
31.746675491333008
30.289791107177734
30.27015471458435
30.357730865478516
31.52604079246521
30.4107027053833
29.473297834396362
30.643907070159912
30.62218999862671
31.211806297302246
30.525800228118896
30.484304428100586
30.868930339813232
30.659569025039673
30.66556406021118
30.546446323394775
30.849824905395508
31.44150137901306
30.913344383239746
30.559023141860962
31.03572154045105
31.940465450286865
31.089470148086548
30.43770170211792
31.202614307403564
31.720526933670044
30.658987283706665
30.769851684570312
30.83227276802063
34.0266010761261
33.519479513168335
30.856457233428955
30.281665802001953
30.62979292869568
30.446024179458618
30.67272925376892
31.064294576644897
30.147401332855225
30.394293546676636
30.834544897079468
30.03679895401001
30.27804136276245
31.192190647125244
30.41739583015442
31.267210960388184
30.770857572555542
31.100924968719482
31.296590566635132
31.008468627929688
30.479318141937256
31.22650933265686
30.45535635948181
30.43720769882202
30.390629291534424
30.93431806564331
30.466336011886597
30.507153034210205
30.71464705467224
30.791519165039062
30.239450216293335
30.31260585784912
30.903826236724854
30.526485681533813
30.449453353881836
31.665338039398193
31.430649042129517
31.069809913635254
31.431283950805664
30.59062695503235
30.878063201904297
30.545868635177612
30.847123384475708
31.01853585243225
30.169002294540405
31.579721212387085
31.444756507873535
30.739195585250854
30.513702630996704
30.294696807861328
30.778581857681274
30.51565718650818
30.706372261047363
30.502474546432495
31.120304346084595
30.705002069473267
30.510477781295776
30.432554006576538
30.761250257492065
30.500013828277588
30.254722595214844
30.999470710754395
30.558053255081177
31.09945249557495
30.841071605682373
30.56361150741577
30.559646129608154
31.1848623752594
30.921061992645264
31.074758052825928
30.488818883895874
30.694509744644165
30.542397260665894
30.55815291404724
30.919917345046997
30.532188177108765
30.65911340713501
30.479763507843018
30.302863121032715
30.633215188980103
31.288740158081055
30.94179129600525
30.97644019126892
30.578022718429565
30.57664394378662
30.558068990707397
30.263729095458984
30.621978759765625
31.4016273021698
32.063456773757935
30.424989223480225
30.333431243896484
30.421772241592407
30.29364824295044
30.866124153137207
30.319032430648804
31.037195682525635
30.666598796844482
30.950185537338257
30.737656831741333
30.497175455093384
30.206423044204712
30.996517181396484
30.673104286193848
31.301107168197632
30.966058492660522
30.51098608970642
30.791107654571533
31.123953819274902
30.347987413406372
30.794995307922363
29.871527910232544
29.850915908813477
30.786568641662598
30.568562984466553
30.144571781158447
30.90916085243225
31.045090436935425
30.536903858184814
30.756401538848877
31.094825506210327
31.100217580795288
30.51151394844055
30.463019609451294
31.16817879676819
30.36952257156372
30.21651315689087
30.273102521896362
30.536959171295166
30.452848434448242
30.523880004882812
30.552884817123413
30.29608941078186
30.389446258544922
32.31827926635742
32.69637060165405
30.93570852279663
31.36380410194397
30.77086901664734
30.80493187904358
30.5791757106781
30.412307024002075
31.32345938682556
31.075525283813477
30.769871473312378
31.088301181793213
30.79701805114746
30.773605823516846
30.570716381072998
30.348183393478394
30.097285985946655
30.964789628982544
33.2342209815979
32.86161923408508
31.101770162582397
30.774815559387207
30.863303661346436
30.887537956237793
31.218599557876587
30.980796813964844
30.869474411010742
30.842504024505615
30.28641176223755
31.064516305923462
30.574931859970093
30.33030676841736
31.16799759864807
31.032703161239624
30.572559356689453
30.268871545791626
31.038812398910522
31.35143232345581
31.08409285545349
30.509377479553223
30.814672231674194
32.96243906021118
32.44905996322632
30.36967635154724
30.508368730545044
31.45344305038452
31.16814613342285
30.655674934387207
30.923542022705078
30.657529830932617
30.92226004600525
30.652377367019653
30.708508014678955
30.44537043571472
30.889789581298828
30.81674599647522
31.08570909500122
31.119369745254517
30.335179567337036
30.54472327232361
31.335134744644165
30.72386860847473
30.58441138267517
30.532545566558838
31.014073848724365
30.20879888534546
30.40950083732605
30.510724782943726
30.614980220794678
31.718318700790405
30.117271423339844
30.864359617233276
30.588613748550415
31.096848964691162
30.502803087234497
30.598013162612915
30.756913661956787
30.441328287124634
30.352802276611328
30.620271682739258
31.849069118499756
31.333003282546997
30.893614768981934
31.23823618888855
30.626585006713867
30.521201610565186
30.80508542060852
30.257696866989136
32.176913022994995
31.87764286994934
30.498512506484985
30.854424476623535
31.223002433776855
31.65975594520569
30.903496503829956
30.775947332382202
30.23289394378662
31.065394639968872
30.98793625831604
30.87085461616516
30.562418937683105
30.427576065063477
31.37778615951538
30.463177919387817
30.727056980133057
30.505877256393433
30.42467451095581
30.72731041908264
31.012754917144775
30.475707054138184
30.631547451019287
30.580166339874268
30.254517078399658
30.818732738494873
30.184573888778687
30.816574811935425
30.737894296646118
30.434428215026855
30.928977012634277
30.59722638130188
31.673192977905273
31.47595477104187
31.908777236938477
32.5168559551239
30.715534210205078
30.763943910598755
30.835879802703857
30.82797122001648
30.392716884613037
30.608311414718628
30.651896238327026
30.616608142852783
30.577903032302856
30.644868850708008
30.821528434753418
30.80809259414673
30.99999690055847
30.761900901794434
32.43495059013367
33.23280668258667
30.24871301651001
30.63705801963806
30.910162687301636
30.268603324890137
31.469480991363525
30.42925715446472
31.210163831710815
31.118428230285645
31.358107328414917
31.461899995803833
31.276017665863037
31.039978742599487
30.620538234710693
30.48895502090454
31.020814895629883
30.671523094177246
31.269737720489502
30.539509057998657
30.52911376953125
30.37396001815796
30.82884907722473
31.103092908859253
31.67143750190735
30.640551805496216
31.060794591903687
30.58143711090088
30.90283465385437
30.962432622909546
30.706133127212524
30.556774377822876
30.595942497253418
31.64633297920227
30.603174686431885
30.79235553741455
30.637104988098145
30.159203052520752
30.42990493774414
30.539915561676025
30.56828236579895
30.691287517547607
30.250652313232422
30.820247411727905
30.796605110168457
30.90089988708496
30.563483238220215
30.623812675476074
30.506860733032227
30.730554342269897
30.625171899795532
30.80022644996643
30.72923254966736
31.669219732284546
31.376347303390503
30.432128429412842
30.973750829696655
30.72043013572693
30.553166151046753
30.65887951850891
30.623329639434814
30.60513162612915
30.981351852416992
30.55879235267639
30.51980757713318
30.743923664093018
30.43215298652649
30.91443395614624
30.506088972091675
30.527545928955078
30.49971032142639
30.406201601028442
30.246758937835693
30.79702138900757
31.41444706916809
30.763060569763184
31.396421909332275
31.06696391105652
31.492790699005127
30.8941011428833
32.23298931121826
32.55288600921631
30.5030460357666
30.83229923248291
30.196227550506592
31.296867847442627
30.947164297103882
30.54538917541504
30.617547273635864
30.192012786865234
30.33277153968811
30.92720913887024
32.092307329177856
30.11919927597046
30.684365272521973
30.86680769920349
30.399953365325928
30.634376287460327
30.85120391845703
30.239961624145508
31.145498991012573
31.82971453666687
31.662280559539795
30.899850368499756
30.78876042366028
32.90281319618225
31.849366426467896
30.88679552078247
31.12451434135437
30.803038835525513
30.432218074798584
30.983985424041748
30.955165147781372
31.3543803691864
30.50084614753723
30.373982906341553
30.884343147277832
31.098411083221436
30.817980527877808
30.679908514022827
30.582132816314697
31.501657724380493
30.888298273086548
31.48886251449585
31.635971546173096
30.586966276168823
30.5402250289917
30.5424542427063
30.86365532875061
30.672536373138428
30.681761741638184
30.71332597732544
30.148353815078735
30.05483365058899
31.18014907836914
31.183879137039185
30.413184642791748
32.29370427131653
30.531419038772583
32.750630617141724
30.61490774154663
30.428300142288208
30.48777151107788
31.032493591308594
30.750815629959106
31.42034077644348
31.305243015289307
30.533398628234863
30.453160285949707
30.627102375030518
31.41546893119812
30.44603419303894
30.43770956993103
30.558663845062256
30.22513484954834
30.731064796447754
31.29524850845337
31.36678147315979
30.997568368911743
31.03497076034546
31.075589656829834
32.90826916694641
30.40234637260437
30.547842264175415
30.303275108337402
30.46102809906006
30.877541303634644
30.39747643470764
30.899396896362305
31.106794834136963
30.972006797790527
31.108393669128418
30.40033984184265
31.072540283203125
30.808406352996826
30.94171905517578
30.64119029045105
30.454092979431152
30.89915108680725
31.54214096069336
32.02114415168762
30.669682264328003
30.731107234954834
31.476203680038452
31.834683179855347
31.133134365081787
30.32941508293152
30.949408769607544
31.12896180152893
30.5075101852417
30.679341554641724
30.98848533630371
30.271038055419922
30.90321397781372
30.817358016967773
30.56909465789795
30.856579780578613
30.42454695701599
30.595049381256104
30.595771312713623
30.59871196746826
30.670855283737183
30.768644332885742
30.894006967544556
31.124258279800415
30.499775409698486
30.514399766921997
31.26231622695923
30.424068927764893
30.826189041137695
30.48823881149292
30.35094451904297
30.68374514579773
30.549539804458618
31.09693479537964
30.605177402496338
30.28993535041809
30.510252714157104
30.196975469589233
30.67837619781494
30.666138887405396
30.368476152420044
30.378034591674805
30.284229516983032
30.563072681427002
30.458727836608887
31.09369730949402
31.42947745323181
30.735902309417725
30.264352560043335
30.516072511672974
30.503043174743652
30.63526678085327
30.6409010887146
31.119040489196777
30.45585799217224
30.92254066467285
30.89192271232605
30.46396017074585
30.77751135826111
31.492485523223877
31.441863536834717
30.34340786933899
30.827296018600464
30.375227212905884
31.2221360206604
30.348803281784058
30.529142141342163
30.30156135559082
30.649061679840088
30.792675733566284
30.446295976638794
30.688220262527466
30.608684539794922
30.74783682823181
31.180016040802002
31.21807074546814
30.642028093338013
30.616189002990723
32.23136568069458
30.550867319107056
30.442920684814453
30.73863410949707
31.496376037597656
30.778753519058228
31.13764786720276
30.57112693786621
30.65975046157837
30.599901914596558
30.385530710220337
30.639915704727173
30.810944318771362
30.59465193748474
30.63224458694458
30.464009284973145
30.453485012054443
30.566174745559692
30.761677265167236
30.694695234298706
30.29860281944275
30.85156536102295
30.65855073928833
31.56101679801941
31.751099824905396
30.425414562225342
30.868265628814697
31.212130546569824
30.665607690811157
31.223125457763672
31.059757471084595
30.488734245300293
30.698106050491333
30.500134706497192
31.12093424797058
30.903013706207275
30.626641273498535
30.586649894714355
31.33594560623169
30.580344438552856
30.422416925430298
30.70660138130188
31.099965810775757
30.738938808441162
30.49523425102234
30.63499641418457
30.977679014205933
31.443905353546143
30.637887954711914
30.541690349578857
32.1419415473938
32.22718167304993
30.92914605140686
31.249561309814453
30.451804399490356
30.35062575340271
30.907352685928345
30.92263126373291
30.466590881347656
31.294678449630737
31.092824459075928
30.7990243434906
30.75960612297058
30.817514657974243
30.489771366119385
30.959415435791016
30.246355295181274
30.921254634857178
31.23637819290161
30.772742986679077
30.814582109451294
30.392523765563965
30.502758264541626
30.56251883506775
30.298815727233887
30.85874366760254
30.307809591293335
30.351446628570557
30.444231033325195
30.793981790542603
30.389654874801636
30.508328914642334
31.60931706428528
31.592318058013916
30.383678197860718
31.139418840408325
31.320244312286377
30.81220316886902
30.266637086868286
30.660088300704956
30.432728052139282
31.4323627948761
30.630629062652588
30.7566077709198
30.328876495361328
30.53178095817566
30.395904064178467
30.86355710029602
30.44969391822815
30.337250471115112
31.24616312980652
31.341848850250244
30.395620107650757
30.480961799621582
30.582164525985718
31.721502780914307
31.795375108718872
30.550703287124634
31.286643266677856
32.222265005111694
30.274069786071777
30.77164888381958
31.390761137008667
30.580828189849854
30.657219886779785
30.551404237747192
30.261560440063477
30.84840154647827
30.807650327682495
30.4742169380188
30.83995270729065
30.68495512008667
30.508779048919678
31.265543460845947
30.57362461090088
30.555120706558228
30.548889875411987
30.358903646469116
31.038851261138916
31.50708508491516
30.129000902175903
30.411254405975342
31.119216918945312
30.975915908813477
30.334712505340576
30.594271421432495
30.490981817245483
30.918332815170288
31.021281003952026
30.948238372802734
30.81976866722107
30.475815296173096
30.759386777877808
30.46391749382019
30.43834686279297
31.080047369003296
30.30457091331482
30.722713232040405
30.788124561309814
30.151832580566406
30.5868079662323
31.123548984527588
30.049349784851074
30.56994080543518
30.406293869018555
30.420612812042236
30.571929693222046
31.240896940231323
30.170092344284058
31.0434992313385
31.21247363090515
30.788288354873657
31.188339233398438
31.6150541305542
30.537272214889526
30.861682891845703
30.904114484786987
31.09106969833374
30.886188983917236
30.907500982284546
30.262993335723877
30.370332717895508
30.943071842193604
30.339227199554443
30.46332836151123
31.223605394363403
31.105862855911255
30.218981742858887
30.20133113861084
30.340627193450928
30.842400074005127
31.080076932907104
30.561779260635376
30.835356950759888
31.161804676055908
30.677447080612183
30.475332498550415
31.357290506362915
31.42871379852295
30.722399950027466
30.699795246124268
30.54253077507019
30.425892114639282
30.994116067886353
31.273854970932007
30.625634908676147
30.60397505760193
30.352614164352417
30.467097759246826
30.962600708007812
30.263156175613403
30.94925808906555
30.30416989326477
31.275926113128662
31.430962085723877
31.18017816543579
31.36198878288269
31.669920444488525
31.54679298400879
30.714579820632935
31.344666957855225
31.522674322128296
31.585766077041626
30.31307816505432
30.59977078437805
30.69611358642578
31.051875591278076
31.323012590408325
31.000004529953003
31.102924346923828
30.89501643180847
30.53149437904358
31.003716945648193
30.58065676689148
30.964088201522827
30.209425926208496
30.203431844711304
30.604432106018066
30.641966819763184
31.305896759033203
31.629051208496094
30.587528467178345
30.33607792854309
30.77430033683777
31.86910915374756
32.207634687423706
30.812116384506226
30.846481561660767
30.65156602859497
30.205190420150757
30.42855143547058
31.23310112953186
30.588871240615845
30.7174391746521
31.119558572769165
30.51971936225891
30.642194271087646
30.6052987575531
31.794077157974243
30.41207766532898
30.477495908737183
31.029643058776855
31.14709162712097
31.88525414466858
31.26583766937256
30.151440620422363
31.0531747341156
31.441066026687622
31.139668464660645
30.51751708984375
30.869917631149292
30.77005362510681
31.2675724029541
30.648787021636963
30.533859968185425
30.694640159606934
30.76276469230652
30.793017387390137
30.378723859786987
30.450723886489868
30.772661209106445
30.531373023986816
30.43103051185608
31.17646551132202
30.738449811935425
31.304322481155396
31.44826102256775
30.80200695991516
30.559026956558228
31.258944272994995
31.540457010269165
30.459161520004272
30.502537965774536
30.369936227798462
30.45175313949585
30.488425970077515
30.62568163871765
31.04953384399414
30.870807647705078
30.53995394706726
30.494337558746338
30.703073501586914
30.79444193840027
30.918927907943726
30.828603267669678
30.7960524559021
30.706758737564087
30.62284016609192
31.151142597198486
30.932287216186523
31.312886714935303
31.572484731674194
30.545145988464355
30.33104968070984
31.64637303352356
32.25892972946167
30.334458351135254
30.46339249610901
31.397647619247437
30.64392924308777
30.867840051651
30.67468547821045
30.311690092086792
31.40687870979309
30.572906017303467
30.494580030441284
30.90516757965088
30.56103801727295
30.53266930580139
30.550334215164185
30.683200120925903
30.359646797180176
30.728817462921143
31.189463138580322
31.387621641159058
30.451428651809692
31.34940266609192
31.01378297805786
31.017221212387085
31.077975273132324
30.55732297897339
30.847455978393555
31.026803970336914
30.61724042892456
30.982961177825928
30.39108395576477
30.431594133377075
30.513564348220825
30.87653636932373
30.96756863594055
30.505139112472534
30.44243335723877
30.769510507583618
30.288311004638672
30.995322704315186
31.006292819976807
31.19165873527527
30.489148139953613
30.68239736557007
31.845680475234985
31.013550519943237
30.53077507019043
31.126715898513794
30.49385643005371
31.242409467697144
30.45464515686035
30.773152112960815
30.43444585800171
30.570216417312622
31.018380880355835
30.544084072113037
30.974195957183838
31.85447669029236
30.807358026504517
30.91788625717163
30.888861179351807
30.541759490966797
30.525707721710205
31.177693128585815
31.915146350860596
30.721532344818115
30.487141370773315
31.99799919128418
32.212971687316895
30.704238891601562
30.76754140853882
30.80514883995056
30.54734444618225
30.519304037094116
30.86156439781189
30.758337259292603
30.272405862808228
30.706387042999268
30.472238540649414
30.6707820892334
30.182112455368042
30.903695344924927
30.471051931381226
30.357013702392578
30.598410606384277
30.652535438537598
30.39960265159607
31.15408968925476
31.33101773262024
30.980857133865356
30.540538787841797
30.94610095024109
31.566035985946655
31.303498029708862
30.30834150314331
30.534589052200317
30.55743980407715
30.614158868789673
31.044241905212402
31.23147225379944
30.292609214782715
30.625149965286255
30.9120774269104
31.484790086746216
30.554765462875366
30.549843788146973
30.920437574386597
30.53024911880493
30.59454584121704
30.646588802337646
31.024423122406006
31.1604266166687
30.237322092056274
30.247984170913696
30.679348945617676
30.5094575881958
30.44184398651123
31.23235774040222
31.72625494003296
30.18612766265869
30.960044145584106
31.017131090164185
31.814417600631714
30.991811752319336
30.830761671066284
30.89277696609497
31.4873149394989
30.898916244506836
30.755574464797974
30.86124277114868
30.15399146080017
30.857271194458008
30.640953302383423
30.54595398902893
30.60561203956604
30.50625705718994
30.841098308563232
30.528574466705322
30.970600366592407
31.291014671325684
31.6622633934021
30.352901458740234
31.542551279067993
31.00117516517639
30.711427927017212
30.894789218902588
31.369613647460938
31.4122257232666
30.496733903884888
30.488582611083984
31.0561363697052
30.66024112701416
30.903592824935913
30.3689124584198
30.61043119430542
30.373069763183594
31.610389232635498
30.550975561141968
30.76788306236267
30.36774492263794
30.360556840896606
30.348371982574463
30.905081033706665
31.620971202850342
30.570534229278564
31.019179105758667
31.29078435897827
30.715770959854126
30.53724503517151
31.90620994567871
31.12206506729126
31.278453588485718
30.587520599365234
30.58201313018799
30.80878782272339
30.75064730644226
30.35852837562561
30.683698415756226
30.360783100128174
30.39544439315796
30.721039056777954
30.99119210243225
30.2620906829834
30.99020004272461
30.473620414733887
30.476660013198853
30.34896159172058
30.383517026901245
30.44230580329895
31.22667670249939
30.439595699310303
30.973500728607178
31.138062477111816
31.367316961288452
31.329667329788208
31.18778371810913
30.84802556037903
30.989786624908447
30.93327283859253
30.848564386367798
30.633522510528564
30.799471616744995
30.713438272476196
31.243159294128418
30.755560874938965
30.353681564331055
30.80869746208191
30.192216634750366
31.373888969421387
31.18369770050049
30.95098376274109
30.319432020187378
31.05438256263733
30.292951822280884
31.027806043624878
31.379339456558228
32.01026153564453
31.04335379600525
30.493734121322632
31.201725006103516
30.910402297973633
30.825410842895508
30.85555624961853
30.663459300994873
30.71550178527832
30.41199564933777
30.340615034103394
30.371434688568115
31.463587999343872
30.436111211776733
30.069250106811523
30.417635440826416
30.5074303150177
30.700651168823242
30.696643590927124
30.707984447479248
31.167468070983887
30.547871112823486
30.68289589881897
30.684796571731567
30.106428146362305
31.876479148864746
30.910032749176025
30.337651014328003
30.494786739349365
30.837154150009155
30.787516832351685
30.984405517578125
30.948565244674683
30.496119022369385
31.16522455215454
30.967095851898193
30.489920377731323
30.893544673919678
30.641417741775513
31.317830085754395
30.625972509384155
30.64815330505371
30.62297511100769
31.3714702129364
30.42818331718445
30.340267181396484
30.976171016693115
31.321666955947876
31.245136260986328
30.325019121170044
31.333940029144287
31.44322109222412
30.3302321434021
30.956084489822388
30.531740427017212
31.23156189918518
30.81204915046692
30.658828258514404
30.540681838989258
30.502655029296875
30.316409587860107
31.136940002441406
30.54124927520752
30.498778104782104
31.28783106803894
30.41896152496338
30.83285117149353
31.523873567581177
31.75654697418213
30.85741949081421
31.514760971069336
31.4633207321167
31.394405841827393
30.525954723358154
30.36838960647583
31.281720399856567
30.696340322494507
30.93853235244751
30.515992164611816
30.593323469161987
30.21529769897461
30.264529705047607
31.140801668167114
30.415544033050537
30.393139600753784
30.576170921325684
30.675103425979614
30.719520568847656
30.6365487575531
30.667742013931274
31.726131200790405
30.959481716156006
30.456125259399414
31.389936208724976
32.09203791618347
30.699207305908203
31.012033939361572
30.742852449417114
30.88216543197632
30.534550189971924
30.57227396965027
31.433499336242676
30.5139217376709
30.34489130973816
30.62261128425598
31.111165523529053
30.844511032104492
31.19419765472412
31.45360565185547
30.96201229095459
31.06194758415222
31.977527618408203
30.616323232650757
31.124614238739014
30.619520664215088
30.51231288909912
31.349797248840332
30.576239347457886
30.949808359146118
31.004329204559326
30.599037885665894
31.274176359176636
31.538324117660522
30.48883080482483
30.440136909484863
30.821113109588623
31.31283736228943
30.937472105026245
30.995566844940186
31.43319582939148
30.410669088363647
30.91368341445923
31.149747610092163
31.861229419708252
30.470988035202026
31.35655903816223
30.755828142166138
30.495288610458374
30.618426084518433
30.98527455329895
30.96606183052063
30.494852542877197
30.794140338897705
30.35850977897644
30.748457670211792
30.928881406784058
31.936095237731934
31.42276644706726
31.498722076416016
30.7920925617218
30.802921295166016
30.695958614349365
31.0546133518219
31.342617750167847
30.768935918807983
31.634697675704956
30.72995400428772
31.073590517044067
30.270367860794067
31.525981903076172
30.902538061141968
30.74835515022278
30.555693864822388
31.264466524124146
30.796452283859253
30.20753002166748
30.6324679851532
30.050739765167236
31.240872859954834
31.950359344482422
30.562775373458862
31.226145029067993
30.354433298110962
30.864506006240845
30.11030650138855
30.663127660751343
31.879302740097046
31.65994668006897
31.0524263381958
31.77659821510315
31.274665594100952
30.5917489528656
30.53517770767212
30.185821294784546
30.58363699913025
30.29253315925598
31.024016857147217
31.2445707321167
31.42858624458313
31.230241537094116
30.466350317001343
31.625181674957275
30.271548748016357
30.517582893371582
30.68850827217102
31.18619680404663
30.502830505371094
30.98370099067688
30.606326818466187
31.34660816192627
30.57655906677246
30.859116315841675
30.899604082107544
30.467625617980957
30.44521999359131
30.521820306777954
30.520015954971313
30.363303184509277
30.46805191040039
31.043841123580933
32.22920274734497
30.58355164527893
31.543208122253418
30.30690050125122
30.609174489974976
30.545985221862793
30.94178581237793
31.275354385375977
30.531206846237183
31.1719388961792
30.355560541152954
30.428423643112183
31.061383724212646
30.75791621208191
30.695619344711304
30.251856803894043
30.5875563621521
30.578147172927856
30.17081928253174
31.01382327079773
30.208434581756592
31.30888080596924
30.58024835586548
31.747854232788086
32.195311069488525
30.624183416366577
30.27173089981079
30.42759680747986
30.740506649017334
30.615828037261963
30.936179876327515
31.697713613510132
31.0006320476532
30.668358325958252
30.54801034927368
31.386014461517334
31.00166416168213
30.293578624725342
30.557746648788452
31.714916706085205
31.675230503082275
31.248629331588745
31.019863843917847
30.488368272781372
30.71952486038208
