30.316351175308228
28.622414112091064
30.23482894897461
29.975529193878174
30.28803300857544
30.470090627670288
27.80872631072998
29.67338538169861
30.097707509994507
28.765623092651367
30.424171924591064
29.665935754776
29.997131824493408
30.30252766609192
29.76886248588562
30.593114137649536
26.670953512191772
28.807090997695923
31.32719135284424
30.836877822875977
29.575032472610474
29.488208055496216
28.985618829727173
28.94083833694458
30.31387162208557
27.60558819770813
27.425618648529053
26.2231183052063
27.344815015792847
29.82394766807556
30.14657163619995
30.00495219230652
29.045953273773193
28.203335762023926
25.35011577606201
26.135234594345093
29.263342142105103
29.751014471054077
30.39972758293152
30.635045766830444
30.495494604110718
27.961556911468506
23.9931058883667
24.041590452194214
30.36749005317688
30.343804597854614
28.539639711380005
30.07723307609558
30.40656805038452
30.615490913391113
30.728698015213013
30.405560970306396
30.85922884941101
30.54064702987671
30.188061714172363
29.73245358467102
28.426891803741455
24.313844680786133
29.13469171524048
29.261194229125977
30.63825011253357
30.163594007492065
30.179709911346436
30.343111753463745
31.199439764022827
30.44420552253723
28.57529354095459
30.01575207710266
29.947547674179077
30.066915035247803
30.843891143798828
30.44389271736145
31.645689010620117
30.19342589378357
26.258264541625977
26.61203384399414
30.104117393493652
29.838114023208618
31.614156484603882
31.876072883605957
29.99307656288147
30.79190492630005
31.24247717857361
31.05135154724121
30.3592586517334
30.585824489593506
29.972399950027466
30.705528259277344
30.60642957687378
30.631938695907593
32.20178699493408
30.180449962615967
30.85386824607849
30.333632946014404
30.365598917007446
31.017672061920166
30.650166034698486
30.513279914855957
30.634528636932373
30.43182682991028
30.41797661781311
29.597485780715942
29.589712381362915
30.73381733894348
31.454008102416992
29.95908784866333
31.068395376205444
30.75799298286438
29.452328205108643
29.695249557495117
30.60565495491028
30.34726858139038
30.27341055870056
30.522225856781006
31.146867036819458
31.106230974197388
30.68825626373291
30.843057870864868
29.926565170288086
30.073702335357666
30.17891240119934
31.09331774711609
30.649397373199463
30.23222017288208
29.93879270553589
30.209928035736084
30.356157779693604
30.15798830986023
30.469465732574463
30.836565494537354
30.339361667633057
30.12537908554077
30.54437017440796
31.414788007736206
30.4521164894104
30.055222272872925
30.83534264564514
30.384003162384033
30.00149893760681
28.607988834381104
29.821913957595825
31.20470666885376
30.057088136672974
30.442867040634155
30.051424980163574
30.11445140838623
29.70595932006836
30.59559392929077
30.466262578964233
30.69244074821472
29.376635313034058
27.968465089797974
28.784506797790527
26.14055562019348
28.254589557647705
30.153071880340576
30.82194447517395
30.199944496154785
29.99099063873291
30.559786796569824
29.69844913482666
30.682382106781006
30.799838542938232
30.407450675964355
30.455864906311035
29.638126611709595
30.89620566368103
30.97392201423645
30.774891138076782
30.193432807922363
30.47713613510132
30.33017897605896
27.675050735473633
28.115973711013794
28.445569038391113
26.78661823272705
26.812658309936523
31.19115972518921
30.137470483779907
30.329943656921387
30.395406484603882
31.000712871551514
29.998708724975586
29.905864477157593
31.090588569641113
30.215270042419434
29.95881485939026
30.33085584640503
30.07858681678772
30.219788789749146
30.575775384902954
31.02727699279785
30.77601146697998
31.087217330932617
30.19109845161438
30.421656847000122
30.31581211090088
31.77798342704773
31.68505311012268
28.05720353126526
25.687906742095947
30.46410369873047
29.944512128829956
30.87600588798523
30.634885549545288
30.48990273475647
30.570214986801147
31.265928983688354
30.92527198791504
30.427599906921387
30.610581874847412
31.165290594100952
30.275197982788086
30.00748634338379
30.16882300376892
30.77281904220581
29.74303960800171
30.49058771133423
30.008018970489502
30.39309000968933
29.997563362121582
27.93789291381836
27.339216470718384
29.24731183052063
29.48335337638855
30.328961849212646
31.083086490631104
30.94856595993042
30.964601278305054
29.8432559967041
30.748355388641357
30.710118532180786
31.242405891418457
31.44529628753662
31.16324472427368
30.8981614112854
30.95438051223755
30.164243936538696
30.397571325302124
30.265801191329956
30.376678943634033
30.677523374557495
30.286972761154175
30.271490573883057
30.256643533706665
30.358710527420044
30.458117961883545
30.15803050994873
30.99086284637451
30.347071886062622
30.43144416809082
30.596027851104736
30.464771032333374
29.852418899536133
30.74771213531494
30.768031358718872
33.004075050354004
27.59080147743225
27.88247013092041
30.376488208770752
30.273808002471924
30.063350915908813
30.27137041091919
30.301594972610474
29.89331889152527
30.12749481201172
30.133098363876343
30.14364767074585
30.856741905212402
30.175880908966064
30.03666067123413
30.512908935546875
30.606269121170044
30.080896615982056
30.725478887557983
30.165687561035156
31.476521492004395
30.98713779449463
30.914023399353027
27.08882474899292
27.319971323013306
30.93770933151245
30.46324396133423
30.30731439590454
30.54021716117859
30.581296682357788
31.142996072769165
30.98378825187683
30.24211072921753
30.336074352264404
30.404747009277344
30.139095544815063
29.902501344680786
30.137168645858765
30.490342617034912
29.42744207382202
29.130884170532227
28.107075929641724
28.576436519622803
31.43102240562439
30.302011966705322
30.421629667282104
30.456718683242798
30.273108959197998
30.956116914749146
30.36260676383972
30.5272114276886
31.298946142196655
30.122402667999268
30.649877309799194
30.730051040649414
31.31774067878723
30.170579433441162
30.35753107070923
30.018386125564575
30.126972913742065
30.207741260528564
29.95069432258606
30.5017352104187
30.26589035987854
29.998244047164917
30.7891526222229
30.15602993965149
30.22635841369629
30.66164779663086
30.004414796829224
30.09014129638672
30.48626136779785
30.4241361618042
30.025911331176758
31.95938205718994
30.301520347595215
30.506019353866577
30.262059450149536
30.22764015197754
30.421663761138916
30.650481939315796
30.54243803024292
30.511287689208984
30.94750428199768
30.43770456314087
30.595223665237427
30.425200700759888
30.318430185317993
30.816646575927734
30.086977005004883
30.52526330947876
30.42311930656433
30.454521417617798
30.061001300811768
30.909674882888794
31.766873359680176
30.33844256401062
30.310367345809937
30.267784118652344
29.773754596710205
30.110506057739258
30.076648950576782
30.665328979492188
30.419578075408936
30.4430992603302
30.184377193450928
30.547372579574585
30.1835880279541
30.08171796798706
30.167871475219727
30.19374966621399
30.460789918899536
29.99860191345215
30.039311170578003
30.90747618675232
29.94553279876709
30.353093147277832
30.27758002281189
30.151690006256104
29.97335696220398
30.635751247406006
29.755867958068848
30.06629467010498
30.400736331939697
30.735803365707397
30.38450336456299
30.131343364715576
30.083710193634033
30.093859672546387
30.025829315185547
30.26191997528076
31.128458499908447
30.49956178665161
30.194021701812744
30.197954654693604
31.065605878829956
29.772942543029785
30.46405577659607
30.536185026168823
30.12619686126709
30.489699125289917
30.708375692367554
30.663259506225586
30.420166969299316
30.610241889953613
30.290666103363037
30.243632555007935
29.8660306930542
30.27540111541748
31.463423490524292
30.614949941635132
30.250974655151367
30.685710191726685
29.955528020858765
30.42117714881897
30.289453506469727
30.30833411216736
30.518280029296875
30.696142196655273
30.753501176834106
30.144355058670044
30.099529027938843
29.962295293807983
30.492263793945312
30.77154016494751
30.89462113380432
30.02385401725769
30.312623500823975
30.875289916992188
30.366413354873657
30.674787282943726
30.095486640930176
30.15534734725952
30.48061776161194
30.474054098129272
30.119973182678223
30.26668405532837
30.049904108047485
30.099247455596924
30.66812753677368
30.052952766418457
30.24599266052246
30.40313410758972
30.389761209487915
29.851955890655518
30.494933605194092
30.341583251953125
30.19539785385132
30.507673263549805
30.645766258239746
30.425370931625366
30.512643814086914
30.32618737220764
30.092533826828003
30.746179819107056
30.40648627281189
30.17553687095642
30.197898149490356
29.902414083480835
30.01547074317932
29.965316772460938
29.956663370132446
30.436214923858643
30.385567903518677
30.7705819606781
30.021811962127686
29.979919910430908
30.19862675666809
30.41806411743164
30.173112630844116
30.09728693962097
30.358683824539185
30.196826219558716
30.438608169555664
30.516108751296997
30.55998706817627
30.3219952583313
30.093220710754395
30.294416904449463
30.380268096923828
30.071837663650513
30.00666069984436
30.02502989768982
29.84663224220276
30.58710527420044
30.265197277069092
30.404250144958496
29.844815492630005
30.01964044570923
30.1859610080719
30.163511276245117
30.270487070083618
30.356411933898926
29.976321935653687
30.22401523590088
30.244459629058838
30.021912336349487
30.192863702774048
30.2824969291687
30.564974784851074
30.309226512908936
30.66330075263977
30.70867943763733
30.526827335357666
30.35938000679016
30.218814849853516
30.860241651535034
30.476772785186768
30.03832173347473
29.83350706100464
30.60855484008789
30.828983306884766
30.010965585708618
29.820671796798706
30.243160009384155
30.30682897567749
30.8375403881073
30.14095115661621
30.439382553100586
30.366896390914917
30.705971240997314
30.093513250350952
31.092538118362427
30.654544591903687
29.957789659500122
30.807624340057373
30.194944381713867
30.268324851989746
30.286523818969727
30.687067985534668
30.059743404388428
31.383519172668457
30.215400218963623
30.631293535232544
30.389702558517456
30.030661821365356
30.488465309143066
30.624703884124756
30.9302875995636
30.281638622283936
30.662704467773438
30.439971208572388
30.499747037887573
30.298287630081177
30.365211486816406
30.196613073349
31.340282917022705
30.191132307052612
30.44137191772461
30.22294545173645
30.114436864852905
30.17061972618103
30.59736704826355
30.0689058303833
30.442673921585083
30.642746210098267
30.1538188457489
30.400641202926636
30.63140034675598
30.794320344924927
30.009220361709595
30.729326248168945
30.078980207443237
30.384824752807617
30.189934730529785
30.284706830978394
30.288973331451416
30.233169078826904
30.63078498840332
30.5353741645813
29.909412145614624
30.36811065673828
30.57346773147583
30.5368971824646
30.712202072143555
30.459944009780884
30.59418487548828
30.35896635055542
30.787827253341675
30.01422643661499
30.037354707717896
30.130032062530518
29.801339864730835
30.178929090499878
30.037012577056885
30.229406356811523
29.86788821220398
30.229846239089966
30.536454916000366
30.133451223373413
30.358498096466064
30.69664692878723
30.746415853500366
30.622711896896362
30.01098370552063
30.569085121154785
30.149603605270386
30.48800277709961
30.77307391166687
30.128411769866943
30.06169843673706
30.451790809631348
30.030775785446167
30.049110651016235
30.164135932922363
30.30743169784546
30.73647403717041
30.065629243850708
30.228129148483276
30.615285396575928
30.73494815826416
30.33934783935547
30.654414176940918
30.29414391517639
30.93284773826599
30.539127826690674
30.109129667282104
30.48634624481201
30.394739151000977
30.69413685798645
30.948214769363403
30.1115665435791
30.314139127731323
30.289170026779175
30.036602020263672
30.050750255584717
30.48878836631775
30.785094261169434
30.30249047279358
30.139148235321045
30.012823343276978
30.58078622817993
30.5419282913208
30.357836484909058
30.636608600616455
30.063414096832275
30.365848064422607
30.488884687423706
30.092552423477173
30.51049041748047
29.930405616760254
30.117810249328613
30.17737865447998
29.924190282821655
30.870972394943237
30.145584106445312
30.38706374168396
30.503053665161133
30.017592191696167
30.443415880203247
30.205618381500244
30.25700044631958
30.74496293067932
30.080348253250122
30.216099977493286
30.263479232788086
30.57930302619934
30.221840620040894
30.369248867034912
30.090933561325073
30.617072343826294
30.161557912826538
30.739394903182983
30.941035509109497
30.949007749557495
30.778785943984985
30.104123830795288
30.135792016983032
30.131319046020508
30.27401041984558
30.933504104614258
30.342674255371094
30.40268898010254
30.09614849090576
30.165222883224487
30.355061531066895
30.269495010375977
30.01923966407776
30.20625877380371
30.129382133483887
30.488691806793213
30.123026847839355
30.096484184265137
30.279546976089478
30.035263061523438
29.92505931854248
31.12855100631714
30.31058406829834
30.228782415390015
30.183974504470825
30.561754941940308
30.546001434326172
31.05487895011902
30.627060890197754
30.96034526824951
30.020743131637573
30.41058874130249
30.494617462158203
30.379331588745117
30.524386405944824
30.56168484687805
30.784345388412476
30.16741704940796
30.683156967163086
30.78190588951111
30.913857221603394
30.215150594711304
30.265543222427368
30.206135272979736
30.866693258285522
30.73917841911316
30.56271505355835
30.004103899002075
29.903416395187378
30.746469736099243
30.408764362335205
30.77520751953125
30.219462156295776
30.742326021194458
30.167969465255737
30.804303884506226
30.29603362083435
30.497659921646118
29.97530245780945
30.51941156387329
30.36065649986267
30.00800132751465
30.68195867538452
30.949368715286255
30.463006019592285
30.268477201461792
30.23327946662903
30.106974363327026
30.046637535095215
30.451297521591187
30.1588397026062
30.530195474624634
30.081815481185913
30.959197998046875
31.17372965812683
29.98879885673523
30.104638814926147
30.458417415618896
31.04999279975891
30.20036816596985
30.06090807914734
30.641144514083862
30.296799659729004
30.339893102645874
30.37967848777771
31.05346918106079
30.69499659538269
30.178338766098022
30.76533603668213
30.501465559005737
30.045856714248657
30.321752071380615
30.582892417907715
30.098798274993896
30.000093698501587
30.060802698135376
30.20798969268799
30.38784623146057
30.504712104797363
30.635621309280396
30.567248821258545
30.672431468963623
30.556498050689697
30.547740936279297
30.72702932357788
30.220202445983887
30.604817152023315
30.63713550567627
30.02324867248535
30.005274772644043
30.87273597717285
30.300173044204712
30.003090858459473
30.251444101333618
30.540019035339355
30.479114294052124
30.563120365142822
30.484194040298462
30.203863382339478
30.29946255683899
30.398590087890625
30.546597003936768
30.084011793136597
30.243717670440674
30.310477018356323
30.05981135368347
30.08327841758728
30.48261785507202
30.39866828918457
30.08625078201294
30.27650475502014
30.334298610687256
30.445160627365112
30.42446255683899
30.415108919143677
29.824041843414307
30.246227502822876
30.431209802627563
30.444100856781006
30.349194049835205
30.19299626350403
30.216893672943115
30.40898895263672
30.36198115348816
30.676905393600464
30.19280195236206
30.663622856140137
30.171276330947876
30.160076141357422
30.35461139678955
30.974554538726807
30.23519015312195
30.87674331665039
30.373385429382324
30.444135189056396
29.90780544281006
29.98725652694702
30.57470679283142
30.657565116882324
30.486711263656616
30.42247772216797
29.986014366149902
30.645596981048584
30.490234851837158
30.44972324371338
30.894686937332153
30.34958577156067
30.30191922187805
30.69658613204956
30.253055810928345
30.51468777656555
30.894335985183716
30.876219987869263
30.521678686141968
30.4724338054657
29.88812804222107
30.315046787261963
30.04426407814026
30.336530923843384
30.078935146331787
30.28326988220215
30.765368700027466
30.762351512908936
30.402724504470825
30.227583169937134
30.567278385162354
30.336393117904663
30.609862327575684
30.302428245544434
30.257174015045166
30.280519008636475
30.45140552520752
30.66687846183777
30.38423991203308
29.92589783668518
30.150423526763916
30.520979166030884
30.23722767829895
30.649362325668335
30.67189335823059
30.53377604484558
30.003817081451416
30.418850421905518
30.291404008865356
30.616161823272705
30.534282445907593
30.528129816055298
29.789032697677612
30.364630222320557
30.92635440826416
30.732140064239502
30.869952917099
30.27217173576355
30.271825790405273
30.457467555999756
30.67870545387268
30.076079845428467
30.005544900894165
30.842633724212646
30.529104232788086
30.699777126312256
30.12100124359131
30.585750102996826
30.35684585571289
30.393484115600586
30.475436449050903
30.284826278686523
30.170979261398315
30.091622352600098
30.54435086250305
30.063475131988525
30.036123037338257
30.314977645874023
29.98604702949524
30.277646780014038
30.95742416381836
30.597092151641846
30.312556266784668
30.30696725845337
30.26592206954956
30.261361837387085
30.39937925338745
30.160853147506714
30.23264718055725
30.46651005744934
30.528096437454224
30.09389853477478
30.62667417526245
30.143688917160034
29.96030902862549
30.35193943977356
30.121105432510376
29.973536252975464
30.01046061515808
30.964720249176025
29.916001081466675
29.950937271118164
30.292571544647217
30.469766855239868
29.95463538169861
30.405811309814453
30.49844241142273
30.86019229888916
30.114911317825317
30.465734004974365
30.57844114303589
30.22376775741577
30.136228799819946
30.328258275985718
30.514875411987305
30.288687705993652
29.917827606201172
30.06606411933899
30.109569549560547
30.350382089614868
30.19092082977295
29.990806818008423
30.223618984222412
30.46152353286743
31.23129963874817
30.83844017982483
30.39202308654785
30.154322862625122
30.78020477294922
30.612865447998047
30.37540292739868
30.754027128219604
30.12122893333435
29.91711711883545
30.201666831970215
30.46063756942749
30.786484956741333
30.014405965805054
30.866857528686523
29.93778967857361
30.119900226593018
30.005069971084595
29.787572145462036
30.065314769744873
30.688483476638794
30.565627574920654
29.93025541305542
29.932093858718872
30.013205528259277
30.191051721572876
30.405747890472412
30.539085388183594
30.55444574356079
30.238849878311157
30.08427858352661
30.38404417037964
30.55273699760437
30.490074396133423
30.172893285751343
30.456990003585815
30.075881242752075
30.26153326034546
30.362194776535034
30.27626895904541
30.023999214172363
30.088513374328613
30.212838888168335
30.072448253631592
30.47214150428772
30.40565848350525
30.43840765953064
30.45958662033081
30.424260139465332
30.86989974975586
30.155785083770752
30.459861755371094
29.783122062683105
30.141724348068237
30.624956369400024
30.090160131454468
30.5273118019104
30.54001760482788
30.39492964744568
30.220925092697144
30.448506832122803
30.317375898361206
30.327106952667236
29.92386794090271
30.41816282272339
30.27625584602356
30.41581702232361
30.140620708465576
30.05799674987793
30.007462978363037
30.971336841583252
30.452525854110718
30.53628396987915
30.069029808044434
30.863426446914673
30.05003023147583
30.188939571380615
30.482994318008423
30.09254479408264
30.244952917099
30.100952625274658
30.38940715789795
30.26560091972351
30.401970624923706
30.3888201713562
30.524125576019287
30.17343783378601
30.22277569770813
30.153693437576294
30.355228900909424
30.062061548233032
30.0304536819458
30.33764100074768
30.377756595611572
30.764998197555542
30.12042546272278
30.5535147190094
30.161950826644897
30.603254079818726
31.075845956802368
30.86296844482422
30.12190580368042
30.09132432937622
30.78519320487976
29.909396648406982
30.111942052841187
29.97997260093689
31.024385929107666
31.088079929351807
30.143308639526367
30.86335802078247
30.035495281219482
30.205244302749634
29.832587480545044
30.161810636520386
29.873521327972412
30.492459058761597
30.605058908462524
30.698389053344727
30.38434886932373
30.761879920959473
30.49878978729248
30.385366201400757
30.26892590522766
30.597999334335327
30.18130350112915
30.50183606147766
30.64208436012268
30.03371548652649
30.464542865753174
30.254740238189697
30.311137914657593
30.38683819770813
30.486215829849243
30.182456016540527
30.951806783676147
30.279200792312622
30.230647087097168
30.18268084526062
30.815935611724854
29.943958044052124
30.35782289505005
30.77980375289917
30.27508234977722
30.359804391860962
30.225006580352783
30.569870948791504
29.82759404182434
30.205676794052124
30.25453782081604
30.425107955932617
30.199635982513428
30.435420751571655
30.158373832702637
30.211978673934937
30.566941738128662
30.488245248794556
30.285696506500244
30.071823596954346
31.207024574279785
29.989317417144775
29.9112229347229
30.7246835231781
30.42262578010559
29.844725131988525
29.968836784362793
30.65617799758911
30.44420099258423
30.349695205688477
30.28687620162964
30.35263204574585
30.075363159179688
30.250454902648926
30.403131246566772
30.191402435302734
30.37117052078247
30.442384243011475
30.146496057510376
31.024784803390503
30.61475944519043
30.875123262405396
30.037132263183594
30.549782037734985
30.49379587173462
30.188270092010498
30.650561571121216
30.366169691085815
30.456995964050293
29.99851083755493
30.146876096725464
30.366525411605835
30.055452346801758
30.493568658828735
29.97096848487854
30.194182634353638
29.966211080551147
30.20466685295105
30.653499603271484
30.73799419403076
30.54756259918213
30.097456455230713
30.50689697265625
30.637696981430054
30.594797134399414
30.482405424118042
30.10488748550415
30.826053142547607
31.094558238983154
30.340126752853394
31.117403745651245
30.13927721977234
30.60604453086853
30.69486165046692
30.249698638916016
30.120956420898438
30.11537218093872
31.09857416152954
30.105071544647217
30.58031702041626
30.419755697250366
30.349926710128784
30.579904079437256
30.115350484848022
30.320312976837158
30.070399045944214
30.26953387260437
30.907822370529175
30.403071880340576
30.14681363105774
31.042454481124878
30.770365238189697
30.20366144180298
29.82030487060547
30.437352180480957
30.662066221237183
30.702956676483154
30.790626049041748
29.931376457214355
30.242642879486084
29.898094654083252
30.131295204162598
31.0613009929657
30.273192882537842
30.089041233062744
30.74539804458618
29.98605966567993
30.713932752609253
30.03915500640869
30.178515911102295
30.01090383529663
29.88549304008484
30.30448865890503
30.106964826583862
30.14366126060486
30.511849641799927
31.09018611907959
30.16704797744751
30.943140029907227
29.754454135894775
30.310877084732056
30.67722749710083
30.441314220428467
30.357309103012085
30.129720211029053
30.800892114639282
30.489587545394897
30.420032262802124
30.127279043197632
29.9842267036438
30.725472450256348
30.511980295181274
30.53166437149048
30.052799463272095
30.375608921051025
30.78229784965515
30.28439426422119
30.56972336769104
29.958293199539185
30.42640519142151
30.532315015792847
30.781928300857544
30.309629678726196
30.565596103668213
30.251906156539917
30.267557859420776
31.015857696533203
29.82933735847473
29.859145641326904
30.292293548583984
30.336071729660034
30.289105653762817
29.947360277175903
30.103681325912476
30.419896364212036
30.69046688079834
30.817537546157837
30.31729483604431
30.294128894805908
30.382007598876953
30.743897676467896
30.72163462638855
30.199339628219604
30.152526140213013
31.09317445755005
30.309560537338257
30.111323833465576
30.71717858314514
30.78792977333069
30.099400758743286
30.662368059158325
30.445008993148804
30.61916422843933
30.134839057922363
30.03042697906494
30.651610851287842
30.121574640274048
30.504775762557983
30.420416831970215
30.511460065841675
29.897708892822266
30.651729345321655
30.062734365463257
30.457942247390747
30.56252908706665
30.748509645462036
30.160673141479492
30.885043144226074
29.98788809776306
30.631534576416016
30.62091374397278
30.273717880249023
30.564005136489868
30.714548110961914
30.081969499588013
30.67172646522522
30.72716474533081
30.21228289604187
30.561696767807007
30.28815484046936
29.936254262924194
29.994158029556274
30.830037117004395
31.01130223274231
30.145365476608276
29.932177305221558
30.38993000984192
29.984337329864502
30.52471160888672
30.372583627700806
29.95819592475891
30.63700580596924
29.96090269088745
30.752285480499268
30.578888177871704
30.229757070541382
30.58179235458374
30.843311071395874
30.13336682319641
30.918495655059814
30.578540086746216
30.06017255783081
30.354838132858276
30.626501083374023
29.91810917854309
30.477783918380737
30.90214490890503
30.10968518257141
30.317408800125122
30.401483058929443
30.05622696876526
30.515501976013184
30.822152853012085
30.27921986579895
30.38368797302246
30.18261218070984
30.49070119857788
30.45755958557129
30.800934553146362
31.03503704071045
30.270237922668457
30.17620873451233
30.182352781295776
30.246679306030273
29.991902112960815
30.323508739471436
30.75513219833374
30.415370225906372
30.573614358901978
30.536970376968384
31.0735080242157
30.5666344165802
30.356749296188354
30.49380612373352
30.401801824569702
29.8678240776062
29.90856671333313
30.45657467842102
29.975184679031372
29.96318292617798
30.567708015441895
29.960432291030884
29.884116888046265
30.571041107177734
30.343222618103027
30.732868194580078
31.296005725860596
30.20379400253296
30.30370593070984
30.366690635681152
30.59801459312439
30.16890025138855
30.15401315689087
30.53091335296631
30.56872034072876
30.432842016220093
30.424912929534912
30.24224829673767
30.595166444778442
30.33533263206482
30.6202552318573
30.22509217262268
29.999000072479248
30.649821996688843
30.62521529197693
30.705216646194458
30.549782276153564
30.46874499320984
29.8983051776886
30.024370908737183
30.23289656639099
30.95592188835144
30.36121153831482
30.382110118865967
30.084930896759033
30.02662754058838
30.60830307006836
30.02682089805603
31.004852294921875
30.671923398971558
31.055392265319824
30.53403067588806
30.326358795166016
30.332034826278687
30.465373992919922
30.049246788024902
30.24155330657959
30.135071516036987
30.02691388130188
30.598517179489136
30.5537588596344
31.005181312561035
30.758458137512207
30.68018674850464
30.76318860054016
30.737545251846313
30.695942163467407
30.35120463371277
30.11068320274353
30.071160793304443
30.199069261550903
30.19699764251709
30.128045558929443
29.874517917633057
30.19925594329834
30.36234140396118
30.756993770599365
29.952179670333862
30.341626167297363
30.526907920837402
30.202556133270264
30.6758975982666
30.387484073638916
30.364080667495728
30.44240689277649
30.219664573669434
30.447636604309082
30.17968201637268
30.867756605148315
30.311871767044067
30.493710041046143
30.600924730300903
29.93158507347107
30.031296730041504
30.49549388885498
30.043585300445557
30.707864999771118
30.414851427078247
30.189053297042847
29.96308732032776
30.021857738494873
30.375631093978882
30.452301740646362
30.79945683479309
30.19506549835205
30.04410672187805
30.303879737854004
30.20345139503479
30.20430064201355
30.121159315109253
30.705232620239258
30.108662843704224
30.468106985092163
30.64313244819641
30.153298139572144
30.268305778503418
30.13023829460144
30.167606830596924
30.532487869262695
30.949058532714844
30.08071494102478
30.29396653175354
30.913121223449707
30.46404719352722
29.899797916412354
30.66642189025879
30.617863416671753
30.55259346961975
30.111243963241577
30.566117763519287
30.28060531616211
30.698895931243896
30.08954429626465
30.34219241142273
30.139496564865112
31.066654682159424
30.722611904144287
30.558298110961914
31.14967918395996
30.867604970932007
30.79543399810791
30.166229248046875
30.58610701560974
30.041525840759277
29.960368156433105
30.595184564590454
30.029171228408813
30.183711290359497
30.659960746765137
30.327421188354492
30.039184093475342
30.90318727493286
30.49698758125305
30.09051489830017
30.746320247650146
30.488284826278687
30.072784900665283
30.63436198234558
30.434762716293335
29.663482666015625
30.11566948890686
30.530651807785034
30.07542657852173
30.211485385894775
30.270277500152588
30.33154058456421
30.062633275985718
30.40878129005432
30.098392009735107
30.321860551834106
30.265666007995605
30.30466055870056
30.614598751068115
30.07357883453369
30.236151218414307
29.962944507598877
30.393753051757812
30.518680572509766
30.69329810142517
30.16771626472473
30.250747680664062
29.90102767944336
30.338821411132812
30.686189889907837
30.159703969955444
30.083821058273315
30.493337869644165
29.901589155197144
30.855964422225952
30.081554412841797
30.09978485107422
30.98560404777527
30.148519277572632
30.19575548171997
30.54508638381958
30.388646841049194
30.336730003356934
29.952070474624634
30.45604181289673
30.15146231651306
30.30182456970215
30.761032819747925
29.949967861175537
30.67951464653015
30.18743896484375
30.418459177017212
30.25062608718872
30.243081092834473
30.056259632110596
30.65642523765564
30.084312677383423
30.294784545898438
30.7177734375
30.405691623687744
30.30971097946167
30.950633764266968
29.946386337280273
30.265265703201294
30.850080013275146
30.204296112060547
29.98582434654236
30.338420152664185
29.98285436630249
30.256861209869385
30.371947765350342
30.239173650741577
30.289897680282593
30.496948957443237
30.39274001121521
30.677101135253906
31.04254388809204
30.835248708724976
30.511993408203125
30.004242181777954
30.27943444252014
31.34118366241455
30.046372652053833
30.192512273788452
30.187928199768066
30.891462802886963
30.454796075820923
30.610843420028687
30.68544292449951
30.292958974838257
30.171475887298584
30.092092752456665
30.057466506958008
30.329363346099854
30.701640844345093
30.25411295890808
31.1847140789032
29.895949363708496
30.492167949676514
30.606372356414795
30.11973786354065
30.335413932800293
30.359853744506836
31.10612392425537
30.793277502059937
30.11662220954895
30.2691867351532
30.631118059158325
30.284380435943604
30.461579084396362
30.61733913421631
30.815163373947144
30.01747155189514
30.615467309951782
30.314056873321533
30.614795923233032
30.51169466972351
30.47410750389099
30.11877179145813
30.17253279685974
30.299062252044678
30.253509998321533
30.520413875579834
30.30581521987915
30.185094594955444
30.266448736190796
30.308669090270996
30.155301332473755
30.627746105194092
30.327014207839966
30.872633695602417
30.422085285186768
30.684217929840088
30.39692759513855
30.38252592086792
29.98124885559082
30.678414821624756
31.04838228225708
30.24377942085266
30.673283338546753
30.3532931804657
30.257346153259277
30.64533758163452
30.38651394844055
30.14695167541504
29.92587661743164
30.69883894920349
30.19412612915039
30.834637880325317
30.12923240661621
30.23118257522583
30.417747259140015
30.922542810440063
30.713005542755127
30.249151468276978
30.430855751037598
30.381541967391968
30.09889793395996
30.817914485931396
30.631165981292725
31.04590678215027
31.18745493888855
30.621400833129883
30.675761699676514
30.87658953666687
30.303586959838867
30.499248027801514
30.432764291763306
30.202677249908447
30.268327713012695
30.210018634796143
30.446425914764404
30.145233154296875
30.592410564422607
30.149660348892212
30.478867292404175
30.8498854637146
30.44476866722107
30.436612129211426
30.121394634246826
30.20003080368042
30.509618282318115
30.348318099975586
30.215656757354736
30.50794005393982
30.434945106506348
30.1974835395813
30.45745277404785
29.90430760383606
30.144134998321533
30.68536949157715
30.582266330718994
30.406120777130127
30.54484462738037
30.59126353263855
30.234819412231445
30.49568796157837
30.658422470092773
30.396741151809692
30.780227661132812
30.653284788131714
30.582486152648926
29.970001697540283
30.11801028251648
29.969817638397217
30.33212661743164
30.16277813911438
29.97192931175232
30.71005082130432
30.398849487304688
30.928900003433228
29.90825629234314
30.309280157089233
30.407501220703125
30.15446448326111
30.409287214279175
30.483564853668213
30.07177448272705
30.18500328063965
30.518938779830933
30.851481914520264
29.89505934715271
30.51678991317749
30.247849225997925
30.688544034957886
30.247573852539062
30.098442554473877
30.051976680755615
29.969908952713013
30.27514624595642
30.586852550506592
30.280319929122925
30.488487243652344
30.501140356063843
30.420157432556152
30.943538904190063
30.549957513809204
30.850940942764282
30.302225589752197
30.07512593269348
29.90824818611145
30.79992389678955
30.16186237335205
29.828804969787598
30.042656421661377
30.393025159835815
30.40246343612671
30.318609952926636
30.1032497882843
30.625752449035645
30.285104990005493
30.378959894180298
30.293313026428223
30.41476607322693
30.2244713306427
30.06692910194397
30.41380023956299
30.267775297164917
30.25147318840027
29.997282028198242
29.826776027679443
30.96621870994568
31.05234408378601
30.79594922065735
30.275652170181274
29.969006061553955
30.430099487304688
30.229034900665283
30.100093364715576
30.345810413360596
30.70177674293518
30.00065779685974
29.97429060935974
30.70792508125305
30.46477723121643
30.78448796272278
29.88465714454651
30.13271927833557
30.00846028327942
30.729211568832397
30.429327964782715
30.376115322113037
30.72611951828003
30.502034664154053
30.58457088470459
30.71136450767517
30.164108514785767
30.394836902618408
30.08375120162964
30.15632176399231
30.12691879272461
30.36350393295288
30.06811499595642
30.663279056549072
30.371217727661133
30.59530806541443
31.267135620117188
30.748894214630127
30.58040738105774
29.983675003051758
30.40446901321411
30.221729040145874
30.006511688232422
30.714626789093018
30.80097484588623
30.448774814605713
30.31959629058838
30.69446325302124
29.985878705978394
30.692352771759033
30.57006335258484
30.460395336151123
30.38139271736145
30.89735507965088
30.326266050338745
30.24300193786621
30.36651062965393
29.955541372299194
30.31887435913086
30.62953495979309
30.160273790359497
30.155245780944824
30.54031014442444
30.291536331176758
30.614272356033325
30.4816837310791
30.861132383346558
30.31321406364441
31.049429893493652
30.587352991104126
30.112945318222046
30.200972080230713
30.85600709915161
30.46951198577881
30.357166528701782
30.412675142288208
29.93796730041504
31.129392862319946
30.239182710647583
30.194038152694702
30.439074277877808
31.16073751449585
30.859132766723633
30.64956259727478
30.785224199295044
30.77232050895691
30.252864837646484
30.10330867767334
29.761744737625122
30.19982624053955
30.153027534484863
30.2877779006958
30.552728414535522
30.131054162979126
29.99888777732849
30.50829315185547
31.02403974533081
30.250944137573242
30.55157732963562
30.144370079040527
30.89272451400757
30.457340240478516
30.01808214187622
30.459983110427856
30.53209900856018
30.095480918884277
30.681750774383545
30.390910148620605
30.03670358657837
30.562731742858887
30.057865142822266
30.441299438476562
30.711103677749634
30.135546445846558
30.62590003013611
30.394218921661377
30.336652755737305
29.988630056381226
29.852014541625977
30.18769860267639
30.59175443649292
30.59694218635559
30.04550266265869
30.45894193649292
30.050513744354248
30.05550527572632
30.139941930770874
30.352262020111084
30.220151662826538
30.49695897102356
30.639247179031372
29.91082453727722
29.928511142730713
30.3535795211792
29.953301668167114
30.567362070083618
29.94581937789917
30.408479928970337
30.23247742652893
30.146739721298218
30.759403944015503
30.300395965576172
30.310548067092896
30.569357872009277
30.215524911880493
29.94805932044983
30.802130222320557
30.302233457565308
30.357162714004517
30.160175323486328
30.44733500480652
30.623610258102417
30.555256843566895
30.261234521865845
30.73764204978943
30.53883457183838
30.000333309173584
30.75337553024292
30.463452100753784
30.423478841781616
30.16562819480896
30.693578720092773
30.70841073989868
30.50433087348938
30.692518711090088
30.378573417663574
31.111305952072144
29.92430806159973
31.337912559509277
29.974625825881958
30.771026134490967
30.282140970230103
29.988170385360718
30.440507173538208
30.144926071166992
30.677284479141235
30.124420881271362
30.37832260131836
30.269198417663574
30.23963165283203
30.454947233200073
30.24962091445923
30.85457754135132
30.27312183380127
30.179606199264526
30.54798412322998
30.584365606307983
30.252942085266113
30.710054874420166
30.258206129074097
30.49845290184021
30.52021074295044
30.32799220085144
30.9300856590271
30.01196837425232
30.66507577896118
30.253835439682007
30.569198846817017
30.70261526107788
30.931864500045776
31.05477285385132
30.647796869277954
29.880659341812134
30.766895532608032
29.938577890396118
30.212130784988403
30.586467742919922
30.01162362098694
30.293484449386597
30.114952325820923
30.63617253303528
30.135920763015747
30.47481679916382
30.77352023124695
30.484726905822754
30.229179620742798
30.24488377571106
30.68067479133606
30.65443229675293
30.3245267868042
30.160167694091797
30.27651572227478
30.527273893356323
30.207584381103516
30.40537452697754
30.121365547180176
30.417035579681396
30.795962810516357
30.32425546646118
30.104506731033325
30.506551504135132
30.2088360786438
30.546540021896362
30.552900791168213
30.562317371368408
30.00917387008667
30.310552835464478
30.220677375793457
30.140855312347412
30.297325134277344
30.57423973083496
30.261150598526
30.416114330291748
30.457151889801025
29.94673442840576
29.994356632232666
30.635079383850098
30.12742805480957
30.22907590866089
30.294665336608887
30.163913249969482
30.26730489730835
30.93510389328003
30.59126114845276
30.277695417404175
30.57434105873108
30.073861122131348
30.414999961853027
30.246570348739624
30.17429208755493
30.08471369743347
30.133577346801758
30.697360277175903
30.217076301574707
30.03134536743164
30.081312894821167
30.128772974014282
31.052599668502808
30.010759353637695
30.95884346961975
30.94041395187378
29.833395957946777
30.70566487312317
29.989739656448364
30.13245153427124
30.569992065429688
30.183436632156372
30.295244455337524
30.320842504501343
29.93109130859375
30.024938583374023
30.413742542266846
30.07150411605835
30.11565089225769
30.470587253570557
30.09858226776123
30.391682147979736
30.455088138580322
30.336397171020508
31.040122985839844
30.072957515716553
30.078049182891846
30.645073890686035
30.47139549255371
29.839871883392334
30.81319236755371
30.99035406112671
30.093879222869873
30.43146824836731
30.72262406349182
30.329429388046265
30.19749689102173
30.425662755966187
30.702123403549194
30.390262603759766
30.264831066131592
30.45969533920288
30.409992694854736
30.068267345428467
30.45617175102234
30.087225198745728
30.61868929862976
30.378296852111816
30.13944435119629
30.003450870513916
30.03126072883606
30.42906427383423
30.194842100143433
30.45663285255432
30.711960077285767
30.53799295425415
30.530668020248413
30.075031757354736
30.042874574661255
30.70376205444336
30.664217472076416
30.507750749588013
30.519870281219482
30.28891611099243
30.274827480316162
30.05688452720642
30.806241035461426
30.2596595287323
30.560424089431763
30.51658606529236
30.132575750350952
29.88463258743286
30.38134741783142
30.791810274124146
31.501392126083374
30.736801385879517
30.36989140510559
30.642742156982422
30.25215458869934
30.4325270652771
30.26056671142578
30.50722074508667
30.542003393173218
30.176048755645752
30.268786430358887
29.953550815582275
30.684027433395386
30.335856676101685
30.506798028945923
30.40710473060608
30.354366064071655
30.345816373825073
30.852819204330444
30.601617336273193
30.96292734146118
30.57884120941162
30.037842988967896
30.338706970214844
30.030590057373047
30.5453884601593
30.286113023757935
30.021846055984497
30.064480304718018
30.426679372787476
30.6515052318573
30.989752054214478
30.0445716381073
30.043328523635864
30.20974111557007
31.01704430580139
30.6896231174469
29.948182344436646
29.806085109710693
30.864929676055908
29.918721437454224
30.023133754730225
30.139634609222412
29.975817441940308
30.632020235061646
30.44053053855896
31.054407835006714
30.344417095184326
30.448394298553467
31.158272743225098
30.26197838783264
30.213566064834595
30.015631437301636
30.807905435562134
30.35574722290039
30.54860806465149
30.527360916137695
30.223342180252075
30.284303903579712
30.856992721557617
30.290431022644043
30.554266691207886
30.997613191604614
30.49273157119751
30.331140279769897
30.995837688446045
30.40601086616516
30.77163004875183
30.7944393157959
30.50470542907715
30.155657052993774
30.494672298431396
30.09324026107788
30.696123361587524
30.513600826263428
30.466137647628784
30.63726234436035
30.6349515914917
30.854556798934937
30.54430079460144
30.806093454360962
30.551191568374634
30.758408546447754
30.98325777053833
31.156444311141968
30.008107900619507
30.144052743911743
30.568215131759644
30.11321473121643
30.396769285202026
30.734187126159668
30.647823810577393
30.4602472782135
30.35496950149536
30.591243267059326
30.03395676612854
30.56471347808838
30.01981234550476
30.301032066345215
30.777377605438232
30.76206946372986
30.171821117401123
30.323448181152344
30.090252161026
30.5711772441864
30.29706048965454
30.1517276763916
31.044421195983887
30.297847986221313
30.255767583847046
30.43938398361206
30.909179210662842
30.728438138961792
30.73833465576172
30.670639276504517
30.566209316253662
29.96103572845459
30.37981343269348
30.113120555877686
30.14064121246338
30.64076328277588
30.35720992088318
30.508931398391724
30.930801153182983
30.267682313919067
30.15394353866577
31.022496461868286
31.050756692886353
30.184852600097656
30.25602626800537
29.924161195755005
29.911609172821045
30.790568351745605
30.90961718559265
30.60989785194397
30.582940340042114
30.009456634521484
30.14298439025879
30.014212608337402
30.358805894851685
30.43551993370056
30.67158007621765
30.01860809326172
30.06739044189453
30.074905157089233
30.122689247131348
30.58476448059082
30.46601390838623
30.28714346885681
30.396772146224976
30.70888352394104
29.916722774505615
29.900580167770386
30.62089991569519
30.03375744819641
30.480817556381226
30.716057062149048
30.072142362594604
31.227550983428955
30.427629470825195
30.242383241653442
29.853147506713867
29.875398874282837
30.332199096679688
30.490248918533325
30.74642539024353
30.45277452468872
31.180259704589844
30.811261415481567
30.104623556137085
30.345030069351196
30.395236015319824
30.718167781829834
30.72567343711853
30.797955989837646
30.187153100967407
30.155187129974365
30.811570405960083
30.051711559295654
30.504160165786743
30.07139539718628
30.756757736206055
30.519087314605713
30.097702264785767
30.007455825805664
30.591167211532593
30.44176197052002
30.61782670021057
30.353781700134277
30.41270399093628
30.560935974121094
29.865280389785767
30.214522123336792
30.377672910690308
30.017995834350586
30.247610092163086
29.950258255004883
30.219281435012817
30.34111738204956
30.803343296051025
30.657023906707764
30.052704572677612
30.330294132232666
30.61391282081604
30.34524965286255
30.512359619140625
30.03936505317688
30.2496075630188
30.611436128616333
30.19849729537964
30.269179582595825
30.490955352783203
30.172840356826782
30.56699013710022
30.870506525039673
30.707219123840332
30.214199781417847
30.547984838485718
30.193241596221924
30.26638674736023
30.20756244659424
30.199294805526733
30.419596672058105
30.199599504470825
30.593162298202515
30.244415760040283
30.39753532409668
30.70641803741455
30.20151925086975
29.752275228500366
30.727662324905396
30.297577619552612
30.189746618270874
30.87627387046814
30.227768182754517
30.515665531158447
30.26341676712036
30.448211669921875
31.096818447113037
30.619246006011963
30.354736804962158
30.600780248641968
30.494812726974487
29.995840072631836
30.539990186691284
29.900832653045654
30.004571676254272
30.287219524383545
30.224933385849
30.138030529022217
30.796058654785156
30.558208465576172
30.32225275039673
30.861958503723145
30.186877965927124
30.70872211456299
30.329278230667114
30.48354482650757
30.29560399055481
30.256004571914673
30.28131675720215
30.36963129043579
29.937906980514526
30.31692385673523
30.75724172592163
30.48884391784668
30.39801573753357
30.1723415851593
30.385610580444336
30.226289749145508
30.52033281326294
30.589365482330322
31.016180992126465
30.076411485671997
30.535319805145264
30.92764973640442
30.656914949417114
30.373425722122192
29.984208583831787
30.5139319896698
30.51949954032898
31.05886936187744
30.164933681488037
30.151992321014404
30.891952514648438
30.023430824279785
30.619251489639282
30.522417068481445
30.31066393852234
30.37730860710144
30.363094091415405
30.363924980163574
30.420284509658813
30.250893115997314
30.12476134300232
30.26849675178528
29.956916570663452
30.25717258453369
30.361826419830322
30.10028386116028
30.506839752197266
30.271734952926636
30.527064561843872
30.048864364624023
30.71695876121521
30.03140163421631
30.829233646392822
30.55105495452881
30.38292384147644
30.35593342781067
30.312982082366943
30.61652898788452
30.199816703796387
31.113985300064087
30.6502947807312
30.45364999771118
30.32645320892334
30.951110363006592
30.25915241241455
30.65645170211792
30.76636028289795
30.316133499145508
30.6461501121521
30.258721590042114
30.130790948867798
30.454222202301025
30.37358832359314
30.309500217437744
30.35353398323059
30.32403826713562
30.56846785545349
30.455965280532837
30.186471939086914
30.547850131988525
30.60837197303772
30.692336320877075
30.671769857406616
30.740407705307007
30.20028328895569
30.568819284439087
30.11990523338318
30.51016068458557
30.216293811798096
30.006412982940674
30.32083487510681
30.534038305282593
30.161667823791504
30.452778816223145
29.93930411338806
30.061503887176514
30.336777925491333
30.52513098716736
30.26728105545044
30.952134132385254
29.983092784881592
30.26600408554077
30.29513692855835
30.42856502532959
30.11326026916504
30.239428997039795
30.256794452667236
30.077247619628906
30.522968292236328
29.977442979812622
30.366119384765625
30.273404598236084
30.605613946914673
30.361135244369507
30.047619581222534
30.78541398048401
30.752965450286865
30.26429057121277
30.590510845184326
30.502931594848633
31.04118585586548
30.264713525772095
29.97294592857361
30.13370704650879
30.165465593338013
30.4237859249115
30.320541620254517
30.622318983078003
29.832173109054565
29.956698894500732
30.338239908218384
30.615519762039185
30.70875644683838
30.565914392471313
30.452306270599365
30.612311363220215
30.321376085281372
30.463973999023438
30.932148218154907
30.456780910491943
30.155280113220215
30.733775854110718
30.13816213607788
30.160183668136597
30.637259244918823
30.06328058242798
30.413931369781494
30.502269983291626
30.26110601425171
30.431185483932495
30.503305435180664
30.20373773574829
30.961437940597534
30.17428946495056
29.985727310180664
31.02881383895874
31.162055253982544
29.985291719436646
30.901885986328125
30.766266107559204
30.098294973373413
30.21765899658203
30.155702352523804
30.17640972137451
30.381728887557983
30.34036946296692
29.925537109375
30.655888080596924
30.25297474861145
30.15107774734497
30.508111476898193
30.37315344810486
30.05827236175537
30.192349195480347
29.87883448600769
30.040897369384766
30.435660362243652
30.544029474258423
29.970250368118286
30.674017667770386
30.483844995498657
30.762391805648804
30.33347225189209
30.445945739746094
30.508527755737305
30.592791318893433
30.25479769706726
30.474821090698242
30.4543354511261
30.350626468658447
30.479203939437866
30.548592805862427
30.439614057540894
30.175124883651733
30.138197422027588
30.39004898071289
30.294670343399048
31.201424837112427
30.19711947441101
30.929765224456787
30.075849294662476
30.144416570663452
30.108659982681274
30.19664168357849
30.61069893836975
30.508368015289307
30.14699149131775
30.077404975891113
30.655385971069336
30.234663486480713
31.2191903591156
30.27010178565979
30.755786418914795
30.255171537399292
30.723835468292236
30.08462119102478
30.384909868240356
30.412959337234497
30.12245535850525
30.726073265075684
30.14152717590332
30.13530206680298
30.17134690284729
30.016668558120728
30.110238075256348
30.406412363052368
30.798484563827515
30.426896810531616
30.233562231063843
30.203959226608276
30.20773196220398
30.519200801849365
30.95394206047058
30.254701375961304
29.982941150665283
30.52663278579712
30.42613196372986
30.16650104522705
30.20674157142639
30.446826696395874
30.29329514503479
30.70191216468811
30.662251710891724
30.85467219352722
30.001547813415527
30.364880800247192
30.13646936416626
30.36521577835083
29.929850816726685
30.068538904190063
29.9857816696167
30.039157390594482
30.5997314453125
30.504443168640137
30.11152958869934
30.195175409317017
30.59245729446411
30.767077922821045
30.483036041259766
30.72447395324707
30.76807975769043
29.94511079788208
30.175026655197144
30.277428150177002
30.355236530303955
30.481969118118286
30.155333280563354
30.067205905914307
30.536413431167603
30.018468856811523
30.06208825111389
30.172926902770996
30.411207914352417
30.068235874176025
30.161160230636597
30.544348001480103
30.1116361618042
30.474447011947632
30.059706926345825
30.061037302017212
30.573295831680298
30.259140491485596
30.947612285614014
29.947158098220825
30.162171125411987
30.74837040901184
30.331550359725952
31.113280534744263
29.821736812591553
30.345500707626343
30.544167041778564
30.28098177909851
30.242039680480957
30.394686698913574
31.122415781021118
30.133073568344116
30.378230333328247
30.51276659965515
30.938903331756592
30.087387561798096
30.067282915115356
30.385024309158325
30.22081685066223
30.603229999542236
30.099968433380127
30.541601419448853
30.153449535369873
30.788750886917114
30.882699728012085
30.917485237121582
30.014700889587402
30.098467350006104
29.94218349456787
30.016033411026
30.333122491836548
30.30391240119934
30.385695934295654
30.462162017822266
30.223958253860474
30.566430807113647
30.3353533744812
29.98905038833618
29.922563791275024
30.0357403755188
30.248117446899414
30.029536962509155
30.43325924873352
30.639448165893555
31.1339168548584
30.511533737182617
30.282386541366577
30.496446132659912
30.421062231063843
30.823840618133545
30.86504340171814
30.600160837173462
30.961811542510986
30.953694581985474
29.94592833518982
30.41408061981201
30.40597891807556
30.52716875076294
30.799615144729614
30.510927200317383
30.555610418319702
30.54826068878174
30.703611612319946
30.596713066101074
30.23017954826355
30.063124418258667
30.186492919921875
30.304589986801147
30.107572078704834
30.091599702835083
30.42535972595215
29.98798441886902
30.44133234024048
30.236331462860107
30.19898533821106
30.01866340637207
31.235209465026855
30.124516248703003
30.160114765167236
30.436219930648804
30.5074725151062
30.866266012191772
30.100525856018066
30.534149646759033
30.171007871627808
30.439390182495117
30.845928192138672
30.134838819503784
29.79933786392212
29.947611331939697
30.36392068862915
30.144866228103638
30.447085857391357
30.302465677261353
30.520676136016846
30.43811798095703
30.890955924987793
30.395442247390747
30.191309213638306
29.923126220703125
30.113919258117676
30.396414279937744
30.514827251434326
30.285759925842285
30.258502960205078
29.981252193450928
30.36751937866211
30.318477869033813
30.244552612304688
29.944243669509888
30.464747190475464
30.52779459953308
30.273817777633667
30.347923517227173
30.55406951904297
30.29724431037903
30.231847524642944
30.292323112487793
29.950247287750244
30.14754343032837
30.05998921394348
29.965300798416138
30.215824604034424
30.35399079322815
31.081858158111572
30.158239603042603
30.341988563537598
30.254106044769287
30.317118883132935
30.96445941925049
30.533084630966187
30.389813661575317
30.110327005386353
30.173662900924683
30.281786918640137
30.20708394050598
30.646430253982544
30.426060676574707
30.394561767578125
30.062283039093018
30.233845949172974
30.197181940078735
30.448608875274658
30.03639531135559
30.60750436782837
30.509289741516113
30.684962511062622
30.395869255065918
30.01129961013794
30.529376745224
30.560523986816406
30.696229934692383
29.916287899017334
30.340837955474854
30.25975489616394
30.553518295288086
30.232749223709106
30.401241064071655
30.001422882080078
30.088007926940918
30.37670350074768
30.20965051651001
30.202792644500732
30.021538019180298
30.130563735961914
30.549192905426025
30.033690690994263
30.773550987243652
30.202722787857056
30.57827615737915
30.341343879699707
30.73317241668701
30.598640203475952
30.163923025131226
30.12345051765442
30.394415378570557
30.6120765209198
30.28153967857361
30.168936252593994
30.61964988708496
30.50381374359131
30.73469305038452
30.78012466430664
30.315025329589844
30.13413166999817
30.510230541229248
31.437923908233643
31.076996088027954
31.202370166778564
30.31981921195984
30.173067331314087
30.195505380630493
30.886831045150757
30.207621812820435
30.575886487960815
30.548780918121338
31.191182374954224
30.326488971710205
30.569744348526
31.08341336250305
30.152782917022705
30.50593137741089
30.60802412033081
30.412153244018555
30.548160314559937
30.71425175666809
30.187017679214478
30.090003728866577
30.26525092124939
29.973802089691162
30.45687460899353
30.869997024536133
30.735477209091187
30.364140272140503
30.08519411087036
30.77769136428833
30.464727878570557
30.281051874160767
30.224618673324585
31.170517921447754
30.227880239486694
30.701951503753662
30.05221939086914
30.657702684402466
30.00425434112549
30.8975989818573
29.992512464523315
30.391647815704346
30.122024059295654
30.483537435531616
30.52676796913147
30.089001655578613
30.170120239257812
30.24031901359558
30.825961112976074
30.281910181045532
30.24996066093445
30.726269245147705
30.284722328186035
30.31214714050293
30.53060293197632
30.716362953186035
30.811155080795288
30.717039585113525
29.9347403049469
30.419175386428833
30.74305510520935
30.322121143341064
30.23316192626953
30.48790407180786
30.689359188079834
30.204668521881104
30.10532569885254
30.261377573013306
30.580268383026123
30.035421133041382
30.226004123687744
30.05966305732727
30.485904932022095
30.72237753868103
30.48729419708252
30.027429342269897
30.093645811080933
31.851384162902832
30.57536268234253
30.426351308822632
30.030996561050415
29.86734628677368
30.54578423500061
30.764521837234497
30.978227853775024
29.978185653686523
30.505460500717163
30.527142763137817
30.758533000946045
30.16824960708618
30.982373237609863
30.278299570083618
30.381566524505615
31.077203512191772
30.3712317943573
30.531941652297974
30.18630576133728
30.166081190109253
30.03791356086731
30.04466676712036
30.166101694107056
30.126039743423462
30.325024127960205
30.339802503585815
30.625053882598877
30.11484146118164
30.65122365951538
30.951789140701294
30.127882480621338
30.352393627166748
30.80804681777954
30.413904905319214
30.591173887252808
30.054367542266846
30.451775550842285
29.892423152923584
30.257742166519165
30.16352367401123
30.228804349899292
30.610353231430054
30.643009424209595
29.932088375091553
30.202909231185913
30.282744884490967
30.264422178268433
30.62236261367798
30.457865715026855
30.30765676498413
29.883415460586548
29.838260173797607
31.130743265151978
30.604278087615967
30.477702856063843
30.356705904006958
30.894724130630493
30.657482147216797
30.365566968917847
30.051999807357788
29.97128200531006
30.43122172355652
30.401628255844116
31.022281885147095
31.036149263381958
30.640321254730225
30.307467699050903
30.716437816619873
30.578563451766968
30.40219283103943
30.055898904800415
31.094663619995117
30.581387281417847
30.636292457580566
30.746254682540894
30.55259132385254
30.586857795715332
30.16211700439453
30.29231572151184
30.18682360649109
30.984306573867798
30.086438417434692
30.32400417327881
30.444627046585083
30.254250049591064
30.398956060409546
31.04379677772522
30.157615423202515
30.65281629562378
30.441152811050415
29.94880723953247
30.751938343048096
30.22406578063965
30.055862426757812
30.00762915611267
30.028604984283447
30.37638258934021
30.71079683303833
30.589252710342407
30.141849279403687
30.483925104141235
30.083970069885254
30.611721992492676
30.183409452438354
30.62359118461609
30.49878239631653
30.330330848693848
30.027132034301758
30.562618255615234
30.249564170837402
30.525941848754883
30.429306507110596
30.237837076187134
30.35681915283203
30.124250650405884
30.012340307235718
30.262595653533936
30.17186713218689
30.740094661712646
30.161843299865723
30.708248376846313
30.389992475509644
30.455223560333252
30.249752044677734
30.408483028411865
30.09308934211731
30.986321210861206
30.378751516342163
30.088390111923218
30.490533590316772
30.422470331192017
29.786930084228516
30.114689826965332
30.818644285202026
30.609085083007812
30.25512456893921
30.57590961456299
30.055976629257202
30.145964860916138
30.48779535293579
30.53639054298401
30.245128393173218
30.35148024559021
30.523720264434814
30.258742570877075
30.369396209716797
30.687192678451538
30.600438833236694
30.862156629562378
29.95002841949463
30.54373025894165
29.59059453010559
30.541351556777954
30.53250241279602
30.144559860229492
30.527884483337402
30.168285369873047
30.195209980010986
30.789978742599487
30.110563278198242
30.591055393218994
29.94534468650818
31.19068431854248
30.3437442779541
30.915681838989258
30.223518133163452
30.59193181991577
30.3661789894104
30.894644021987915
30.077309608459473
30.40310025215149
30.282225847244263
30.430503129959106
30.718220233917236
30.290005922317505
31.07842755317688
30.59155535697937
30.620872020721436
30.069196701049805
30.49609684944153
30.77058744430542
30.199289560317993
30.23510217666626
30.390153884887695
30.245781660079956
30.522273540496826
31.46004009246826
30.89575171470642
30.40772533416748
30.027742624282837
30.555026292800903
30.040541410446167
30.634398698806763
30.134607315063477
30.23599076271057
30.533437728881836
30.119778394699097
30.332232236862183
30.705949306488037
30.268625497817993
30.20048952102661
30.318607091903687
30.493233919143677
30.470011234283447
30.07660722732544
30.120007514953613
30.601336002349854
30.30005168914795
30.39058232307434
30.482062101364136
30.380949020385742
30.369146585464478
30.009647846221924
30.1634464263916
30.425609827041626
30.195979356765747
29.931782960891724
30.217866897583008
30.417973041534424
30.213402271270752
30.134591102600098
30.83185887336731
30.616078853607178
30.259968757629395
30.28511929512024
30.26467490196228
30.089559316635132
30.111339330673218
30.342761516571045
30.70852303504944
30.175492525100708
30.82157850265503
30.18584632873535
30.847150325775146
30.351485013961792
30.712398052215576
30.724363327026367
30.209304809570312
30.436266660690308
30.630807161331177
30.725189447402954
30.488262176513672
30.52332067489624
30.212543487548828
30.402450561523438
30.118546724319458
30.838767766952515
30.70201539993286
30.731444835662842
30.034274578094482
30.424355268478394
30.383768320083618
30.845805168151855
30.2381432056427
30.007991075515747
30.862462520599365
30.655883312225342
30.147456169128418
31.427400827407837
30.60775399208069
30.34123682975769
30.460904121398926
30.05254054069519
30.107776403427124
30.133432388305664
30.20980405807495
30.262519121170044
29.926966667175293
30.155702590942383
30.936253309249878
30.431620359420776
30.47806429862976
30.25389838218689
30.21087121963501
29.759994506835938
30.646798849105835
30.353502988815308
30.214492321014404
30.41190481185913
30.31429934501648
30.5793194770813
30.296895503997803
30.061427354812622
30.712619066238403
30.487001180648804
30.088261127471924
30.32632350921631
30.424569845199585
29.8827166557312
30.347694873809814
30.263346910476685
30.743242025375366
30.450059413909912
29.89857530593872
30.466250896453857
30.53720736503601
30.49555540084839
30.457332611083984
30.378267526626587
30.223211765289307
30.516594648361206
30.730295181274414
30.148611783981323
30.554945707321167
30.05403757095337
30.20959162712097
30.416099071502686
30.002757787704468
30.248329639434814
30.33086085319519
30.31083869934082
30.39088773727417
29.916287899017334
30.408507108688354
30.971050024032593
31.040098905563354
30.97410297393799
30.907881021499634
30.14576029777527
30.604665279388428
31.057915925979614
30.31118679046631
30.082237005233765
30.31045889854431
30.807326316833496
30.703951120376587
30.317647218704224
30.301909923553467
30.03053617477417
30.3063063621521
30.641578912734985
30.601147413253784
30.18654704093933
30.543747425079346
30.28606605529785
30.25645351409912
30.178332805633545
30.55688738822937
30.119938611984253
30.838536024093628
30.229721069335938
30.62958335876465
30.33282732963562
30.54991388320923
30.29401683807373
30.206531524658203
30.005870819091797
30.35394024848938
30.162870168685913
30.002235412597656
30.188571453094482
30.456374168395996
30.382551431655884
30.371947050094604
30.497862577438354
30.281692028045654
30.3240385055542
30.41007900238037
30.53880262374878
30.206355094909668
30.59407091140747
30.3752281665802
30.340418338775635
30.390645027160645
30.832704067230225
30.26926851272583
30.173887729644775
30.17473864555359
30.56680130958557
30.48652410507202
30.2673659324646
30.255016088485718
30.685187101364136
30.41825270652771
31.364962100982666
30.221036911010742
30.334197998046875
30.752877235412598
30.81208109855652
30.675833702087402
30.362762689590454
30.75389575958252
30.21150016784668
30.42699933052063
30.788429021835327
30.475502490997314
30.101839542388916
30.230438709259033
30.442781448364258
30.517601251602173
30.465517282485962
30.616214752197266
30.11052703857422
30.321322917938232
30.388903617858887
30.900622367858887
30.94965147972107
30.50640106201172
30.002023696899414
30.82379961013794
30.422489166259766
30.100207805633545
30.545851230621338
30.85507345199585
30.094178676605225
30.416618585586548
29.84304189682007
30.203619480133057
30.33128023147583
29.91847848892212
30.21028971672058
30.564886569976807
30.127883195877075
30.713030338287354
30.549955129623413
30.06329870223999
30.70095658302307
30.990320444107056
30.08754277229309
30.086817979812622
30.122670888900757
30.330897569656372
30.186018705368042
30.10367727279663
31.062488555908203
30.54893684387207
30.15040922164917
31.147713899612427
30.361865758895874
30.274553775787354
30.779844760894775
30.287761449813843
30.93112015724182
30.291893005371094
30.142894983291626
30.75687003135681
30.211646556854248
30.345978021621704
30.50412678718567
30.37945866584778
30.258182764053345
30.283433437347412
30.41370940208435
30.42269730567932
30.601189613342285
30.382688760757446
30.62325382232666
30.224787950515747
30.23772120475769
30.356383085250854
30.036384344100952
30.704291343688965
30.158846378326416
30.252222061157227
30.246880054473877
30.025298833847046
30.629247665405273
30.271016120910645
30.62429165840149
30.26329231262207
30.27108645439148
29.91040849685669
29.970932722091675
30.142516613006592
30.658036708831787
30.425405263900757
30.492918968200684
30.00970983505249
30.767871141433716
30.720911264419556
30.704792976379395
30.5514132976532
30.706303119659424
30.33850336074829
30.223829984664917
30.105005979537964
30.27703309059143
30.161684274673462
30.627280473709106
30.68989896774292
30.424829721450806
30.18816041946411
30.345003604888916
30.934513807296753
30.38422179222107
30.246615409851074
30.25208878517151
30.103047132492065
30.341742515563965
30.176374673843384
30.231528520584106
30.05442714691162
30.539620399475098
30.49715495109558
30.188887119293213
30.03671669960022
30.699008464813232
30.07209849357605
30.08193325996399
30.849689483642578
30.693629503250122
30.25835084915161
30.141103267669678
30.284417390823364
30.682499170303345
30.595381498336792
30.584898471832275
30.48506188392639
30.62664771080017
30.767852306365967
30.352319955825806
30.09459352493286
30.504522800445557
30.369992971420288
30.135889053344727
30.767338275909424
30.06482768058777
30.291953325271606
30.32850956916809
30.248745918273926
30.03547167778015
30.148376941680908
30.62027907371521
30.409732580184937
30.49832510948181
30.16004490852356
30.572272777557373
30.62529969215393
30.42508316040039
30.26897120475769
30.414243936538696
30.469530820846558
30.12507677078247
30.234990119934082
30.09383225440979
30.200496196746826
30.175769567489624
30.02220869064331
30.339776515960693
31.101562023162842
30.592267274856567
30.06788921356201
30.938859939575195
29.978965044021606
30.193673849105835
30.212971210479736
30.558486700057983
30.205044746398926
30.627496242523193
30.615680694580078
30.42980670928955
30.262974977493286
30.77556848526001
30.068278551101685
30.0884268283844
30.69144296646118
30.66790270805359
30.346774578094482
30.50805640220642
31.313441276550293
30.59115719795227
30.199912786483765
30.580764293670654
30.797781229019165
30.84610891342163
30.186847925186157
30.404630184173584
30.530603647232056
31.10799479484558
30.562649726867676
30.38361620903015
30.515411853790283
30.86413335800171
30.227477550506592
30.393677234649658
30.6190767288208
30.69081163406372
30.184128999710083
30.28002619743347
30.294596433639526
30.219821214675903
30.485466718673706
30.67385244369507
29.854032516479492
30.908305883407593
30.210142612457275
30.272356033325195
30.56125521659851
30.23073720932007
30.342521905899048
30.3655104637146
30.53807520866394
30.009628295898438
30.415250539779663
29.92342710494995
30.709407806396484
30.6567599773407
30.59241223335266
30.734179496765137
30.711925506591797
30.77437996864319
30.460357666015625
30.028175115585327
30.343607425689697
30.448412895202637
30.446824550628662
30.42236852645874
30.18269157409668
30.50941491127014
30.21498441696167
30.3337984085083
30.21812891960144
29.99919867515564
30.35359501838684
30.433950662612915
30.409825801849365
29.912065505981445
30.31063151359558
30.394742012023926
30.15322184562683
30.177477598190308
30.045536756515503
30.4031240940094
30.3476984500885
30.834012985229492
31.04067826271057
30.5523521900177
31.237579822540283
30.548597812652588
