33.98246502876282
34.64771103858948
33.040745973587036
33.57072830200195
34.64988684654236
35.52436876296997
29.19566035270691
35.27659344673157
36.36705255508423
35.95421743392944
30.52518606185913
34.89179182052612
34.41691613197327
39.184406995773315
35.77248430252075
35.48292350769043
29.330740213394165
28.19780683517456
34.09180188179016
34.998023986816406
34.34834861755371
35.67685103416443
35.87182116508484
36.72126054763794
35.985742807388306
31.33309292793274
25.85978126525879
31.304320335388184
29.591159343719482
34.0996732711792
35.20943260192871
34.29578113555908
34.68605995178223
28.53901195526123
33.804529428482056
33.298397064208984
28.987481117248535
28.134701251983643
34.712424516677856
34.91906809806824
33.395601749420166
30.063152074813843
31.65317392349243
34.3232479095459
35.66097927093506
34.714885234832764
31.230927228927612
30.375455617904663
31.11308455467224
31.654680728912354
27.753675937652588
28.095139026641846
33.33914136886597
35.24562358856201
34.60667085647583
32.98152756690979
30.863484382629395
34.696540117263794
33.34352397918701
34.02819871902466
33.449098348617554
35.83314061164856
35.51291584968567
32.743738889694214
32.28372502326965
34.8034029006958
34.104464292526245
33.75779724121094
33.04534578323364
31.963010787963867
33.78151488304138
33.63159394264221
35.10966491699219
32.894272804260254
34.10000419616699
34.822081565856934
34.56330609321594
34.01131248474121
34.66637969017029
33.39587903022766
32.95763039588928
32.917569160461426
34.941702365875244
33.887415647506714
34.769678354263306
33.8734233379364
33.3896050453186
36.508960485458374
32.6747510433197
32.12752389907837
34.852980852127075
38.44298481941223
35.126014709472656
33.91900825500488
32.134074449539185
32.644410610198975
32.31004500389099
32.57462239265442
32.62192702293396
31.769345998764038
35.36539936065674
33.928138971328735
34.96734952926636
33.474247217178345
32.90036749839783
30.89314293861389
28.754404067993164
31.616500854492188
34.11880922317505
33.58863687515259
33.65999627113342
34.11419367790222
32.332759618759155
35.22146534919739
33.23394536972046
28.884265661239624
29.168574810028076
36.7699978351593
37.557291984558105
33.79907464981079
34.261245250701904
33.95844268798828
33.01889514923096
36.441099643707275
31.887598991394043
40.4474093914032
35.97200107574463
34.93313908576965
36.7299427986145
37.86661171913147
33.40128421783447
35.31070828437805
37.03845429420471
22.589749813079834
33.98313903808594
34.58639883995056
33.11140155792236
29.710397243499756
36.58466553688049
26.413958311080933
33.90801954269409
33.46765398979187
34.05851650238037
26.90467667579651
34.451656341552734
33.25561451911926
34.02762699127197
33.57550048828125
32.33668255805969
29.66512441635132
32.371336936950684
28.898553133010864
34.38962531089783
33.44793677330017
29.539296865463257
32.20623826980591
32.10840845108032
27.374631643295288
34.20160484313965
33.36332607269287
33.33242630958557
32.368027448654175
33.417176723480225
29.351842403411865
34.72170066833496
34.321178913116455
34.70282697677612
33.14767026901245
29.304291486740112
34.211238384246826
33.01130294799805
33.6479287147522
35.117345094680786
37.82387185096741
33.81327509880066
33.541325092315674
29.15859627723694
32.42263650894165
33.64722299575806
33.87662601470947
32.87371468544006
33.702239990234375
33.36311197280884
32.91625428199768
36.74274492263794
35.762378215789795
33.5440948009491
33.18250131607056
32.6120183467865
33.39620780944824
35.49030351638794
30.5151948928833
33.87966251373291
33.167073011398315
31.27931785583496
32.93701410293579
33.223838329315186
33.070849895477295
31.348105430603027
31.630977153778076
34.118243932724
32.80815291404724
33.25589346885681
33.060742139816284
33.515339374542236
34.5893771648407
34.355647563934326
33.01006817817688
32.43663501739502
33.17887616157532
31.092933654785156
33.950873374938965
32.26765727996826
32.853867053985596
30.801466464996338
30.833179473876953
30.63450813293457
32.9244909286499
32.474401235580444
31.783707857131958
31.82956051826477
31.37610960006714
31.41639280319214
32.78660225868225
32.750913858413696
31.218040704727173
32.84213995933533
26.161365509033203
24.314006567001343
25.38176679611206
25.118064880371094
32.40979790687561
32.11536002159119
31.574549674987793
31.52678108215332
33.34991478919983
29.85978126525879
30.179420232772827
32.58931231498718
31.490326404571533
31.852267503738403
32.395270586013794
31.72986364364624
32.33123517036438
31.375595569610596
32.63732361793518
32.656429290771484
31.70116901397705
31.785318851470947
32.41301727294922
33.449445486068726
32.50742983818054
32.134987115859985
32.62337899208069
32.93437647819519
29.503297328948975
31.095406770706177
32.13329100608826
31.840676069259644
32.37194275856018
32.16275405883789
32.28048896789551
32.039907455444336
34.17607140541077
33.11964249610901
32.60248064994812
32.97490048408508
32.50196099281311
31.94802474975586
31.710303783416748
31.745277404785156
31.788898706436157
32.56710362434387
32.00095510482788
31.402577877044678
33.08251905441284
32.668752670288086
32.71186685562134
32.18556475639343
32.04268026351929
32.623613119125366
32.518221855163574
31.919167041778564
31.555195569992065
33.30161929130554
32.31400656700134
31.863713026046753
32.17103624343872
31.613483905792236
31.500599145889282
32.24972176551819
32.025014877319336
31.77464270591736
32.12352538108826
31.643547773361206
32.24727773666382
32.71509671211243
31.652283906936646
32.99699354171753
32.9252142906189
32.19682312011719
32.13789653778076
33.0842547416687
32.14653420448303
34.995095014572144
35.0164577960968
33.82580924034119
33.82859182357788
32.35624361038208
31.75829029083252
32.193248987197876
31.826885223388672
31.574130296707153
32.67223405838013
32.461754322052
31.54278564453125
32.49634337425232
32.4892258644104
33.28264856338501
31.98382830619812
32.56072378158569
33.356621503829956
36.240504026412964
33.089529037475586
32.740588426589966
34.9157452583313
31.99390196800232
32.84094858169556
31.577216863632202
31.58961582183838
31.807195901870728
32.091691732406616
32.06932854652405
32.00308895111084
31.71359896659851
32.25173330307007
32.94734811782837
31.98930811882019
32.180469036102295
32.717092514038086
31.27095603942871
32.19354295730591
32.29506301879883
31.393812656402588
31.567280530929565
31.99138832092285
31.81697988510132
31.945237159729004
31.535129070281982
33.05088782310486
32.14567804336548
35.22780704498291
35.35901069641113
32.170316219329834
31.8686625957489
31.595228672027588
31.72923731803894
32.34344816207886
32.20383906364441
32.944682121276855
32.302369832992554
32.4017608165741
32.49340605735779
31.36872410774231
32.345558643341064
32.18145990371704
32.255431175231934
32.40818405151367
32.13554620742798
32.26780557632446
31.671769380569458
31.98350691795349
31.64755606651306
31.787640810012817
32.44606280326843
32.89730501174927
31.887728214263916
33.871230602264404
35.95252585411072
33.17644000053406
32.995776891708374
32.01380705833435
32.05838918685913
32.00465631484985
31.209516525268555
31.923835277557373
33.50401997566223
31.571503400802612
31.60388445854187
32.105684995651245
32.2858145236969
32.13822960853577
32.27388024330139
32.17010569572449
32.086488008499146
33.047728538513184
32.133056640625
33.92541193962097
34.91398525238037
34.53623080253601
32.236159801483154
32.814146995544434
31.814188957214355
32.03706240653992
32.37096858024597
32.580952644348145
32.434675455093384
31.770374059677124
31.57331395149231
33.30118727684021
32.51483607292175
33.338706970214844
33.34064769744873
32.38025975227356
31.606623888015747
32.01644468307495
31.491622924804688
32.032084465026855
31.843934535980225
32.516239166259766
32.3205509185791
33.699217557907104
33.84809851646423
33.18587279319763
34.420414686203
32.54744529724121
31.433197259902954
32.08209204673767
31.67754101753235
31.351341009140015
31.849504947662354
31.844874143600464
31.732263326644897
32.48963451385498
31.77798295021057
32.39289903640747
32.67483305931091
31.962441205978394
32.480995893478394
32.04023027420044
31.54313826560974
32.62717890739441
32.28928518295288
36.524097204208374
37.149118423461914
37.70750880241394
31.912857055664062
31.40823197364807
32.09694743156433
31.845457077026367
31.972642183303833
31.413739919662476
31.541438102722168
31.78604221343994
33.27993178367615
32.75482797622681
32.680715799331665
32.260215044021606
32.1145715713501
31.805997848510742
32.36683964729309
32.32316780090332
32.50868535041809
31.499841690063477
31.773080110549927
33.87343454360962
32.12489295005798
33.088623046875
32.961182594299316
32.30779504776001
32.015177965164185
32.85035252571106
31.632473707199097
33.412424087524414
33.74459433555603
32.725005865097046
32.298619508743286
31.783157110214233
33.11808896064758
32.11366415023804
31.816738843917847
31.412538290023804
32.431907653808594
31.73285412788391
32.68624401092529
32.043193340301514
33.94109082221985
33.999720335006714
32.461137533187866
32.21561312675476
31.57644820213318
31.910266637802124
32.597962379455566
33.576019287109375
33.969356536865234
33.60960602760315
33.03397083282471
32.44752311706543
32.879456996917725
31.943500995635986
34.102288007736206
31.557852029800415
32.40561509132385
31.78311824798584
32.979976654052734
32.308815479278564
32.67730665206909
31.837809085845947
32.70041012763977
34.25042176246643
33.657429218292236
33.45128512382507
33.49547266960144
32.0885910987854
31.266491174697876
31.653756618499756
31.578966856002808
31.60567355155945
31.27903175354004
31.364307641983032
33.74894165992737
33.796520709991455
32.17525100708008
31.265849351882935
32.51079821586609
31.52910041809082
31.494056701660156
32.071961641311646
33.842549085617065
33.48222780227661
31.749264240264893
32.00812530517578
31.765714406967163
32.63100242614746
31.888745546340942
31.826447248458862
33.01338005065918
33.527114152908325
32.429840326309204
31.738353967666626
31.876863718032837
32.5160608291626
31.405990600585938
32.84845447540283
31.857598304748535
32.0852108001709
32.164546728134155
31.89176607131958
34.104939699172974
33.93960952758789
32.12839388847351
31.913819789886475
32.27381467819214
31.504324913024902
31.419870376586914
31.776242971420288
32.51289343833923
33.09102392196655
33.59478688240051
33.599966526031494
32.53579497337341
31.71206760406494
31.950410842895508
32.58548712730408
31.87432074546814
31.08182120323181
32.554500102996826
31.97050428390503
33.16476368904114
31.964237928390503
32.71393036842346
32.451438188552856
31.716800928115845
31.819498777389526
32.012078046798706
31.76935863494873
32.06293034553528
32.410553216934204
31.186593055725098
31.51387357711792
33.635048627853394
32.246288776397705
32.077171087265015
31.836432218551636
32.12602138519287
32.16235089302063
32.874895334243774
34.16655683517456
33.29825472831726
32.321067094802856
31.577292442321777
31.860543966293335
32.632553815841675
31.98555016517639
31.722718954086304
31.937036514282227
31.476388216018677
31.689273357391357
33.78308320045471
32.90807580947876
32.01810121536255
32.08731484413147
32.583552837371826
32.41873788833618
32.041807413101196
31.32698106765747
31.803394079208374
31.885075569152832
31.35952138900757
32.01194429397583
31.58581042289734
32.11185574531555
32.107407331466675
32.12621474266052
31.88587212562561
32.462538957595825
32.29261827468872
31.622074842453003
32.66919946670532
32.49082851409912
33.970585107803345
33.943549394607544
32.04757356643677
31.390670776367188
31.794598817825317
31.86067771911621
32.16149353981018
32.075323820114136
31.56418538093567
32.179399490356445
32.72576093673706
33.31085157394409
33.888036251068115
32.11011981964111
32.053216218948364
32.55915975570679
33.10358214378357
32.107264280319214
31.76906681060791
33.09044051170349
34.39606070518494
32.08934926986694
32.566731214523315
32.30390453338623
32.35990023612976
32.15530347824097
33.71555018424988
33.34674549102783
31.958014726638794
31.435790300369263
31.614680290222168
32.49236989021301
32.26694345474243
32.37244534492493
31.855779886245728
32.396289110183716
32.079925775527954
31.885475635528564
31.6920063495636
32.109272480010986
32.12769818305969
31.972331285476685
32.786734104156494
32.883328437805176
32.02385854721069
32.29970932006836
31.68898034095764
31.57627272605896
32.13290309906006
31.629045963287354
31.45040464401245
31.917946100234985
31.724164962768555
32.415234327316284
32.92709517478943
32.003742933273315
32.313889026641846
33.424477100372314
31.577499389648438
32.502697229385376
31.583637714385986
31.70810317993164
31.908173084259033
31.658700227737427
31.921314239501953
33.40257811546326
32.39051914215088
32.17914938926697
32.33837699890137
33.43580102920532
32.32567644119263
32.61837649345398
33.34747290611267
34.801554679870605
32.45509099960327
31.865442276000977
32.3222336769104
33.17696690559387
32.50511693954468
33.08431529998779
33.2885160446167
32.4248948097229
32.0692036151886
32.64406943321228
31.995730876922607
31.560033082962036
32.98876929283142
32.448424100875854
32.3482928276062
31.740169525146484
32.00719404220581
31.417579412460327
31.51702904701233
31.784682512283325
31.690205335617065
32.1689567565918
32.49499273300171
32.17660355567932
32.01489520072937
32.305964946746826
34.42140603065491
32.795982122421265
31.583034992218018
33.46506357192993
33.461835622787476
32.34112858772278
31.443793296813965
32.026203632354736
31.674574851989746
32.024447202682495
31.653374433517456
31.563673973083496
32.01006841659546
31.941457748413086
33.26408529281616
33.12205529212952
32.52988362312317
31.732710361480713
31.49674963951111
31.468055248260498
31.932438373565674
32.562381744384766
31.856170177459717
31.831172227859497
32.00015950202942
32.177088022232056
32.87457585334778
33.04614853858948
32.65152144432068
33.14714574813843
32.90222144126892
32.799583196640015
34.20637321472168
33.88645792007446
32.37271046638489
31.384490728378296
32.0159752368927
31.564945220947266
32.35593032836914
31.36955237388611
31.488727807998657
32.58735275268555
32.68189740180969
34.430323123931885
35.394920110702515
32.09338307380676
31.18847918510437
31.42990756034851
31.57139801979065
33.368417739868164
32.390040159225464
32.05439591407776
32.03895044326782
32.663917541503906
31.806771278381348
32.267783641815186
32.245243549346924
32.14638018608093
31.68648052215576
32.05610656738281
31.76124620437622
32.5462965965271
31.87074303627014
33.39097714424133
31.805554628372192
32.77342867851257
32.27890944480896
32.392842054367065
32.87951636314392
32.544777393341064
32.70362186431885
32.68403744697571
32.71811890602112
31.934770345687866
32.046441078186035
31.650678634643555
31.7625789642334
31.467318773269653
31.802769660949707
31.679628610610962
32.73086214065552
33.03786587715149
32.37290835380554
32.20164656639099
32.282535552978516
32.66719317436218
30.48262882232666
32.11648893356323
33.305522203445435
33.75282597541809
32.75971579551697
33.203213930130005
32.392794609069824
31.82110905647278
32.22016477584839
31.881253719329834
34.23228168487549
33.58482623100281
32.3297483921051
31.751091241836548
31.697590351104736
32.71173548698425
32.1279399394989
32.02675771713257
32.05542826652527
31.469727516174316
32.469056844711304
33.359538316726685
34.95733904838562
32.76345682144165
32.465219497680664
32.44542407989502
32.02596402168274
32.33284068107605
31.80925726890564
31.88432002067566
31.56534767150879
32.64907646179199
32.74437594413757
32.502445936203
32.91507029533386
32.322810649871826
32.322754859924316
31.74743413925171
32.32611918449402
32.71397876739502
33.637465953826904
33.942073583602905
32.10049819946289
31.364867687225342
31.596242666244507
32.19052219390869
31.91845703125
31.732415676116943
32.81432390213013
31.67995023727417
31.939366579055786
31.84714937210083
32.9148964881897
34.03557014465332
33.97836923599243
32.611347675323486
32.34262156486511
31.940024614334106
32.10870361328125
31.300261974334717
31.82050895690918
31.360748529434204
32.50054383277893
32.736459732055664
32.76817202568054
32.21587634086609
31.98044466972351
32.09509015083313
32.22291707992554
31.635510444641113
32.922738552093506
33.486958265304565
33.52440595626831
33.13723111152649
32.02843475341797
31.95049238204956
31.24266767501831
31.580600023269653
31.636114597320557
31.62880563735962
32.24740147590637
31.77987265586853
33.5524320602417
31.644913911819458
32.72550392150879
33.06814622879028
32.18153262138367
32.069287061691284
33.60124182701111
32.36955904960632
32.11075019836426
32.10714244842529
31.4154052734375
32.24557852745056
31.569072484970093
31.463188409805298
31.855425357818604
31.619316816329956
32.56404447555542
33.50638961791992
32.715818881988525
32.79587912559509
33.522560358047485
32.709349632263184
32.117777824401855
33.5675368309021
33.122331619262695
31.82412886619568
32.23129320144653
31.424850463867188
31.456965684890747
32.89915728569031
31.731847286224365
31.706929922103882
32.450096130371094
33.10787343978882
32.74045991897583
32.177101135253906
31.91090750694275
32.05399513244629
32.89801526069641
33.19962668418884
33.257424116134644
33.81845283508301
32.17937898635864
32.15214920043945
31.527201652526855
32.91601848602295
31.520079612731934
32.54686379432678
32.552141427993774
31.530181407928467
31.559003591537476
31.581379413604736
32.616819858551025
32.523072957992554
31.830365896224976
31.817734241485596
31.82918667793274
32.55112814903259
32.86173415184021
31.15053939819336
32.42072415351868
31.89777183532715
32.3635630607605
31.795989513397217
31.72210693359375
31.638176679611206
31.72457718849182
31.985934495925903
32.7453031539917
32.10292983055115
31.88097906112671
31.653793334960938
32.00571155548096
32.29268980026245
31.81931734085083
32.903780460357666
31.451179265975952
31.539355993270874
31.85835552215576
32.00978136062622
32.373597383499146
33.62064051628113
34.028191328048706
33.63801908493042
32.638052225112915
31.490580081939697
31.419689893722534
33.218470096588135
31.425897121429443
31.99934482574463
31.385615348815918
32.5551381111145
31.76386308670044
32.64712166786194
32.73370170593262
32.5123233795166
32.60929250717163
33.494627714157104
32.40523362159729
33.94251608848572
33.15805649757385
33.93845725059509
34.509467363357544
32.06071329116821
31.887579441070557
31.882280588150024
31.593478202819824
31.765155792236328
31.51371669769287
31.587716341018677
31.54231858253479
32.86666464805603
32.44608497619629
33.412506103515625
31.51603126525879
32.7497615814209
33.951245069503784
31.98743486404419
32.30197596549988
32.00654649734497
31.575170516967773
31.675406455993652
32.431055307388306
32.9833300113678
31.523958683013916
31.74675464630127
31.77417802810669
32.10396647453308
32.13711094856262
31.89976930618286
32.01182222366333
32.552157163619995
32.760417461395264
32.05744504928589
32.005348682403564
31.92871403694153
34.39671778678894
33.3458948135376
33.06236410140991
32.57655119895935
33.1177544593811
32.550034284591675
32.618074893951416
32.120293855667114
32.00287318229675
31.387714385986328
32.02152705192566
31.950604677200317
32.090643882751465
32.24034857749939
32.54580235481262
31.995895624160767
31.89764714241028
32.641605377197266
32.1623170375824
32.4643280506134
32.73611068725586
32.569990158081055
32.093530893325806
34.37615466117859
34.05761694908142
32.74550008773804
31.57540774345398
31.345787286758423
31.562662363052368
31.600239992141724
31.712904691696167
31.656798839569092
31.957500219345093
32.308444023132324
32.08806610107422
32.97070622444153
31.469106912612915
32.20233416557312
32.94409251213074
31.85534691810608
33.15810203552246
33.13853311538696
32.45684242248535
32.04153752326965
31.62559223175049
32.91996359825134
33.24143147468567
34.826696157455444
34.12971115112305
32.18334603309631
31.56290292739868
31.57146692276001
32.31389808654785
31.748703002929688
31.862603902816772
32.84602117538452
31.42863178253174
33.19229483604431
32.0554473400116
32.24715232849121
31.762903451919556
32.406848669052124
31.909735918045044
32.19904398918152
32.620485067367554
33.72818326950073
33.17139005661011
32.236427783966064
32.35971689224243
31.792726278305054
31.850346565246582
31.889455556869507
32.21659183502197
32.773200035095215
31.530486822128296
31.770394563674927
33.2382128238678
32.512624740600586
32.0971417427063
31.269907474517822
31.950736045837402
31.279200792312622
32.454033613204956
32.1675591468811
32.661993980407715
32.500279903411865
32.65747308731079
32.73940920829773
31.982185125350952
32.045753479003906
31.78393244743347
31.82142400741577
32.28632068634033
31.76623797416687
31.658772230148315
33.213542461395264
33.54846405982971
33.12743520736694
32.000359535217285
32.033713579177856
33.11545252799988
33.01581335067749
32.05954027175903
34.29507541656494
35.409932136535645
33.74251389503479
33.69693875312805
33.07974314689636
31.679874181747437
31.63557744026184
32.10550570487976
31.45190191268921
33.43715786933899
32.86804008483887
31.731453895568848
32.37801218032837
31.46595072746277
32.64274334907532
32.4504828453064
32.39742636680603
32.054080963134766
32.135817766189575
31.44036293029785
34.00983476638794
34.68473768234253
32.30717968940735
32.87428426742554
31.568603992462158
31.90984058380127
31.5764319896698
31.992018222808838
31.58775043487549
31.479350328445435
31.908429622650146
32.63939309120178
32.458012104034424
32.59538984298706
31.42737054824829
32.32836127281189
32.63147521018982
32.360795974731445
32.77612614631653
33.52012228965759
33.66184973716736
33.78055453300476
33.685508251190186
32.510671854019165
31.49642014503479
31.97631525993347
32.21449041366577
32.45708608627319
32.160855770111084
33.05506896972656
33.58008050918579
33.0271897315979
33.625373125076294
32.395851373672485
32.54734706878662
31.92397141456604
31.85765051841736
32.47313070297241
32.09332299232483
31.409603118896484
31.672446727752686
32.84260892868042
32.03152894973755
31.79879403114319
31.8534152507782
31.313118934631348
31.710992574691772
32.01329445838928
31.822862148284912
31.751012563705444
31.496702909469604
32.27088379859924
32.850178480148315
32.25767207145691
32.51440644264221
32.16186237335205
34.1757276058197
33.751152992248535
33.021955490112305
32.2141854763031
32.53123903274536
31.42431664466858
32.29499793052673
32.03580617904663
31.739234447479248
31.481335163116455
31.60731840133667
31.595000743865967
32.80917811393738
32.18838858604431
32.313413858413696
31.906031608581543
31.989731073379517
32.76116371154785
34.085944175720215
33.05197215080261
34.63239789009094
33.58602285385132
32.24854516983032
32.41630458831787
31.334864139556885
31.815540075302124
31.74009871482849
32.2638099193573
32.04936385154724
31.653241872787476
32.772340297698975
32.737234354019165
31.974122285842896
32.272194147109985
32.30670213699341
31.546211004257202
31.825732231140137
33.03736710548401
35.50613498687744
34.38856625556946
32.2095091342926
31.538722038269043
32.0469491481781
31.8390052318573
32.0045952796936
31.45045566558838
31.787947177886963
31.46923804283142
32.80657196044922
32.78839707374573
33.53083801269531
32.17163610458374
32.11958074569702
31.787880182266235
33.54956030845642
34.856775760650635
32.1916241645813
31.940194368362427
31.837838888168335
31.628445386886597
32.05869221687317
32.78991365432739
31.59050464630127
31.21727991104126
34.03629994392395
31.38599967956543
31.937273502349854
32.81340265274048
33.51853322982788
32.13904070854187
33.95907187461853
33.370723247528076
32.23065781593323
31.33218026161194
32.43377661705017
31.912391424179077
31.685538053512573
31.957608461380005
31.613755702972412
31.913937091827393
31.956361055374146
32.572930574417114
32.71440815925598
32.588911294937134
33.55750489234924
31.919840812683105
34.440723180770874
35.6843695640564
34.03409123420715
34.95649743080139
32.28300762176514
32.06745100021362
32.31710410118103
31.671419143676758
31.801595211029053
32.73982572555542
33.40204858779907
32.21921944618225
31.282701015472412
31.336512804031372
31.912314891815186
31.978168487548828
31.966918230056763
31.72541046142578
31.751644611358643
32.33958435058594
32.34363269805908
32.697913646698
31.41696572303772
32.339470863342285
32.279701709747314
32.48677897453308
33.121615409851074
32.705629110336304
33.211676836013794
33.21163082122803
32.12433195114136
31.72033715248108
32.531545877456665
31.580989360809326
32.248323917388916
32.70381689071655
31.84729027748108
31.429424285888672
32.21347498893738
32.90579915046692
33.367865800857544
32.47175860404968
31.47706627845764
32.918649196624756
32.93765211105347
33.06058859825134
32.66292405128479
33.98653197288513
32.47181248664856
31.87793207168579
31.48659586906433
32.00817894935608
31.791820764541626
32.10896277427673
32.37827205657959
31.774548530578613
34.07749271392822
34.627872705459595
34.26890540122986
33.88764405250549
31.952626705169678
31.71967124938965
32.356435775756836
31.93370532989502
32.045377016067505
32.16180968284607
33.99345803260803
32.996315240859985
32.018373250961304
32.859848499298096
33.97663474082947
33.99518942832947
36.0750777721405
35.718520164489746
33.237329959869385
32.31889748573303
32.61182451248169
32.736456871032715
32.61255431175232
31.678389072418213
33.15233826637268
33.1181640625
32.639410972595215
32.042274713516235
34.013142824172974
33.90775156021118
34.37518548965454
31.549774646759033
32.179168701171875
31.550180673599243
31.618026733398438
32.300973892211914
32.89095091819763
32.83677887916565
31.934027194976807
31.992741346359253
32.51816010475159
31.783074855804443
32.46780610084534
32.17586851119995
34.042423486709595
34.09976553916931
34.29411053657532
32.33490705490112
31.83196234703064
31.691468238830566
31.34403705596924
32.26433300971985
33.34133577346802
32.416361808776855
32.07944297790527
33.680657386779785
32.22505569458008
31.29887819290161
32.011499643325806
31.95597243309021
32.280807971954346
31.899869203567505
32.64306449890137
34.37510061264038
32.36741399765015
31.57445979118347
31.815593242645264
32.18140721321106
31.23695969581604
33.16526508331299
32.79776191711426
32.09634804725647
32.7757351398468
31.630885124206543
31.757500410079956
33.26524496078491
33.64396619796753
31.903069734573364
32.332014322280884
31.78842043876648
32.63622999191284
32.16790533065796
32.07809615135193
33.26745057106018
34.17859435081482
34.36613368988037
33.96564793586731
31.701130867004395
31.52713441848755
32.83252692222595
32.473827600479126
31.87373185157776
32.6840398311615
32.28795385360718
31.84062957763672
33.303879737854004
33.62458539009094
34.4595263004303
31.57147192955017
31.99191164970398
31.699910879135132
31.850696325302124
33.176891803741455
32.15114188194275
31.94477677345276
33.402844190597534
31.58562707901001
33.1711802482605
34.06723380088806
33.9648802280426
31.68823480606079
32.53607130050659
31.54554796218872
31.506741762161255
31.38546872138977
34.20328664779663
33.67435908317566
31.951343059539795
31.91797375679016
32.52552056312561
32.276198863983154
31.311845064163208
33.067781925201416
32.81182146072388
32.66930150985718
32.46289777755737
31.78188157081604
33.49661064147949
35.11334586143494
35.68584203720093
31.951246976852417
32.791812896728516
32.02168369293213
32.627811431884766
31.988673210144043
32.677770376205444
32.56498646736145
32.20280933380127
32.191049337387085
34.91701149940491
32.33552432060242
31.871352672576904
33.15557599067688
31.146648645401
33.05926871299744
32.715667724609375
32.73786640167236
32.60067892074585
33.34918427467346
31.913748025894165
32.260019302368164
32.35652804374695
31.64905023574829
34.40337085723877
33.371421813964844
33.90441036224365
33.328437089920044
31.946337699890137
30.999461889266968
31.251346826553345
35.027018547058105
34.51682639122009
32.35340356826782
31.381357431411743
32.285680294036865
32.40855026245117
32.445759534835815
30.85985565185547
32.232595443725586
32.268311738967896
31.44740343093872
32.057225465774536
33.0739631652832
33.70005941390991
33.90897512435913
34.26790165901184
34.03319263458252
35.03095769882202
32.6390323638916
30.88605570793152
33.645074129104614
33.18153238296509
33.59723711013794
31.645412921905518
31.99165940284729
32.211357831954956
33.841166734695435
32.332573890686035
33.46760058403015
