13.679768800735474
14.398752212524414
13.452889442443848
13.953559398651123
13.622601747512817
13.78130316734314
13.176688432693481
14.107500553131104
13.837778091430664
13.979207038879395
13.289049625396729
13.890220880508423
13.747013092041016
13.571487426757812
13.05570912361145
13.36269760131836
13.449974775314331
13.306396484375
13.511868238449097
14.334733009338379
13.586261510848999
14.105768918991089
15.358456134796143
14.079163789749146
13.283286094665527
13.550091028213501
13.392463207244873
13.436053991317749
14.118888139724731
13.906407594680786
13.707782983779907
14.203547239303589
13.381601810455322
14.020208597183228
14.66161823272705
14.296141147613525
13.671343564987183
13.602956056594849
13.964733362197876
13.716661930084229
13.58617615699768
13.473526239395142
13.738052129745483
13.58090853691101
14.399204969406128
13.916325569152832
13.401657104492188
14.809667825698853
14.915549039840698
15.10942006111145
14.379712343215942
13.580108404159546
14.189738512039185
14.13992953300476
13.929680585861206
13.286824703216553
14.10274362564087
14.145406484603882
12.816623210906982
14.287146091461182
13.777540445327759
15.40852427482605
15.218420505523682
15.129193544387817
14.481807231903076
13.485872507095337
13.674922227859497
13.196627855300903
13.385422706604004
13.516659498214722
14.319398641586304
13.357202053070068
13.635120630264282
13.70938491821289
13.446099281311035
13.463605880737305
12.972835779190063
12.813282489776611
14.195038080215454
13.65027403831482
13.552877187728882
13.525166273117065
13.363799095153809
14.121285200119019
13.395962953567505
13.583951711654663
13.836982488632202
13.894897937774658
13.838311672210693
14.338993310928345
14.242247581481934
13.067044734954834
13.768296718597412
15.141988754272461
14.921978235244751
15.551997423171997
15.728813886642456
14.273564100265503
14.132294178009033
13.652527332305908
13.749382019042969
13.632530212402344
13.66006064414978
13.750957012176514
13.453297138214111
13.703970432281494
13.871383666992188
14.025627851486206
13.960221290588379
14.567694187164307
14.954493284225464
14.800610303878784
14.400357961654663
15.118650913238525
14.059484481811523
13.621590375900269
13.621554851531982
14.097445249557495
14.4541597366333
14.032610177993774
13.669952630996704
14.001985311508179
14.101584911346436
13.725368022918701
14.07694697380066
13.475638151168823
13.732774496078491
13.698081016540527
13.676198482513428
13.864898681640625
13.843030214309692
13.65959906578064
13.939177751541138
14.306618213653564
13.771558046340942
13.754492998123169
13.861219644546509
13.673488140106201
14.288974523544312
14.469889640808105
14.198675394058228
14.422310590744019
14.455442905426025
13.63872241973877
13.50990605354309
13.479560136795044
13.636687755584717
13.475999116897583
14.248203754425049
13.957666873931885
13.394943475723267
13.49221396446228
13.862221717834473
14.379762172698975
13.800365686416626
13.891634702682495
13.140494346618652
13.164251327514648
14.891698122024536
14.10016417503357
14.2713623046875
13.805752992630005
13.64769434928894
13.687729835510254
13.48352336883545
13.475933074951172
13.557942867279053
13.90933108329773
13.436153650283813
13.738524913787842
14.07882308959961
13.824501037597656
14.229700803756714
14.612085819244385
13.672605991363525
13.588965654373169
13.549998044967651
13.548830032348633
13.675443887710571
13.42998719215393
13.733799695968628
14.261575937271118
14.258793115615845
14.039098024368286
13.731036901473999
13.917190074920654
14.032818078994751
13.952813148498535
14.357625007629395
14.66472315788269
14.528131008148193
13.668552160263062
13.450821876525879
13.653027534484863
13.471509218215942
13.497857332229614
13.644907474517822
13.722030639648438
13.438005685806274
14.409316301345825
13.927166223526001
14.06752872467041
13.874871730804443
13.884599208831787
14.191861152648926
13.85889744758606
14.899740934371948
15.005334377288818
14.204856395721436
13.662843942642212
13.426953792572021
13.650820016860962
13.409627914428711
13.810746192932129
13.487181186676025
13.593234300613403
13.54371690750122
13.670350551605225
13.96762728691101
14.007137298583984
13.838114738464355
14.01353669166565
13.84889817237854
13.532428503036499
14.002348899841309
14.793195962905884
14.799445629119873
14.146148920059204
13.582126140594482
13.381013870239258
13.625033140182495
13.54222822189331
13.785507440567017
13.568266153335571
13.588258028030396
13.658397912979126
13.95995283126831
13.800794124603271
13.836989641189575
13.963160037994385
14.615246057510376
14.466657400131226
14.302747011184692
14.322811603546143
15.226489067077637
14.896459579467773
13.540128707885742
13.7946617603302
13.636563777923584
13.478868246078491
13.439250707626343
13.478060245513916
13.643957614898682
13.406923294067383
13.548810005187988
13.604684352874756
13.891165971755981
13.889419078826904
13.96560001373291
14.789629459381104
13.628536224365234
14.088023662567139
14.216240167617798
14.570084571838379
14.856114625930786
13.722440242767334
13.499269247055054
13.527496814727783
13.48686933517456
14.109452724456787
13.90144681930542
13.81053638458252
13.820650577545166
13.710756301879883
13.908825397491455
13.645076751708984
13.75710940361023
13.543367385864258
13.748607873916626
13.558531999588013
13.487016439437866
14.24989938735962
14.063700914382935
14.176650524139404
13.826473236083984
14.163582801818848
14.620391607284546
15.033591032028198
15.306156396865845
15.405905485153198
13.46163272857666
13.512398958206177
13.608886480331421
13.415358066558838
13.583585023880005
13.779111862182617
13.524874210357666
13.565884590148926
13.709322929382324
14.08032774925232
13.651006698608398
14.058182716369629
14.424166679382324
14.097015857696533
13.933003425598145
14.25900936126709
13.855519771575928
14.421272277832031
14.196640253067017
14.78618311882019
13.481216192245483
13.9854736328125
13.433426141738892
13.727678775787354
13.525184154510498
13.541850805282593
13.73351502418518
13.790966749191284
13.745929718017578
13.960143089294434
14.133502721786499
13.973554372787476
14.080514669418335
13.713618278503418
14.305860996246338
14.906181335449219
14.933959007263184
14.745298862457275
14.899534463882446
14.206372261047363
13.660828113555908
13.438983678817749
13.838432550430298
13.497361421585083
13.563449144363403
13.959515571594238
13.831507444381714
14.426360845565796
13.478320837020874
13.54300570487976
13.411550521850586
14.065577268600464
14.841129064559937
14.521399021148682
14.370036125183105
14.487525939941406
13.597417116165161
13.542290449142456
13.554250001907349
13.695631742477417
13.503979444503784
13.587830543518066
13.645050287246704
13.725088834762573
13.942885637283325
13.870529890060425
13.790276288986206
13.812597751617432
14.440526247024536
13.98378610610962
13.493232250213623
13.800977230072021
13.797696113586426
13.721019268035889
13.961112022399902
13.447929859161377
13.875127077102661
13.542115688323975
13.461721181869507
13.565868139266968
13.756868839263916
13.79796552658081
13.971729040145874
13.735967636108398
13.691382646560669
15.08447527885437
13.823302984237671
13.738728284835815
14.50046157836914
14.967236042022705
14.113818407058716
13.669504642486572
13.639304399490356
13.740267276763916
13.510082483291626
13.542331457138062
13.757856369018555
14.043821334838867
13.833785057067871
13.748225212097168
13.764288902282715
14.151643753051758
13.811039447784424
14.467898845672607
13.943776369094849
14.133451461791992
13.928093433380127
14.176687717437744
13.49667239189148
13.697129964828491
13.561520099639893
13.486910343170166
13.523179531097412
13.47822380065918
13.605511665344238
13.559125900268555
13.844171285629272
13.641144514083862
13.610381603240967
13.994246244430542
13.867245197296143
13.957093477249146
14.000823497772217
14.00811219215393
14.02879548072815
13.706072092056274
15.263447761535645
15.243079423904419
13.365602493286133
14.376514911651611
13.934632778167725
13.578873872756958
13.638660192489624
13.793802499771118
13.814917802810669
13.685903310775757
13.6574068069458
13.987542867660522
13.82648253440857
13.778802871704102
13.740148782730103
13.539302587509155
13.761071920394897
15.756035804748535
15.791372537612915
13.502117395401001
14.016087532043457
14.881250619888306
13.494112491607666
13.422378063201904
13.646777391433716
13.653446912765503
13.632200002670288
13.63099479675293
13.718671560287476
13.82467269897461
14.31566309928894
14.085078239440918
13.720458507537842
13.756120443344116
13.813746213912964
13.958592414855957
13.81280517578125
13.66282868385315
13.984522104263306
13.66062307357788
13.414222002029419
13.71464204788208
13.826693058013916
13.594912767410278
13.561885833740234
13.598645687103271
13.595560312271118
13.686812400817871
13.95595908164978
14.150371551513672
13.883309602737427
14.364423513412476
13.485899686813354
13.61624264717102
14.617411136627197
14.435773372650146
13.47218918800354
13.907808303833008
13.497537612915039
13.425065755844116
13.536781549453735
13.485342979431152
13.530102252960205
13.505002737045288
13.395950555801392
13.754589080810547
13.758642673492432
13.852088451385498
13.985197305679321
13.864356279373169
14.270156860351562
14.61433482170105
14.12382698059082
14.479832887649536
14.74625039100647
14.622928619384766
13.58069634437561
13.98662543296814
13.489429712295532
13.409085273742676
13.46977186203003
13.431191682815552
13.921102046966553
13.617403745651245
13.788600444793701
13.745181560516357
13.534209489822388
13.837429761886597
13.685778379440308
13.87696361541748
14.029576778411865
14.131046056747437
13.961763620376587
13.900913953781128
13.835320472717285
14.0944344997406
13.469425916671753
14.071987628936768
13.683014392852783
13.486819982528687
13.537016868591309
13.55569052696228
13.55756425857544
13.570704936981201
13.787838459014893
13.430230140686035
13.653377294540405
13.684734106063843
13.569557189941406
13.482618570327759
14.607009410858154
14.564928770065308
13.542501211166382
13.848670482635498
13.89904236793518
13.862930536270142
13.820962905883789
13.697874307632446
13.737778663635254
13.477911233901978
13.567208051681519
13.838717222213745
13.58879828453064
13.879127264022827
13.957893371582031
13.812718868255615
14.475008487701416
13.69839859008789
13.53542160987854
13.821533441543579
13.948943376541138
15.299173593521118
15.10879635810852
13.477925300598145
13.618074655532837
13.552603006362915
14.000242471694946
13.446305990219116
13.693453311920166
13.654109477996826
13.895975589752197
13.75851821899414
13.697389364242554
14.185810804367065
13.72220492362976
13.929340839385986
14.10721731185913
13.500340223312378
13.62583041191101
14.134743690490723
14.150227069854736
13.483386754989624
13.921705961227417
13.442528486251831
13.700547456741333
13.558197736740112
13.477512836456299
13.900865316390991
13.493700742721558
13.651686906814575
13.623055458068848
14.074675559997559
14.144662380218506
14.11136507987976
13.818457126617432
14.006729125976562
13.437160015106201
14.804710865020752
14.632418394088745
13.944039583206177
14.028567790985107
13.481051683425903
14.010080099105835
13.453036785125732
13.762136936187744
13.66697907447815
13.64237117767334
13.447549819946289
13.462426662445068
13.692267894744873
13.817353248596191
14.078455924987793
14.010451793670654
14.040692806243896
14.228034257888794
13.586158275604248
13.375372886657715
14.259834289550781
14.107875108718872
13.550407886505127
13.99840521812439
13.553162574768066
13.69716739654541
13.727083206176758
13.49101710319519
13.535510063171387
13.621254920959473
13.569992065429688
14.017328023910522
13.959171533584595
14.061598539352417
13.837353944778442
14.355695962905884
14.461902141571045
14.368378162384033
14.532539129257202
14.850104331970215
15.275096416473389
13.455997467041016
13.603536605834961
13.565503120422363
13.69212293624878
13.534712791442871
13.607297420501709
13.757566690444946
13.501883268356323
13.48506784439087
13.640843391418457
13.968750715255737
13.77626085281372
14.006301641464233
14.025631666183472
14.553661823272705
13.91236400604248
14.963950634002686
15.277556896209717
15.537441730499268
13.554074764251709
13.367952346801758
13.653345108032227
13.772058963775635
13.49903154373169
13.580544233322144
13.604437828063965
13.667789459228516
13.622323274612427
13.697228908538818
13.726306915283203
13.64702820777893
14.159136056900024
14.233218908309937
13.728618144989014
14.057926177978516
13.73145341873169
13.502476692199707
13.493351936340332
13.71511435508728
13.578342914581299
13.773022651672363
13.481181859970093
13.854551553726196
13.74788784980774
13.968688249588013
13.890323162078857
14.277143478393555
13.892048835754395
13.908332586288452
13.830986976623535
13.455455780029297
13.252424955368042
13.241832733154297
15.63327670097351
15.10662317276001
13.3968186378479
14.227009773254395
13.344355344772339
13.592788934707642
13.362078428268433
13.35657286643982
14.399179697036743
14.703608274459839
13.684407711029053
13.720229387283325
13.479446411132812
13.414589405059814
13.390644311904907
13.593334674835205
13.624427795410156
13.601752996444702
13.395904541015625
13.719598531723022
13.458765983581543
13.251398086547852
14.271605014801025
14.4198317527771
13.798487186431885
14.086362838745117
13.517276287078857
13.571519613265991
13.585793256759644
13.48931336402893
13.545166015625
13.567293643951416
13.866155862808228
14.16215705871582
13.957884550094604
14.323504209518433
14.329066276550293
13.573079109191895
13.87124490737915
13.752592086791992
13.753600120544434
13.501728773117065
13.566483736038208
13.83026909828186
13.468092679977417
13.460172414779663
13.45884370803833
13.565754890441895
13.599139213562012
13.645333528518677
13.581377506256104
14.449792861938477
14.290638208389282
13.894926309585571
13.824938535690308
15.218949794769287
15.534425735473633
15.537137269973755
13.74639630317688
13.971313238143921
13.631880283355713
13.71261191368103
13.544774770736694
13.78817868232727
13.62971806526184
13.536031484603882
13.470695495605469
13.57132625579834
13.745654821395874
13.811732769012451
14.019048690795898
13.968063831329346
13.961681842803955
14.281818151473999
13.890115022659302
14.066776275634766
14.747456789016724
14.820996284484863
13.548711061477661
13.415940999984741
13.467788934707642
13.62796401977539
13.520452976226807
13.49541449546814
13.571333408355713
13.437973737716675
13.675466060638428
13.68150806427002
13.552540063858032
14.566318035125732
14.5228431224823
13.473254203796387
14.004250049591064
13.602567195892334
13.565349340438843
13.546880006790161
13.566200017929077
14.080816268920898
13.66745114326477
13.920660018920898
13.865040302276611
13.863609313964844
13.651054382324219
13.967519283294678
14.00060749053955
13.951102256774902
13.87453556060791
13.617271661758423
13.724352836608887
13.955485820770264
14.493022680282593
14.602442979812622
13.619983434677124
14.053492069244385
13.663245677947998
13.647849798202515
13.56710171699524
13.409877300262451
13.60666012763977
13.638151168823242
13.517680644989014
13.647018671035767
13.732457399368286
14.20451283454895
14.103908061981201
13.880392789840698
13.801923036575317
14.915009260177612
13.93217420578003
14.599171161651611
14.608888387680054
14.480441808700562
14.20999789237976
13.75411057472229
13.413526058197021
13.629079341888428
13.583812236785889
13.571767807006836
13.473228931427002
13.537323474884033
14.117430448532104
13.601495504379272
14.197896718978882
13.983742475509644
13.77046251296997
14.11561894416809
13.799172639846802
14.238199949264526
14.104426860809326
14.02820086479187
13.646871328353882
13.582880735397339
13.436864614486694
13.492680072784424
13.542792320251465
13.636947870254517
13.720922708511353
13.464025974273682
13.739036560058594
13.98055911064148
14.061792850494385
13.922914028167725
14.036078691482544
14.006331443786621
13.667592287063599
14.078649282455444
14.644926071166992
14.479207992553711
14.286491394042969
13.649487257003784
13.684505939483643
13.382694244384766
13.614392280578613
13.586672067642212
13.524346590042114
13.716179609298706
13.688483953475952
14.091495037078857
13.957173585891724
14.068591117858887
13.872380495071411
14.772673845291138
13.431764841079712
15.710147142410278
15.519980907440186
14.873296022415161
14.92866325378418
13.673155784606934
13.71274995803833
13.90473461151123
13.750563621520996
13.469966888427734
13.632658004760742
13.684832572937012
13.736485481262207
13.64919662475586
14.233256340026855
14.017393350601196
13.970237016677856
14.635099649429321
14.562182188034058
14.39017653465271
13.619840860366821
15.117581129074097
15.121026039123535
14.700440883636475
14.506481885910034
13.71373176574707
13.482656717300415
13.652844190597534
13.788021087646484
13.375655174255371
13.611395120620728
13.843920946121216
13.591522693634033
13.699532508850098
13.800948143005371
13.971995115280151
13.887509107589722
13.959846258163452
14.247575283050537
13.800928354263306
13.428637981414795
13.5095853805542
13.70285964012146
13.843131303787231
13.443824768066406
13.573676586151123
13.399738788604736
13.67535400390625
13.522185802459717
13.466424942016602
13.555932998657227
13.66728949546814
13.401191473007202
13.619065284729004
14.043519735336304
13.996039152145386
13.933469772338867
14.604717254638672
13.857576608657837
13.903098106384277
14.77572751045227
15.195723056793213
13.68566346168518
13.588382959365845
13.470776796340942
13.760693550109863
13.895017623901367
13.644039869308472
13.559337139129639
13.693023204803467
13.842278957366943
14.078165292739868
14.238348960876465
13.844346284866333
14.315320491790771
14.03126049041748
13.700899362564087
13.829597473144531
13.497400045394897
14.194865703582764
14.214726209640503
14.67866063117981
14.610188484191895
13.374745607376099
13.627668142318726
13.399966955184937
13.700663805007935
13.668137073516846
13.998087167739868
13.922639608383179
13.886662006378174
13.601983547210693
13.338198900222778
13.436968803405762
13.484353065490723
13.753882884979248
13.473139762878418
13.61241602897644
13.56336498260498
13.507601022720337
13.72721004486084
13.587440013885498
13.982383966445923
14.038542747497559
13.835311651229858
13.910956144332886
13.354708194732666
13.623522758483887
13.5425546169281
14.356064319610596
14.206436395645142
13.699744701385498
13.633331298828125
13.58875036239624
13.536921739578247
13.412047863006592
13.622022151947021
13.44059705734253
13.530333518981934
13.535784721374512
13.999597549438477
14.002130031585693
14.00997543334961
13.455348491668701
14.456437349319458
14.114574432373047
14.394962787628174
14.017372369766235
13.804696083068848
15.621020078659058
15.383941650390625
13.552642822265625
13.63712477684021
13.432793855667114
13.475397109985352
13.505032062530518
13.757718801498413
13.475389242172241
13.387238025665283
14.411951780319214
13.732197046279907
13.576892375946045
13.943000316619873
13.74782133102417
14.047086477279663
13.81842827796936
14.008046627044678
14.623958349227905
14.79605746269226
15.268136024475098
15.277307510375977
13.462367296218872
13.761608839035034
13.642131328582764
13.687154769897461
13.597039461135864
13.476176977157593
13.477628469467163
13.505280256271362
13.42666506767273
13.691255807876587
13.702829122543335
14.050124883651733
13.80463719367981
13.79369592666626
13.566651821136475
14.071981191635132
13.984312295913696
14.602010011672974
14.136857509613037
13.663061380386353
13.51224684715271
13.545021295547485
13.534991979598999
13.713079929351807
13.645228147506714
13.442285299301147
13.554078340530396
13.427752017974854
13.821782112121582
13.801977396011353
13.90861964225769
13.944852828979492
13.759226322174072
14.145674705505371
13.906785011291504
14.602069854736328
14.760677576065063
14.51541805267334
14.733741760253906
13.521803855895996
13.644733428955078
13.760471105575562
13.635167121887207
13.651758909225464
13.495102405548096
13.923153162002563
13.69728708267212
13.3876633644104
14.464681148529053
13.871403694152832
13.990061044692993
13.709814071655273
13.825572967529297
13.89452600479126
14.193768978118896
13.621119737625122
13.683085918426514
14.215319156646729
14.42383360862732
14.168411016464233
13.699769973754883
13.717961549758911
13.842024803161621
14.24034857749939
14.04594612121582
13.477051258087158
14.025723934173584
13.499191999435425
13.408422946929932
13.683149814605713
13.81849718093872
13.853684902191162
13.876512050628662
13.84147310256958
13.97368597984314
14.813322305679321
14.824695110321045
15.11173963546753
15.648774147033691
13.58645749092102
13.536706447601318
13.44388484954834
13.506429433822632
13.408977746963501
13.791240215301514
13.79558253288269
14.091350555419922
14.16683840751648
13.946786165237427
14.164342880249023
15.020722150802612
14.848758935928345
14.784135818481445
15.14382266998291
13.544953346252441
13.545408248901367
13.406302690505981
13.453192472457886
13.745756149291992
13.81473684310913
14.23235559463501
14.356148958206177
13.875093221664429
14.373910427093506
13.92845892906189
13.845067262649536
14.631308555603027
14.577872037887573
13.462351322174072
13.520702838897705
13.759453058242798
14.114484786987305
13.761049032211304
13.849678039550781
13.748688220977783
14.062416076660156
13.825419664382935
14.204047679901123
14.750702857971191
14.766175270080566
15.221863985061646
13.543030500411987
13.387019872665405
14.197015047073364
14.05807614326477
13.952404260635376
13.688929080963135
13.52146315574646
13.848627805709839
13.638304710388184
13.620249032974243
15.007656812667847
15.041716814041138
13.588252544403076
14.387717962265015
14.118773221969604
13.544418096542358
15.340822219848633
15.139712810516357
15.442505598068237
13.570427656173706
14.16226577758789
14.726467370986938
14.543732404708862
14.951451301574707
15.197767734527588
13.927220582962036
13.593717336654663
14.817762851715088
14.464123964309692
15.696989059448242
13.743212461471558
14.236790180206299
14.79712438583374
14.29665207862854
14.310049057006836
15.665307760238647
14.198562622070312
14.024925470352173
14.93704867362976
14.947221279144287
14.975448846817017
14.967164993286133
13.458033323287964
14.396315574645996
15.415375709533691
15.461689472198486
13.897881746292114
13.8518385887146
14.116324663162231
14.698252201080322
14.651461839675903
14.656652212142944
14.276868343353271
14.329440355300903
14.663448333740234
13.531763076782227
13.689980745315552
13.770361185073853
13.649243116378784
14.556373357772827
14.610079526901245
13.924111127853394
14.015639305114746
15.01826000213623
13.947399377822876
13.723172426223755
14.594850063323975
14.036844253540039
14.267109155654907
14.895944118499756
14.271398067474365
13.995370864868164
14.083632707595825
14.093091487884521
15.52473521232605
