3.042293071746826
3.106752872467041
3.2324578762054443
3.3687479496002197
3.513787031173706
4.337165117263794
4.346457004547119
4.384507179260254
5.680783033370972
3.6282479763031006
4.122009038925171
3.7649388313293457
3.211611032485962
5.373342990875244
2.83363676071167
3.7491037845611572
3.0136446952819824
4.258936643600464
2.892237901687622
4.20325493812561
3.3494272232055664
3.4124538898468018
4.6841559410095215
2.738129138946533
5.595217943191528
3.5816550254821777
3.1344220638275146
2.745136022567749
3.564042091369629
7.93051815032959
5.717456102371216
3.0846328735351562
3.3597018718719482
10.261740922927856
2.6187191009521484
6.78504204750061
3.1747477054595947
5.313799142837524
3.385895013809204
3.4998230934143066
7.507313013076782
2.791166067123413
3.9941887855529785
3.1365840435028076
2.9132869243621826
2.92226505279541
3.833146095275879
3.3458151817321777
3.5388951301574707
2.8998711109161377
4.1313416957855225
5.370592832565308
3.5437259674072266
3.8845770359039307
3.0912506580352783
3.3473849296569824
6.589221954345703
3.6451480388641357
2.6661360263824463
3.4992001056671143
3.1258389949798584
2.833721160888672
3.07462215423584
3.8443050384521484
3.016087055206299
2.999098062515259
3.8944287300109863
8.83257508277893
3.096954107284546
2.9874320030212402
4.124361038208008
2.84411883354187
3.054054021835327
3.0167629718780518
3.845777988433838
3.583773136138916
6.760845899581909
4.225619316101074
4.421595096588135
4.58643102645874
3.531919002532959
3.0234148502349854
2.9611148834228516
3.5762979984283447
4.208423852920532
3.0009188652038574
3.1134960651397705
3.4586260318756104
4.571356773376465
3.5100901126861572
2.7382960319519043
4.695521831512451
6.9530370235443115
3.868856906890869
6.068347692489624
3.1131069660186768
3.238776922225952
5.39182710647583
2.573513984680176
4.019252061843872
3.1516940593719482
3.183187961578369
3.5767550468444824
2.8106651306152344
3.8027210235595703
2.70816707611084
2.9931440353393555
4.418461084365845
3.0724830627441406
3.799636125564575
2.596346616744995
3.467869997024536
3.282589912414551
3.7402548789978027
3.456937074661255
2.8460898399353027
3.9581820964813232
3.1109910011291504
5.029746055603027
3.2368099689483643
2.937685012817383
4.945946931838989
3.04268217086792
2.817615032196045
3.119826078414917
3.5926289558410645
3.2545299530029297
2.8515408039093018
3.940969944000244
3.202807903289795
3.086697816848755
7.319514989852905
3.254625082015991
5.09053897857666
2.842172861099243
4.57448673248291
2.869555950164795
5.210788011550903
3.2368991374969482
5.41609001159668
3.2594428062438965
6.291347026824951
3.174126148223877
4.47814679145813
3.160352945327759
3.533447027206421
3.802751064300537
3.671295166015625
3.2884681224823
2.7330679893493652
10.037221193313599
3.1176419258117676
2.8064839839935303
5.271539211273193
2.7206168174743652
3.200496196746826
3.2162580490112305
3.7876830101013184
2.87450909614563
3.5395348072052
3.493826150894165
4.460769891738892
4.604903936386108
4.543621063232422
4.006284952163696
3.7345728874206543
9.185441970825195
4.5376057624816895
4.448577165603638
3.551331043243408
3.4107542037963867
10.235813856124878
2.6763999462127686
5.2431800365448
2.8442270755767822
2.845855951309204
3.3086531162261963
4.326074123382568
3.8532299995422363
3.6751492023468018
4.648513078689575
3.5323519706726074
3.926197052001953
3.3942017555236816
3.0006141662597656
5.670805931091309
4.288801908493042
6.597262859344482
3.380279064178467
2.9250049591064453
3.1037800312042236
3.2590200901031494
4.009922027587891
3.0675439834594727
3.7588820457458496
3.250922918319702
4.731964826583862
3.034884214401245
3.8419439792633057
3.6075639724731445
4.715519189834595
2.800679922103882
3.28464412689209
3.11312198638916
3.186218023300171
3.4019739627838135
3.8362278938293457
3.4024951457977295
3.4670321941375732
3.3789429664611816
4.10601806640625
3.1479389667510986
3.531102180480957
3.1229541301727295
2.9121510982513428
3.0637640953063965
3.0402162075042725
5.05866813659668
3.2888100147247314
4.970035076141357
2.7654380798339844
3.444566011428833
3.3905742168426514
3.2496190071105957
3.3277578353881836
2.7824361324310303
3.1473500728607178
3.8468379974365234
4.279871940612793
2.7569100856781006
3.276214122772217
4.071010112762451
4.154479026794434
3.6363730430603027
2.9737751483917236
3.242037057876587
2.9188930988311768
3.5186100006103516
2.7026209831237793
4.06427788734436
3.227900981903076
2.943732976913452
3.0005130767822266
4.298529148101807
3.509960174560547
3.7949979305267334
3.039246082305908
4.035821199417114
3.220261812210083
3.491295099258423
3.493557929992676
3.6281540393829346
3.4811501502990723
3.818528890609741
5.8966169357299805
7.0186707973480225
3.2180819511413574
4.008668899536133
3.47528076171875
4.069273948669434
3.0617260932922363
3.514679193496704
3.490886926651001
3.225454807281494
3.6427500247955322
4.651987075805664
3.0863139629364014
11.197593927383423
3.015437126159668
3.0967280864715576
3.154797077178955
3.054504871368408
3.486392021179199
3.3814618587493896
5.794996738433838
2.814763069152832
3.5573391914367676
4.485438108444214
3.1089518070220947
2.9949707984924316
2.713894844055176
3.397844076156616
5.182884931564331
3.230807065963745
3.4236021041870117
4.680891036987305
4.059214115142822
3.3492369651794434
3.4746339321136475
6.472754955291748
2.9828450679779053
3.321333885192871
4.613178730010986
3.6829469203948975
3.492427110671997
3.213418960571289
3.571098804473877
2.8240606784820557
2.971745014190674
4.132224798202515
3.464453935623169
3.1853771209716797
5.668811798095703
2.8623459339141846
4.923022985458374
2.671555995941162
3.5841240882873535
2.738748788833618
3.1433680057525635
3.1696341037750244
3.1309568881988525
3.571272850036621
3.870048999786377
3.177908182144165
3.105559825897217
6.510293960571289
3.6262598037719727
2.772454023361206
3.020231008529663
3.22403621673584
4.243729114532471
3.60992693901062
3.3475210666656494
3.3654820919036865
4.46294379234314
5.970357179641724
3.174661874771118
2.988373041152954
3.04024600982666
3.078279972076416
7.0298449993133545
3.146595001220703
3.3320348262786865
3.002326011657715
3.1730899810791016
3.247896194458008
4.668487787246704
3.085876226425171
3.47896409034729
3.1033852100372314
7.940591812133789
3.1842637062072754
6.141127109527588
4.221426963806152
3.0662038326263428
2.6987380981445312
4.909182071685791
3.027208089828491
4.357084035873413
5.806223154067993
3.5654890537261963
3.371224880218506
3.444226026535034
2.8494760990142822
4.13785195350647
3.2206871509552
2.8298721313476562
3.08339786529541
2.8425517082214355
3.1306567192077637
2.7912702560424805
3.172362804412842
3.0901830196380615
3.4439380168914795
3.0786938667297363
4.3153181076049805
2.81086802482605
4.27856707572937
3.8316688537597656
3.239516019821167
3.1510908603668213
4.271443128585815
3.00927996635437
3.4937758445739746
3.832331895828247
2.813081979751587
2.9530956745147705
3.3301401138305664
3.6790008544921875
4.401654958724976
3.1988768577575684
3.4480440616607666
4.556617975234985
2.912493944168091
5.101850986480713
4.384119033813477
3.238546133041382
3.0520241260528564
5.291171073913574
4.33387303352356
3.6573920249938965
3.066875696182251
4.213505744934082
3.5177040100097656
3.4622581005096436
3.458688974380493
8.298954963684082
3.7294726371765137
3.1729660034179688
2.7703890800476074
3.617248773574829
3.877472162246704
2.622349739074707
3.5485081672668457
3.185375690460205
2.627391815185547
4.086266994476318
4.2017741203308105
3.2248170375823975
5.607935905456543
4.420001029968262
2.89689302444458
3.039860963821411
3.0335166454315186
3.09502911567688
3.093275785446167
3.5210840702056885
4.684162139892578
5.615660667419434
3.7279229164123535
3.001800775527954
4.116980075836182
4.5191380977630615
3.4579339027404785
2.7337570190429688
2.9068729877471924
3.6111931800842285
3.491117000579834
12.83470106124878
3.8351240158081055
2.9741339683532715
4.05028510093689
3.2771098613739014
3.5277180671691895
3.4041600227355957
2.6515066623687744
5.112199068069458
3.582456111907959
3.3263349533081055
5.8688108921051025
3.1029927730560303
3.3192570209503174
4.604904890060425
3.4741568565368652
4.62021803855896
4.6410369873046875
4.699639081954956
4.136559009552002
7.54134202003479
4.633523225784302
4.678059101104736
2.9617717266082764
2.697782039642334
3.146372079849243
3.1952240467071533
3.158282995223999
2.9379971027374268
5.2251598834991455
5.024612903594971
3.15677809715271
3.194077968597412
4.069291114807129
4.980777025222778
3.3989620208740234
2.993010997772217
3.1006669998168945
2.8297438621520996
3.0971951484680176
3.3937771320343018
4.892683029174805
9.316227912902832
4.111506938934326
3.1973578929901123
3.6225078105926514
4.234104871749878
5.103682994842529
2.950906991958618
2.8894951343536377
4.505434036254883
4.429086208343506
2.965480089187622
3.394650936126709
3.420668840408325
4.781012296676636
3.0272951126098633
5.171090126037598
3.0166690349578857
2.6598498821258545
3.9160218238830566
4.845489978790283
5.3748087882995605
4.194147825241089
3.165801763534546
2.7999088764190674
3.7280447483062744
2.730496883392334
3.1565730571746826
2.924844980239868
3.2808737754821777
3.1202809810638428
2.8533360958099365
3.670729875564575
3.5592119693756104
4.144611835479736
3.150624990463257
5.789374113082886
5.080092906951904
2.879281997680664
3.29236102104187
5.885665655136108
6.532527685165405
3.1054248809814453
3.188814878463745
3.2572476863861084
2.777992010116577
3.4388840198516846
4.139143943786621
2.8112380504608154
3.103640079498291
3.1540820598602295
3.8415141105651855
3.2418699264526367
4.2317259311676025
3.2524807453155518
3.941392183303833
3.077392101287842
4.900967836380005
9.434242010116577
3.3803300857543945
3.5705599784851074
2.6986191272735596
3.8981380462646484
3.239671230316162
3.060163974761963
2.937458038330078
3.3011679649353027
3.1569252014160156
3.2644128799438477
4.282166004180908
3.045050859451294
4.501950025558472
3.05502986907959
3.161158800125122
5.751266002655029
3.334995985031128
3.4444851875305176
2.919975757598877
7.841279029846191
4.697618007659912
3.316586971282959
3.3897318840026855
3.114595890045166
3.9233078956604004
3.225533962249756
3.10674786567688
3.9756171703338623
4.441206216812134
2.9708237648010254
4.979490041732788
4.308555841445923
3.1175479888916016
7.8771820068359375
2.840380907058716
3.4133808612823486
6.041893005371094
2.8944199085235596
2.96359920501709
5.837592601776123
3.270907163619995
3.1291561126708984
3.6653661727905273
7.020626783370972
4.0518670082092285
2.9752631187438965
2.883195161819458
3.858552932739258
5.266663074493408
3.437329053878784
3.9015157222747803
3.483905076980591
5.107059955596924
4.36368203163147
2.9670112133026123
4.3014280796051025
3.2691078186035156
2.9042842388153076
3.0592641830444336
3.034878969192505
5.191127061843872
3.182384967803955
3.5709240436553955
8.169260025024414
6.718255996704102
3.5781028270721436
2.8772618770599365
3.2005531787872314
3.6937239170074463
2.9137961864471436
3.1963422298431396
3.3136000633239746
4.594525098800659
6.021228075027466
3.660099983215332
3.1715071201324463
3.946990966796875
8.014571905136108
3.1095211505889893
3.7600769996643066
2.931960105895996
3.1502809524536133
2.930567979812622
3.232050895690918
2.973191022872925
3.123490810394287
2.977881908416748
2.891680955886841
3.3951239585876465
3.0944061279296875
2.920764923095703
2.749018907546997
4.44183611869812
5.73304009437561
3.364086151123047
4.171982765197754
2.9816410541534424
3.003891944885254
3.3019180297851562
2.7136268615722656
3.032810926437378
2.9598641395568848
3.7311811447143555
3.8127899169921875
3.202526092529297
5.769399881362915
4.626208305358887
3.0205399990081787
4.133078098297119
3.1598141193389893
2.922820806503296
3.4463911056518555
2.829447031021118
3.365622043609619
3.6199839115142822
4.722645044326782
3.0466320514678955
4.437156915664673
2.9113781452178955
3.0793020725250244
2.8145499229431152
3.3328351974487305
3.057833671569824
4.4360880851745605
3.2522170543670654
2.7378487586975098
3.0705020427703857
5.177691221237183
4.496114253997803
3.495358943939209
3.357269048690796
7.317610025405884
3.6935369968414307
2.7679290771484375
3.2914600372314453
4.504778146743774
2.6453208923339844
2.9407289028167725
3.055047035217285
2.9302029609680176
3.1744210720062256
2.7027671337127686
3.643486976623535
3.4569289684295654
7.56749701499939
2.844956159591675
3.18634295463562
3.7940690517425537
2.895700693130493
10.262012958526611
4.150028228759766
2.9475860595703125
4.018903970718384
3.0421199798583984
4.86282205581665
3.1401419639587402
11.843796968460083
4.619354963302612
3.332371950149536
4.302034139633179
3.4783618450164795
3.40097713470459
3.883570909500122
3.4898719787597656
3.4861950874328613
4.0433971881866455
3.0142998695373535
4.749935865402222
2.981039047241211
3.0712320804595947
3.1497950553894043
2.8797950744628906
3.52775502204895
2.741345167160034
3.1022090911865234
3.6983799934387207
4.133317232131958
3.737902879714966
4.494588136672974
3.178652048110962
2.5867159366607666
3.9187841415405273
2.68013596534729
3.15407395362854
2.841931104660034
4.65568208694458
2.7075250148773193
3.0822079181671143
3.4475390911102295
3.9226388931274414
3.0031940937042236
2.992481231689453
3.567080020904541
5.80834698677063
2.8280608654022217
2.5103609561920166
3.1412739753723145
2.781619071960449
5.799046993255615
3.4973416328430176
2.922680139541626
3.0699081420898438
3.3080379962921143
3.464613914489746
3.5614449977874756
3.9444169998168945
2.857342004776001
4.721406936645508
3.151297092437744
3.4710819721221924
5.560030221939087
4.9786388874053955
13.269352197647095
3.202314853668213
3.1672630310058594
2.955962896347046
3.0694479942321777
2.8708949089050293
3.9999167919158936
3.2623510360717773
2.843229055404663
2.986154079437256
2.685809850692749
2.856995105743408
2.9419448375701904
2.9876790046691895
3.5350208282470703
5.866827011108398
4.220787048339844
4.757580041885376
5.051182985305786
2.947050094604492
3.611497640609741
3.1647140979766846
4.314986944198608
3.036000967025757
9.29286813735962
3.619410991668701
2.9365386962890625
3.4281930923461914
5.3888890743255615
3.3024559020996094
2.946437120437622
3.540454864501953
3.4835870265960693
9.808986902236938
3.3501782417297363
2.9951860904693604
3.640498161315918
3.7917001247406006
4.369083881378174
3.074550151824951
2.8523359298706055
3.4806909561157227
2.74983811378479
2.989802122116089
2.9418070316314697
3.8497650623321533
3.033468008041382
11.603257894515991
3.0814599990844727
3.2950377464294434
2.664713144302368
2.8501291275024414
3.0781619548797607
4.4853551387786865
3.87939190864563
3.106947898864746
4.7549638748168945
2.824183940887451
5.233741998672485
2.9684531688690186
3.0370941162109375
3.612318992614746
3.4434430599212646
2.9231059551239014
3.747138023376465
3.2788431644439697
3.177785873413086
5.2896411418914795
3.2035181522369385
3.755279779434204
4.283716917037964
4.71719217300415
3.2650561332702637
3.1681931018829346
2.863126039505005
3.4914300441741943
2.7336599826812744
6.1965250968933105
4.153613090515137
3.063201904296875
3.326732873916626
3.024282932281494
3.2470309734344482
4.048712730407715
3.3363752365112305
5.029383182525635
3.0886499881744385
4.222179889678955
2.9767279624938965
3.554353952407837
3.164128065109253
3.9369800090789795
4.335572004318237
3.292790174484253
4.85523796081543
2.592505931854248
3.03873610496521
4.908131837844849
3.184769868850708
2.8812179565429688
2.8845388889312744
2.9811248779296875
3.207427978515625
2.9335670471191406
5.566106081008911
4.5562450885772705
6.8701698780059814
3.752639055252075
4.3180930614471436
2.8478357791900635
3.0660130977630615
3.705051898956299
3.24849009513855
3.5364019870758057
3.3129208087921143
4.977115869522095
4.357919216156006
3.5764331817626953
3.8988637924194336
4.419259071350098
3.882957935333252
3.965970993041992
5.790472984313965
2.747220039367676
3.7341370582580566
3.0011470317840576
3.168916940689087
3.3024940490722656
2.869990825653076
3.011634111404419
3.839495897293091
2.7224910259246826
4.475372791290283
11.340319871902466
3.5041680335998535
4.800333023071289
5.222573280334473
4.087929725646973
2.881361961364746
3.4749319553375244
3.1404640674591064
3.521623134613037
3.128528118133545
3.521120071411133
2.900974988937378
3.089787721633911
2.8509058952331543
4.474399089813232
2.659073829650879
2.999675750732422
3.1752560138702393
2.8724448680877686
3.354038953781128
3.7825090885162354
3.7562148571014404
2.760174036026001
6.5848400592803955
3.098223924636841
2.8598597049713135
4.726216077804565
5.205493927001953
3.7046830654144287
5.309686183929443
3.1721208095550537
2.7850000858306885
3.1285011768341064
3.1119019985198975
2.9294421672821045
3.0251400470733643
3.6560769081115723
6.356700897216797
3.0670621395111084
3.303868055343628
3.7535531520843506
2.8869378566741943
3.5884530544281006
3.014180898666382
2.580220937728882
3.3774070739746094
2.8121190071105957
3.127872943878174
3.002309799194336
3.077178955078125
3.786355972290039
2.9601030349731445
5.586097002029419
2.5950520038604736
3.0177576541900635
3.143449068069458
3.529865026473999
4.702588081359863
3.041534900665283
2.9379940032958984
4.878822088241577
3.4776291847229004
3.914267063140869
2.91084361076355
3.2416930198669434
2.8374390602111816
3.4119460582733154
3.1923668384552
3.8743810653686523
3.2425570487976074
3.0255579948425293
3.7867062091827393
4.515710115432739
2.9716479778289795
3.10492205619812
4.48433780670166
3.308159112930298
3.2995989322662354
4.362934827804565
4.148932695388794
3.9018521308898926
2.8800411224365234
3.310309886932373
5.682416200637817
3.6806299686431885
4.055785179138184
2.992082118988037
4.334972143173218
4.38427996635437
3.264700174331665
7.913945913314819
3.23994517326355
3.2688558101654053
3.7745399475097656
3.039663076400757
3.1855249404907227
3.430474042892456
3.6860570907592773
3.5360920429229736
3.108074903488159
3.3240578174591064
3.7944529056549072
3.3511428833007812
2.845324993133545
3.0348260402679443
3.1654751300811768
7.0671608448028564
3.5258970260620117
4.233515977859497
3.1968202590942383
2.6795079708099365
2.9081711769104004
10.513663053512573
3.676384210586548
2.850775957107544
4.1675639152526855
2.988319158554077
4.1143858432769775
3.3839402198791504
3.0922610759735107
3.1782310009002686
5.165402173995972
3.821204900741577
6.624161005020142
4.542374849319458
3.216233015060425
2.712204933166504
3.013456106185913
3.316071033477783
4.3093931674957275
3.934058904647827
2.9390969276428223
3.1847739219665527
2.9888103008270264
6.625988960266113
3.1352028846740723
2.707406997680664
3.5433449745178223
3.097872018814087
3.3476760387420654
2.6757757663726807
4.483080863952637
3.2457399368286133
3.056375741958618
3.256736993789673
3.233556032180786
4.131911993026733
3.950775146484375
3.7881879806518555
4.706707000732422
4.581892967224121
3.1013200283050537
3.0219876766204834
3.0472068786621094
4.571900844573975
3.0397448539733887
2.9503517150878906
2.6728410720825195
3.4344658851623535
2.945482015609741
3.2598748207092285
4.385134935379028
3.267688035964966
5.861047029495239
3.0657429695129395
3.1428380012512207
4.347423076629639
6.119818925857544
3.916146993637085
3.5751471519470215
2.8294129371643066
10.011269092559814
3.4043219089508057
4.441277027130127
3.576045036315918
3.4989030361175537
3.1278300285339355
2.806894063949585
3.033799171447754
3.4745969772338867
5.020984172821045
2.9011659622192383
3.63507080078125
2.6019370555877686
3.7085511684417725
3.548758029937744
2.987791061401367
3.5030617713928223
3.08174204826355
3.165153980255127
3.3044917583465576
5.491953134536743
2.7620089054107666
3.0331478118896484
3.3671209812164307
3.2596590518951416
3.5577139854431152
3.3655812740325928
3.2898268699645996
3.086310863494873
6.1457839012146
4.011662006378174
3.067561149597168
3.124101161956787
3.24507999420166
2.7413299083709717
4.818367004394531
3.3380889892578125
3.352644920349121
3.5052380561828613
3.3545150756835938
2.909316062927246
2.7490310668945312
3.1599159240722656
4.261592149734497
5.91503119468689
2.9833528995513916
3.393641233444214
2.659726142883301
5.06191873550415
13.302667140960693
2.9783401489257812
3.2712719440460205
4.9169299602508545
2.8848750591278076
3.3629140853881836
2.9248850345611572
2.9835190773010254
3.143188953399658
3.0079798698425293
3.434612989425659
2.65109920501709
5.011884927749634
2.737204074859619
3.1167430877685547
2.9618279933929443
5.08233904838562
4.884468078613281
3.3487911224365234
3.3595521450042725
2.5857906341552734
3.1581218242645264
2.835655927658081
4.924026966094971
4.1037681102752686
3.399324893951416
3.9660909175872803
4.807851076126099
3.7772960662841797
3.247277021408081
5.42286491394043
3.5094709396362305
2.6938490867614746
4.3763182163238525
5.81339693069458
4.298140048980713
2.7461531162261963
3.522819995880127
2.7811501026153564
2.873089075088501
5.185294151306152
3.3095879554748535
3.985038995742798
3.9321129322052
3.328183889389038
3.241302967071533
6.690376043319702
3.187777042388916
2.971100091934204
4.745577096939087
5.2622809410095215
3.1629960536956787
2.9786839485168457
3.2918670177459717
4.980173110961914
2.9372920989990234
3.0544939041137695
2.571042060852051
3.6617889404296875
9.739784717559814
3.011363983154297
3.649587869644165
3.789072036743164
3.1103200912475586
2.8765320777893066
3.0303590297698975
2.9771568775177
3.217268943786621
3.4122579097747803
3.9134180545806885
3.567305088043213
2.7036690711975098
5.096227169036865
3.8069570064544678
2.727109909057617
3.4966070652008057
2.955552101135254
2.969896078109741
3.069256067276001
3.0879979133605957
3.031965732574463
2.869757890701294
2.9703280925750732
3.066013813018799
3.4243650436401367
4.342063903808594
3.392850875854492
4.903820037841797
2.881399631500244
3.279676675796509
3.4485108852386475
3.1701319217681885
5.486430883407593
3.9172279834747314
2.842207908630371
3.6852262020111084
3.299729108810425
3.369603157043457
3.5127458572387695
3.942681074142456
3.699871063232422
3.314100980758667
4.418371915817261
3.84665584564209
2.7497730255126953
3.6485040187835693
3.0655648708343506
3.1292150020599365
4.607776165008545
3.028085231781006
5.5628650188446045
3.001194953918457
3.341214895248413
3.807438850402832
3.7254748344421387
4.38132119178772
6.6115639209747314
3.7967140674591064
4.054296016693115
3.03723406791687
3.260338068008423
2.812282085418701
3.4196040630340576
3.426429033279419
3.3096609115600586
3.427475929260254
4.259437799453735
2.937779188156128
3.1541831493377686
3.559518814086914
3.1317780017852783
2.941068172454834
3.078519105911255
2.9571659564971924
3.0425949096679688
3.52144718170166
7.832920074462891
6.302781105041504
3.4848830699920654
3.2318527698516846
2.5564141273498535
2.8460147380828857
2.905021905899048
4.251195907592773
3.448329210281372
2.750166893005371
2.8517470359802246
2.8713109493255615
4.317157745361328
3.257443904876709
3.276582956314087
4.599789142608643
3.1915669441223145
5.090991973876953
5.205773830413818
7.095853090286255
5.852076053619385
3.0762009620666504
3.857936143875122
2.7169458866119385
3.7491261959075928
3.5159060955047607
3.0768990516662598
3.0008509159088135
3.385590076446533
4.081735849380493
6.006227731704712
5.309960842132568
2.8049497604370117
13.610957145690918
3.184195041656494
3.220649003982544
3.412006139755249
2.882859230041504
2.808271884918213
3.341262102127075
3.9818336963653564
3.510266065597534
3.402813196182251
5.485736131668091
2.816190719604492
3.5167150497436523
3.19547700881958
3.5753531455993652
3.0594701766967773
3.5467770099639893
2.8863399028778076
9.163748979568481
8.056144952774048
3.0818941593170166
3.475250005722046
3.766324996948242
3.5750930309295654
3.174494981765747
3.919557809829712
2.8660616874694824
3.0563368797302246
3.0042061805725098
2.6302711963653564
2.605134963989258
3.825345993041992
3.447390079498291
3.208305835723877
6.371463060379028
3.334738254547119
4.344145774841309
3.7463138103485107
2.830442190170288
3.085662841796875
4.328510046005249
2.731920003890991
3.1448328495025635
2.836312770843506
3.091454029083252
3.3148889541625977
2.7275748252868652
3.69848895072937
3.349431037902832
3.1059718132019043
3.5361499786376953
2.7634291648864746
3.5139219760894775
3.7745048999786377
3.1974551677703857
3.8126108646392822
3.31584095954895
3.2466540336608887
4.037383079528809
3.1156628131866455
11.686676025390625
2.974921941757202
3.243866205215454
2.754465103149414
2.6968958377838135
3.3487610816955566
4.125986099243164
11.972976922988892
2.741974115371704
3.4385669231414795
2.907670021057129
5.070332050323486
3.135631799697876
3.9200730323791504
3.062688112258911
3.198485851287842
3.343815803527832
5.195118188858032
3.4241702556610107
3.488474130630493
4.7106921672821045
2.7583439350128174
3.151540994644165
4.910962104797363
3.1655209064483643
3.586215019226074
3.086958169937134
3.8745999336242676
3.3451919555664062
3.3303208351135254
3.7631258964538574
3.9340531826019287
3.8932201862335205
2.8820900917053223
3.876897096633911
6.673120975494385
3.09053897857666
5.877792119979858
3.1096909046173096
3.001171112060547
5.850856065750122
2.920711040496826
11.877384901046753
3.626401901245117
3.202322006225586
3.048346996307373
4.516388177871704
3.6235721111297607
2.994178056716919
3.719654083251953
3.1068270206451416
4.021009683609009
2.914642810821533
2.9329957962036133
4.8820929527282715
4.831114768981934
3.708264112472534
3.059652090072632
2.801624059677124
3.497769832611084
5.527600049972534
5.253889083862305
5.8155951499938965
2.5254406929016113
4.008391857147217
3.620763063430786
2.967479944229126
3.1224770545959473
3.760283946990967
6.432331085205078
2.8357629776000977
2.9174439907073975
3.773108959197998
3.2315330505371094
3.4046051502227783
3.609821081161499
3.508638858795166
2.833350896835327
6.83909010887146
3.289850950241089
7.847185134887695
9.05307912826538
3.2142298221588135
7.968777894973755
3.470709800720215
5.131606101989746
8.408700942993164
3.9420571327209473
4.320894002914429
2.9644079208374023
4.80502986907959
2.941433906555176
3.584306001663208
3.311777114868164
3.2850048542022705
3.416696071624756
3.1712241172790527
3.2723770141601562
3.740063190460205
3.6960678100585938
5.760650157928467
2.920927047729492
3.006643056869507
2.7805371284484863
3.634413957595825
3.1927127838134766
2.801466941833496
2.6866559982299805
3.202317953109741
3.195124864578247
3.1916229724884033
2.8601529598236084
3.539621114730835
4.494524955749512
3.0829010009765625
3.145674228668213
3.2556560039520264
2.9126780033111572
2.7845470905303955
3.2971527576446533
3.2592689990997314
3.350029945373535
3.08797287940979
4.881361961364746
3.380972146987915
3.436887264251709
4.322884798049927
4.019796848297119
3.1410958766937256
3.2920870780944824
3.9792251586914062
3.296855926513672
3.513051986694336
2.9292240142822266
6.535423040390015
2.982395648956299
2.8944408893585205
2.6770882606506348
3.482522964477539
3.1721351146698
3.1310009956359863
2.900424003601074
3.682711124420166
3.561501979827881
6.251510858535767
3.1024539470672607
2.934154987335205
3.2947771549224854
3.4440982341766357
4.943670988082886
2.814967155456543
3.6508491039276123
3.5109000205993652
3.0067708492279053
3.5889339447021484
3.265023708343506
2.98088002204895
2.7906999588012695
3.532787799835205
4.356360197067261
2.945286273956299
4.179651975631714
3.298625946044922
3.284510850906372
3.1263771057128906
3.1701557636260986
2.8687119483947754
3.853350877761841
3.588371992111206
4.746035099029541
3.6179659366607666
3.2719478607177734
2.715484857559204
3.6543831825256348
2.998188018798828
3.982734203338623
3.052917003631592
2.9476749897003174
5.473606109619141
3.208801746368408
2.9789271354675293
5.095073938369751
5.685604095458984
2.838752031326294
3.0118279457092285
5.776141166687012
3.0095739364624023
3.4875271320343018
3.411515235900879
4.721087217330933
3.7658681869506836
3.1379611492156982
2.802677869796753
4.161219835281372
4.2324230670928955
3.11140513420105
4.126220941543579
3.602436065673828
2.8644728660583496
2.968372106552124
3.010446071624756
5.46349310874939
2.7288331985473633
3.684473991394043
3.324782133102417
3.3138880729675293
2.8933210372924805
2.864619016647339
3.0766642093658447
3.0138676166534424
4.559160947799683
3.036716938018799
2.720433235168457
2.7587430477142334
3.520707130432129
2.9050488471984863
3.000182867050171
3.167640209197998
6.905541896820068
3.024359941482544
5.271858215332031
4.003826141357422
3.0638928413391113
5.9991230964660645
3.3125858306884766
4.051576852798462
3.7819716930389404
5.264758825302124
2.5971109867095947
4.3114378452301025
3.3704938888549805
5.076200008392334
2.923240900039673
3.372224807739258
3.4677300453186035
3.837974786758423
8.551958084106445
2.8761842250823975
3.9417879581451416
2.92146897315979
4.350058078765869
6.4246556758880615
5.883517026901245
2.991935968399048
3.12758207321167
3.017266035079956
2.823690891265869
4.513962030410767
2.7974600791931152
4.307241916656494
3.4424009323120117
2.9402899742126465
4.350039005279541
5.133774995803833
3.1278791427612305
2.84603214263916
3.2596487998962402
4.307286024093628
2.981783628463745
3.692732810974121
2.9213242530822754
3.975332021713257
2.9922189712524414
3.654470920562744
2.896559238433838
3.0331859588623047
6.309702157974243
3.0876550674438477
4.0851731300354
3.0304348468780518
3.3410470485687256
2.8998210430145264
2.736036777496338
5.266710042953491
3.7027010917663574
7.101993083953857
8.141815185546875
4.009271860122681
8.58610200881958
3.3455870151519775
4.7835869789123535
4.923755168914795
2.9939310550689697
3.075148105621338
3.528348922729492
2.972278118133545
2.796308994293213
13.69365119934082
6.528973817825317
3.5799500942230225
3.052204132080078
3.6164541244506836
3.0759081840515137
3.2896997928619385
3.7078182697296143
2.7983736991882324
2.8502650260925293
6.992682933807373
2.964919090270996
3.0950300693511963
2.9693899154663086
2.879399061203003
3.021097183227539
2.9468159675598145
6.4301979541778564
6.27367091178894
2.9171500205993652
2.7554240226745605
6.42439603805542
3.0199878215789795
3.280766010284424
2.7656209468841553
4.096917152404785
3.1846249103546143
2.9850621223449707
2.9443199634552
4.099815130233765
4.63610577583313
2.920957088470459
4.02346396446228
2.6783030033111572
3.65832781791687
3.054457902908325
3.0800368785858154
2.7780821323394775
3.7731242179870605
3.0422959327697754
6.48058295249939
3.042952060699463
4.25278902053833
2.9053077697753906
3.86629319190979
6.235069274902344
2.956164836883545
2.8137409687042236
4.644289970397949
3.0227792263031006
11.432973146438599
2.9689760208129883
3.349724769592285
2.9568750858306885
3.5051698684692383
3.288841962814331
3.5844740867614746
2.790750026702881
5.595813035964966
3.4400198459625244
3.723919153213501
4.110239028930664
3.84759521484375
3.048081159591675
4.9320151805877686
3.1833789348602295
3.7258219718933105
3.04430890083313
2.871068000793457
7.427669048309326
3.4897587299346924
2.6078007221221924
3.920783042907715
2.9165589809417725
3.4131009578704834
3.169842004776001
3.0486690998077393
3.1301112174987793
3.6045901775360107
3.0106399059295654
3.125365972518921
8.135171175003052
5.593364953994751
4.003992795944214
4.151917219161987
3.958595037460327
3.5477380752563477
4.0763840675354
2.6856942176818848
3.031177043914795
5.95815896987915
4.101556062698364
3.6252501010894775
4.036237955093384
3.5092499256134033
4.0945188999176025
3.6920011043548584
3.5013391971588135
4.277640104293823
2.8625388145446777
3.199608087539673
2.643345832824707
3.205399990081787
3.7319259643554688
2.8057496547698975
3.539025068283081
3.0721170902252197
3.245310068130493
3.1739840507507324
2.635709047317505
3.301569938659668
2.8870131969451904
8.463687658309937
3.0979650020599365
2.7091071605682373
2.7193222045898438
3.140866994857788
3.022942066192627
6.461570978164673
3.0783369541168213
4.55340313911438
2.890719175338745
3.2166240215301514
3.05833101272583
3.5074520111083984
3.6290910243988037
3.291085958480835
3.04632306098938
2.886672019958496
2.6714320182800293
2.921612024307251
3.7550768852233887
2.9981889724731445
3.2990550994873047
2.963590145111084
4.206738233566284
3.097593069076538
3.237459659576416
2.8931679725646973
3.076179027557373
2.665560722351074
3.6931941509246826
3.6569151878356934
3.9985241889953613
4.5320940017700195
3.020470142364502
2.9122371673583984
3.124545097351074
5.892287015914917
4.1118199825286865
2.728470802307129
3.1082608699798584
3.317941188812256
2.8136446475982666
3.0406992435455322
2.8618640899658203
2.9768099784851074
7.4019012451171875
4.573462009429932
8.944692850112915
3.1576480865478516
5.236661195755005
3.2022171020507812
3.5257070064544678
2.9013140201568604
2.858431100845337
2.7521450519561768
3.1452009677886963
4.551630258560181
3.387713670730591
7.617796897888184
4.298495054244995
3.2280502319335938
13.243779182434082
3.436743974685669
3.450247049331665
3.244601011276245
3.6106016635894775
3.9476730823516846
2.9203011989593506
3.1621291637420654
3.8008272647857666
4.343421936035156
4.92369818687439
3.1911659240722656
3.5995140075683594
4.1238930225372314
3.7950680255889893
3.51225209236145
4.578041076660156
3.4387428760528564
3.3014469146728516
2.93634295463562
6.582383155822754
2.695441961288452
3.7146270275115967
6.24086594581604
3.123728036880493
3.9295969009399414
3.2771811485290527
3.1517388820648193
3.7262630462646484
2.982671022415161
2.944732904434204
3.400581121444702
2.950500965118408
3.075221061706543
6.0468831062316895
3.1203501224517822
4.293432712554932
3.342388153076172
4.831357955932617
3.221835136413574
2.896122932434082
4.042833089828491
3.3856420516967773
4.383900165557861
3.4866509437561035
3.843907117843628
3.025876998901367
3.585103988647461
4.91084623336792
3.147961139678955
3.4532899856567383
3.2975127696990967
2.608243942260742
6.510591983795166
3.701601028442383
5.549943208694458
4.288516998291016
2.8251137733459473
3.0991928577423096
3.0617899894714355
3.922839879989624
2.986649990081787
3.6869170665740967
2.96429705619812
5.537992000579834
3.045267105102539
3.158536911010742
3.7027199268341064
3.983427047729492
2.980656147003174
5.858174800872803
3.786926031112671
2.8394041061401367
3.13122296333313
3.652312994003296
3.3445470333099365
4.942745923995972
3.2010791301727295
4.426163196563721
3.794133186340332
2.8696792125701904
2.872097969055176
8.187349081039429
3.0422158241271973
3.693511962890625
2.7846462726593018
5.529240131378174
2.747197151184082
4.38309907913208
6.701350927352905
3.082185983657837
4.026193857192993
2.940958023071289
2.8799538612365723
2.950382947921753
3.4130799770355225
5.199379920959473
3.465555191040039
2.8695669174194336
3.3936350345611572
3.5807888507843018
7.4965081214904785
3.114423990249634
3.632711887359619
3.2497057914733887
5.442591905593872
3.1508572101593018
2.7558090686798096
3.7234768867492676
4.10090708732605
3.456480026245117
2.7333459854125977
3.0126330852508545
3.222824811935425
3.304755926132202
2.9645659923553467
2.9397289752960205
2.7137739658355713
3.425964117050171
2.897505044937134
3.55879807472229
2.9796228408813477
2.616070032119751
3.4681360721588135
2.996381998062134
3.1714391708374023
3.5232911109924316
3.3637070655822754
3.244216203689575
4.121070861816406
2.9317750930786133
2.6429898738861084
4.1704020500183105
3.772725820541382
4.060266733169556
3.4472789764404297
4.293258905410767
3.8022310733795166
4.756808757781982
3.0803401470184326
3.250044107437134
3.502336025238037
3.6109700202941895
3.101696014404297
4.090224266052246
3.234110116958618
3.1858150959014893
2.9076900482177734
4.116193056106567
3.6863980293273926
3.2551939487457275
3.8952651023864746
3.459001064300537
3.3552350997924805
3.7635159492492676
2.8752098083496094
7.862200021743774
3.1898088455200195
2.918423891067505
2.7509779930114746
3.2300710678100586
2.905122995376587
3.2657690048217773
8.00283408164978
3.3916096687316895
3.4816479682922363
6.4922120571136475
3.8694210052490234
5.297747611999512
2.799299955368042
3.8791069984436035
3.814260959625244
3.2722580432891846
3.075756072998047
3.6749260425567627
2.9710898399353027
3.3147761821746826
3.230401039123535
5.05992579460144
2.8511319160461426
3.524127960205078
6.919816017150879
3.049881935119629
3.33467698097229
3.262401819229126
2.6848301887512207
3.554428815841675
3.225288152694702
3.1544837951660156
3.0645411014556885
3.4208388328552246
2.9233760833740234
2.88783597946167
3.6654908657073975
4.785828113555908
3.831634044647217
4.3159260749816895
2.830228090286255
3.8242969512939453
4.900407075881958
3.4004600048065186
3.4086220264434814
2.88088321685791
2.770179033279419
3.6361029148101807
3.43096923828125
3.6556999683380127
3.5813419818878174
5.530447959899902
4.103490114212036
3.37332820892334
2.6266770362854004
3.8301548957824707
2.783553123474121
4.010676622390747
2.9745211601257324
5.350954055786133
3.420186996459961
4.116735219955444
4.795516014099121
3.189894676208496
5.2553300857543945
4.93009090423584
3.392683982849121
3.2586028575897217
2.9183051586151123
2.6465530395507812
3.351973056793213
3.686845064163208
3.352497100830078
4.66086483001709
4.0387890338897705
3.791576862335205
3.363600730895996
3.3637709617614746
3.436256170272827
2.7579338550567627
4.7580649852752686
3.3406529426574707
4.850822925567627
3.1026878356933594
2.789799928665161
3.1502490043640137
2.929987907409668
5.358334064483643
3.2222938537597656
2.8833658695220947
3.106476068496704
3.7873029708862305
2.77846097946167
3.8847591876983643
2.925469160079956
2.92500901222229
4.8566648960113525
2.846055746078491
2.878653049468994
3.6676621437072754
2.673025131225586
3.0231549739837646
3.4322500228881836
3.4064269065856934
3.0325381755828857
3.262627124786377
6.0409581661224365
2.860525131225586
4.692530155181885
2.7303528785705566
6.83287501335144
5.725468158721924
3.3880860805511475
6.347813129425049
3.618504047393799
2.9156320095062256
4.785187005996704
3.4803919792175293
3.172689199447632
3.225674867630005
4.848737001419067
3.14908504486084
3.8947627544403076
3.450709104537964
8.612718105316162
5.727875709533691
4.219235181808472
3.3471059799194336
3.138772964477539
3.9852139949798584
2.8717920780181885
5.891595840454102
3.7068748474121094
3.274855136871338
2.719383955001831
4.494811058044434
3.7485711574554443
3.135550022125244
4.215014696121216
2.7587969303131104
3.4636409282684326
3.247718095779419
3.39748477935791
3.767582893371582
4.047122001647949
3.110421895980835
3.1717519760131836
3.1434831619262695
3.692333698272705
4.759366035461426
2.6552469730377197
4.606641054153442
2.7376041412353516
4.235303163528442
3.003325939178467
3.9420719146728516
3.217405080795288
3.0501999855041504
3.1387410163879395
3.2969021797180176
6.203552961349487
2.595021963119507
2.943767786026001
3.50655198097229
3.408937692642212
3.509943962097168
3.332615852355957
4.08545708656311
3.70451021194458
9.722402811050415
3.294095993041992
3.391333818435669
3.3086609840393066
3.5777649879455566
2.9709811210632324
7.585224866867065
3.276901960372925
7.242349147796631
3.2967069149017334
3.2031331062316895
2.7234559059143066
3.990863800048828
4.5381481647491455
4.618772745132446
4.422122240066528
3.0861148834228516
4.2187659740448
3.2272300720214844
3.7812671661376953
3.5543642044067383
3.5585131645202637
3.6699769496917725
6.923933982849121
3.305968999862671
2.973353147506714
3.291440010070801
2.8120980262756348
2.6336450576782227
2.7679197788238525
3.4500582218170166
7.657083988189697
3.569308042526245
3.856365919113159
4.1161720752716064
3.014488935470581
3.1161370277404785
2.759913921356201
5.624864101409912
3.509176015853882
3.0857529640197754
3.9702680110931396
4.122320890426636
2.900841236114502
2.717527151107788
2.6971259117126465
3.2629950046539307
3.1456968784332275
4.210346221923828
2.9743189811706543
6.241060018539429
5.1623899936676025
2.941864013671875
4.536539077758789
3.9073450565338135
5.541028022766113
4.322947978973389
2.597714900970459
3.566019058227539
3.3820009231567383
4.823729038238525
3.5931310653686523
3.927164077758789
2.715622901916504
4.427149057388306
3.1994831562042236
2.920189142227173
3.31213116645813
5.130434989929199
5.818165063858032
2.8235039710998535
3.5817711353302
3.1745030879974365
3.4999539852142334
2.7859601974487305
4.226433038711548
4.660078048706055
6.705215930938721
3.920792818069458
3.6508421897888184
4.41919207572937
6.7485032081604
3.1708619594573975
3.306105852127075
4.1346659660339355
3.0920238494873047
7.641464948654175
3.0287768840789795
2.500671863555908
3.429849863052368
3.621387004852295
2.791343927383423
6.614962100982666
3.0151939392089844
3.5996341705322266
3.3142428398132324
2.752261161804199
2.8403990268707275
2.7690417766571045
3.2720329761505127
3.335291862487793
2.936284065246582
3.570591926574707
3.066230058670044
2.771885871887207
3.889777898788452
3.0784242153167725
3.4661288261413574
3.4679629802703857
3.3985469341278076
4.1885621547698975
3.0942869186401367
3.2199480533599854
3.864157199859619
2.771592855453491
4.125626087188721
3.3282721042633057
3.80562686920166
6.656876802444458
3.5329949855804443
3.3434090614318848
3.1901512145996094
2.9905052185058594
3.2101268768310547
3.4506521224975586
3.3618221282958984
2.8802459239959717
3.1610147953033447
4.073180198669434
9.081706762313843
4.2498459815979
3.134322166442871
2.6880462169647217
7.821939945220947
3.6299309730529785
4.449953079223633
3.4324791431427
3.9861180782318115
3.1602160930633545
7.806161165237427
3.4301090240478516
3.3580322265625
2.8175511360168457
3.0488150119781494
3.768657922744751
3.3403899669647217
3.304469108581543
3.4024178981781006
3.7039260864257812
3.1097657680511475
3.1781070232391357
3.0218429565429688
7.479822635650635
3.429960012435913
5.693730115890503
4.214788913726807
3.3779702186584473
3.200937032699585
3.1260650157928467
4.645832061767578
3.2389230728149414
3.7746269702911377
3.333120822906494
3.7607619762420654
5.226492643356323
2.920212745666504
3.4093549251556396
4.037792921066284
3.3826730251312256
2.923656940460205
3.8087730407714844
3.131695032119751
3.247335910797119
3.277947187423706
3.0870189666748047
4.720930099487305
3.7291338443756104
3.428884983062744
3.3222200870513916
3.4844391345977783
4.299806118011475
3.1584458351135254
3.2450051307678223
2.9980812072753906
4.208173036575317
3.9795279502868652
3.0105528831481934
3.145838975906372
3.2232792377471924
3.2426960468292236
9.610674142837524
3.4436569213867188
4.66152811050415
3.789280891418457
5.833985090255737
3.0612118244171143
2.868354082107544
3.62479305267334
3.055572986602783
3.4702141284942627
2.9245598316192627
5.4538891315460205
3.0916130542755127
2.8883230686187744
4.073814153671265
4.096999168395996
3.094959020614624
3.357649087905884
3.6693780422210693
3.0472540855407715
3.251272201538086
4.413025140762329
3.6153061389923096
2.9490320682525635
3.5819900035858154
3.228455066680908
4.707534074783325
3.179105043411255
3.0862791538238525
3.1288931369781494
4.5176942348480225
2.9958348274230957
3.146868944168091
3.8469460010528564
2.9739739894866943
4.710836887359619
4.998272895812988
3.859320878982544
4.025402069091797
3.012301206588745
4.775251150131226
3.3532981872558594
3.713542938232422
3.3596818447113037
3.1916379928588867
3.038015604019165
5.132405042648315
2.9628682136535645
3.560364007949829
3.5775647163391113
3.1905269622802734
4.19844913482666
4.477643966674805
4.592290163040161
2.8585078716278076
3.456834077835083
3.511200189590454
2.759068012237549
4.916295766830444
2.511443853378296
3.3498480319976807
3.7263240814208984
2.9613051414489746
2.9625139236450195
4.512484073638916
2.839574098587036
4.160412073135376
3.0652432441711426
3.553201913833618
3.9797770977020264
2.6745619773864746
3.5048110485076904
2.888965129852295
6.945899248123169
4.840756177902222
3.177346706390381
3.002986192703247
3.8994100093841553
3.32779598236084
3.7204861640930176
3.1446008682250977
3.311292886734009
2.9436469078063965
6.497771978378296
3.008866786956787
3.081484079360962
3.363055944442749
3.4973881244659424
3.52296781539917
14.62068223953247
3.1012680530548096
3.1212010383605957
3.016263246536255
3.3302409648895264
3.1821651458740234
3.303241014480591
2.7468039989471436
3.23038911819458
3.3816702365875244
3.334364175796509
2.9141268730163574
2.678039073944092
3.1910390853881836
3.115272045135498
3.1450421810150146
5.223366975784302
4.594955921173096
2.7791340351104736
2.656179189682007
2.9173502922058105
3.3638429641723633
3.176546096801758
3.184319019317627
3.9601011276245117
3.0631589889526367
3.225381851196289
3.386975049972534
2.536360025405884
3.5978341102600098
3.355937957763672
3.4033310413360596
3.4057068824768066
5.987394094467163
3.168179988861084
3.140799045562744
4.940279006958008
2.914520025253296
3.1061580181121826
4.308942079544067
2.944582939147949
3.1719350814819336
8.92212724685669
4.348840236663818
3.6343562602996826
5.434609889984131
3.0730550289154053
3.3079159259796143
3.2177720069885254
3.1182150840759277
2.822434902191162
3.4548630714416504
7.852420091629028
3.5267279148101807
3.5392580032348633
2.6215779781341553
5.608081102371216
3.644294023513794
3.473379135131836
3.949099063873291
3.819383144378662
3.049323081970215
3.6810779571533203
2.841283082962036
3.3857312202453613
3.415717840194702
11.150240898132324
2.8924179077148438
4.233889102935791
3.032444953918457
2.9590017795562744
3.0507521629333496
4.08958101272583
4.040083885192871
3.157778024673462
2.9677789211273193
8.633311986923218
2.7678449153900146
4.076779127120972
3.0270349979400635
4.769449949264526
3.07538104057312
5.33417010307312
3.8103761672973633
3.6326019763946533
2.909337043762207
3.210951089859009
2.8431899547576904
2.8964169025421143
3.5020439624786377
3.3795549869537354
3.83054518699646
3.8985607624053955
10.577044010162354
3.7696359157562256
3.5477099418640137
3.452800989151001
4.13941502571106
3.6409449577331543
3.2784080505371094
7.051770210266113
3.170642852783203
6.071545839309692
3.918856143951416
3.33302903175354
4.765087842941284
3.1938071250915527
3.734807014465332
3.1627328395843506
5.957271099090576
5.6051342487335205
3.816093683242798
5.3487160205841064
3.259841203689575
4.65516996383667
3.0829617977142334
3.924044132232666
3.147634983062744
3.171854019165039
4.295438051223755
3.70147705078125
5.188084840774536
3.459916830062866
3.04726505279541
3.035304069519043
3.0666229724884033
6.7986671924591064
3.262986898422241
3.03888201713562
3.4536070823669434
2.9698450565338135
5.631798982620239
3.0502657890319824
3.5824990272521973
3.2233529090881348
4.1642372608184814
3.0151431560516357
5.785467863082886
3.2505290508270264
3.2664990425109863
3.252652168273926
3.0545549392700195
3.517681121826172
3.354304790496826
2.859565019607544
4.385246992111206
3.1410670280456543
4.795914173126221
5.624284982681274
2.817992925643921
3.6129398345947266
2.961021900177002
4.6684699058532715
13.434903144836426
2.977259874343872
4.528554201126099
3.086014986038208
3.6728081703186035
3.3707849979400635
3.155927896499634
2.97344708442688
3.0947489738464355
3.364778995513916
3.303925037384033
3.2454710006713867
3.1627891063690186
3.7543210983276367
2.978060245513916
3.4074809551239014
4.281995058059692
2.7072811126708984
2.9501900672912598
3.873215913772583
3.352625608444214
4.21407413482666
4.325079917907715
3.6520681381225586
6.172938108444214
3.6776838302612305
4.2646167278289795
4.263627052307129
2.764557123184204
3.2777199745178223
3.7412800788879395
4.529851198196411
3.3747637271881104
5.343173027038574
5.794076919555664
3.8370518684387207
3.8355438709259033
2.9237570762634277
5.328251123428345
3.609441041946411
3.027086019515991
3.0023791790008545
4.331676959991455
4.672736167907715
2.944669008255005
3.744174003601074
6.069478750228882
4.117032051086426
3.1683716773986816
3.81748104095459
3.258297920227051
3.214160919189453
3.15700364112854
5.219665050506592
5.6529700756073
3.8503780364990234
2.937839984893799
3.5716469287872314
3.0059430599212646
4.4134180545806885
2.9694509506225586
3.1873550415039062
3.3847711086273193
2.7000508308410645
9.126047849655151
5.101956844329834
4.544353723526001
3.0744409561157227
3.348391056060791
2.9217629432678223
2.7883989810943604
2.8235979080200195
2.945596933364868
3.3638482093811035
3.1521029472351074
2.8143911361694336
4.358165979385376
3.1355011463165283
4.957230806350708
2.875059127807617
2.9267711639404297
3.4427239894866943
3.016037940979004
2.665072202682495
3.326348066329956
3.1304590702056885
2.8240888118743896
4.9220850467681885
3.6051669120788574
3.3637688159942627
3.483182191848755
4.195126056671143
2.7955989837646484
2.9368839263916016
3.254727840423584
3.360429286956787
3.9675090312957764
3.0705389976501465
2.909543037414551
2.8167941570281982
3.7103490829467773
2.635031223297119
4.641628742218018
3.1654129028320312
3.6038830280303955
3.0404579639434814
2.9872617721557617
3.7130911350250244
3.0594990253448486
3.3537399768829346
5.849599123001099
2.9978280067443848
3.0597681999206543
6.136440992355347
3.0009918212890625
3.5982940196990967
3.224536657333374
2.764763832092285
3.158595085144043
3.1222829818725586
3.1317920684814453
3.1543402671813965
3.4755759239196777
3.139420986175537
2.8388049602508545
2.8313839435577393
3.0521631240844727
3.279409170150757
6.4675538539886475
2.8876352310180664
3.525705099105835
3.0407707691192627
2.8958890438079834
4.330810070037842
2.9811341762542725
4.090223789215088
3.810624122619629
3.1855099201202393
3.72267484664917
7.025330066680908
2.898905038833618
3.424783945083618
2.729401111602783
3.3373496532440186
3.0440120697021484
3.184937000274658
8.071880102157593
3.59619402885437
4.554198980331421
3.0461549758911133
2.981295108795166
4.396704196929932
3.183835029602051
3.1806931495666504
3.110591173171997
6.451400995254517
4.354274749755859
3.1910130977630615
3.4336068630218506
3.880707025527954
3.5631749629974365
2.8365790843963623
7.362912654876709
3.0003631114959717
3.0172300338745117
3.7900710105895996
6.122986078262329
2.7139430046081543
4.236556053161621
4.264103174209595
2.952216863632202
4.766927003860474
2.9792799949645996
3.4394779205322266
2.9380249977111816
3.618130922317505
2.6949880123138428
3.2080161571502686
4.50091814994812
3.0575196743011475
3.6659939289093018
4.466408014297485
3.2716050148010254
4.04675817489624
2.9970390796661377
3.211880922317505
3.0713720321655273
3.7979118824005127
3.225572109222412
3.010385036468506
3.0271527767181396
2.9661641120910645
12.174973964691162
5.896307945251465
3.1361849308013916
5.558750152587891
2.8996896743774414
2.6446239948272705
3.3124492168426514
4.650933027267456
2.7965519428253174
3.1265270709991455
2.732933759689331
4.364661931991577
2.7990901470184326
4.767438173294067
3.29199481010437
2.833732843399048
3.1704609394073486
3.4839019775390625
2.616499185562134
3.2868759632110596
3.3804819583892822
5.4280478954315186
2.968266010284424
4.045258045196533
4.509322166442871
3.8905980587005615
3.2199671268463135
3.506042957305908
2.6661150455474854
3.0354409217834473
4.690798044204712
3.0429370403289795
3.8067939281463623
3.3258516788482666
6.307287216186523
3.6744720935821533
5.7603418827056885
3.4040510654449463
3.797847032546997
3.0017735958099365
3.5911850929260254
3.599966049194336
4.050276041030884
4.198517799377441
3.2110960483551025
4.668217182159424
3.2334628105163574
3.559027671813965
2.728038787841797
3.360403060913086
3.023563861846924
3.116565227508545
15.222921133041382
3.8901278972625732
4.648086071014404
2.9891319274902344
3.5900142192840576
5.729452848434448
3.579834222793579
5.55814003944397
5.171983003616333
2.9355196952819824
3.1055150032043457
2.8959288597106934
5.169846057891846
3.1036131381988525
3.0807621479034424
2.9642670154571533
2.8568601608276367
5.54592227935791
3.25747013092041
3.4864251613616943
11.755321025848389
5.252013921737671
2.8301429748535156
3.106903076171875
3.420929193496704
3.4707090854644775
3.230306625366211
3.859776735305786
3.0112109184265137
2.9405980110168457
3.2913060188293457
3.3039357662200928
3.178128957748413
2.92848801612854
2.9433038234710693
3.1274688243865967
5.321108102798462
3.150236129760742
3.8357110023498535
3.05403208732605
2.7472760677337646
3.6974282264709473
3.541659116744995
3.16915225982666
4.1680662631988525
4.597321033477783
3.5205352306365967
3.2085540294647217
4.637640714645386
5.362864971160889
3.3328230381011963
2.815474033355713
2.8978559970855713
3.4786479473114014
3.245617151260376
5.637818098068237
5.188825845718384
6.023615121841431
3.2158658504486084
2.9175610542297363
5.4967100620269775
5.127015113830566
3.1558570861816406
3.986518144607544
3.161914110183716
3.1852288246154785
3.0758020877838135
2.8388309478759766
4.046853065490723
3.2965118885040283
3.857506036758423
3.55757999420166
3.9379429817199707
3.326690912246704
2.7845780849456787
3.3372600078582764
3.9384841918945312
2.8945538997650146
2.726052761077881
3.520120143890381
2.6684176921844482
4.776234865188599
3.3138649463653564
3.1958041191101074
2.6672492027282715
7.967404842376709
3.1829757690429688
2.8570799827575684
4.365208148956299
2.9124178886413574
5.944361209869385
3.0042059421539307
3.219249963760376
5.099252939224243
2.950779914855957
4.653491973876953
6.1919331550598145
3.0943338871002197
3.1764869689941406
3.3619680404663086
3.0756356716156006
4.295040845870972
3.820711851119995
2.9706802368164062
5.731901168823242
2.9707491397857666
4.086007118225098
3.278465986251831
3.742685079574585
3.604245901107788
3.245306968688965
3.456271171569824
3.1374340057373047
2.803178071975708
2.8271360397338867
3.7251429557800293
2.9229371547698975
3.2175791263580322
3.876404047012329
3.028804063796997
2.9337246417999268
2.9911441802978516
2.8220736980438232
2.9860408306121826
4.1402928829193115
3.17810320854187
2.79479718208313
3.4696130752563477
3.238353967666626
3.02255916595459
4.2944018840789795
6.067630052566528
3.732699155807495
2.588589906692505
3.8233470916748047
5.714431047439575
3.4885175228118896
3.1809558868408203
3.152534008026123
4.030389785766602
3.2827577590942383
4.489788055419922
2.894412040710449
2.5494229793548584
3.0535197257995605
3.3428778648376465
3.909050941467285
3.6148390769958496
4.073036193847656
2.666823148727417
3.9296391010284424
3.028226137161255
3.048474073410034
5.405191898345947
4.892386198043823
4.445637941360474
2.957608938217163
4.0764689445495605
3.0523550510406494
2.787597894668579
3.0259828567504883
6.2679479122161865
2.9940011501312256
4.023053169250488
3.5021579265594482
3.7476420402526855
5.562802076339722
2.7721922397613525
4.752615928649902
3.7579689025878906
3.619894027709961
3.0195441246032715
3.481279134750366
2.9857380390167236
3.5394091606140137
3.7219808101654053
4.750686168670654
3.2147951126098633
4.0186848640441895
3.1601569652557373
2.5581178665161133
2.8792388439178467
3.565256118774414
3.0025742053985596
3.210477113723755
3.465886116027832
3.7995827198028564
8.6560640335083
3.416637897491455
3.4525768756866455
3.001889944076538
2.9598166942596436
3.685743808746338
3.0003011226654053
3.337351083755493
4.578506946563721
4.994503021240234
4.444082021713257
3.4372477531433105
3.0519261360168457
3.2900209426879883
3.2977168560028076
2.8804128170013428
3.3072710037231445
3.3580448627471924
3.362123966217041
3.0783872604370117
4.514775037765503
3.3453640937805176
2.980915069580078
2.947504997253418
3.571321964263916
3.113521099090576
4.119490146636963
4.5182929039001465
2.899327039718628
3.87412691116333
2.871027946472168
4.0875630378723145
4.0867509841918945
5.4493408203125
5.045984983444214
2.785353183746338
5.893167018890381
4.228440999984741
2.925060749053955
3.1912996768951416
3.164910078048706
2.7123260498046875
3.1747751235961914
3.886077880859375
3.7133190631866455
3.253235101699829
4.692829847335815
3.0599069595336914
2.885499954223633
3.3091180324554443
4.152266979217529
3.595386028289795
2.8084349632263184
2.7112529277801514
2.8800761699676514
4.6410791873931885
4.18674111366272
3.4106972217559814
2.9306671619415283
2.788132905960083
2.9548091888427734
3.229649066925049
4.226330041885376
2.8084521293640137
3.6266491413116455
3.096872091293335
3.0184102058410645
3.130094051361084
3.4839329719543457
3.132441997528076
3.0753109455108643
2.876497983932495
2.996880054473877
2.8153200149536133
3.5603408813476562
3.488337993621826
3.1178319454193115
3.1902387142181396
4.647172927856445
5.837990999221802
3.387533187866211
3.0146799087524414
2.80250883102417
2.7046561241149902
2.899388074874878
3.471022129058838
3.9118940830230713
3.8951051235198975
3.686300039291382
3.1267809867858887
3.246990919113159
3.654258966445923
2.939634084701538
5.248442649841309
2.894407033920288
3.569830894470215
3.0549728870391846
3.7241241931915283
3.1279757022857666
4.8294360637664795
2.6855571269989014
2.9247360229492188
3.7007720470428467
3.4968628883361816
3.229649782180786
3.1209511756896973
2.8248279094696045
3.685683012008667
3.4222280979156494
3.8692808151245117
5.050792932510376
2.9762959480285645
3.6343681812286377
4.5222930908203125
3.8766539096832275
4.7154810428619385
6.836010217666626
3.035102128982544
3.9350719451904297
3.98459792137146
3.0429270267486572
3.949176073074341
3.2437500953674316
3.140126943588257
3.3697621822357178
2.759549140930176
3.036250114440918
2.7193098068237305
3.382567882537842
3.7966880798339844
5.576551914215088
3.4687421321868896
4.810297966003418
2.8226101398468018
5.751559019088745
3.771480083465576
3.197701930999756
3.455169200897217
3.073942184448242
4.474297046661377
3.002556800842285
3.1160600185394287
4.300933122634888
3.2704529762268066
3.5650298595428467
3.371081829071045
3.5301220417022705
5.839937925338745
2.9367401599884033
3.545351028442383
3.935150146484375
3.2191081047058105
5.769105911254883
3.3303942680358887
4.112049102783203
4.62061882019043
3.433393955230713
3.417833089828491
3.8945631980895996
2.898010015487671
2.838878870010376
6.176841974258423
4.335653066635132
3.410655975341797
3.541620969772339
4.760204792022705
3.626981019973755
3.2221691608428955
3.095211982727051
3.3702030181884766
3.8435471057891846
3.382733106613159
3.1191999912261963
5.74266791343689
3.6170601844787598
3.0323121547698975
3.2765278816223145
2.9840641021728516
3.0957190990448
3.2523207664489746
3.0938339233398438
3.9253859519958496
4.255284070968628
3.1609110832214355
3.5523459911346436
2.9817330837249756
3.0843470096588135
4.058488845825195
3.0068540573120117
3.654606819152832
3.171380043029785
3.604621171951294
4.602204084396362
4.990712881088257
3.086549997329712
3.1232569217681885
3.1008729934692383
3.184558868408203
6.044697046279907
3.0915229320526123
3.355926036834717
3.784735679626465
2.921673059463501
2.810072183609009
3.2314319610595703
3.6124279499053955
4.823698043823242
2.9828858375549316
5.192431926727295
3.4217689037323
2.6933791637420654
4.649554967880249
3.0960309505462646
6.75045919418335
3.7534821033477783
6.604645013809204
3.6986892223358154
4.0714850425720215
3.258892774581909
2.9076337814331055
2.984333038330078
3.9804210662841797
3.9293429851531982
3.404007911682129
3.580648183822632
3.240093946456909
2.7268431186676025
3.7998440265655518
3.366068124771118
4.273284912109375
3.3279221057891846
3.377835988998413
3.5626070499420166
2.919424057006836
3.012369155883789
3.3780362606048584
3.230483055114746
2.8808441162109375
3.470269203186035
4.978385925292969
6.482310056686401
3.268812894821167
3.166044235229492
5.1543450355529785
5.334681987762451
3.3028969764709473
3.3715221881866455
3.264167070388794
3.6485607624053955
4.224680185317993
3.6261138916015625
3.664072036743164
4.986958980560303
6.375468015670776
5.61358904838562
2.8797802925109863
4.781503915786743
3.3248367309570312
6.211148977279663
3.017425060272217
3.005845069885254
3.474562883377075
3.28001070022583
3.191770076751709
3.579298973083496
3.3152530193328857
3.6754889488220215
4.458990097045898
3.3017849922180176
2.835191249847412
4.524977922439575
3.993523120880127
2.957787036895752
3.740523099899292
4.807817220687866
4.604700088500977
2.715456008911133
4.715489864349365
2.9776148796081543
3.4162209033966064
3.2478039264678955
3.9112980365753174
3.1988742351531982
5.212521076202393
3.0722687244415283
2.7658770084381104
6.591079950332642
5.606582880020142
2.8401129245758057
3.3034849166870117
5.429512977600098
3.018933057785034
7.330847978591919
3.697787046432495
3.3590891361236572
4.42392897605896
4.3694000244140625
3.4727859497070312
3.0698020458221436
4.019461154937744
2.802541971206665
3.1040279865264893
3.4273300170898438
7.904462099075317
3.9663219451904297
5.036616086959839
3.8782529830932617
3.3212521076202393
4.396172046661377
4.932844161987305
3.8301501274108887
7.336197853088379
2.912194013595581
3.522792100906372
3.19663405418396
2.866363048553467
5.791041851043701
3.2377262115478516
3.876552104949951
3.0080552101135254
3.9526820182800293
2.5942957401275635
3.0226070880889893
7.673519134521484
3.5654547214508057
5.5549399852752686
3.405269145965576
3.138690948486328
3.467729091644287
4.988268136978149
2.661000967025757
3.0083980560302734
3.020235061645508
2.6363980770111084
2.888993740081787
3.2460410594940186
2.7399446964263916
3.0776798725128174
2.6451239585876465
3.2233431339263916
2.7065961360931396
3.8471338748931885
3.32031512260437
2.839465856552124
2.8114960193634033
3.4629530906677246
3.0989489555358887
4.656450986862183
2.8213560581207275
2.7669341564178467
3.993405818939209
3.674309015274048
2.7093489170074463
8.278595924377441
3.2655532360076904
3.1243090629577637
3.6088500022888184
2.67124605178833
3.445543050765991
8.389786958694458
3.0670289993286133
3.046172618865967
3.017656087875366
3.8313610553741455
4.476289987564087
4.774853944778442
3.6485350131988525
3.0317800045013428
9.902998924255371
3.1643362045288086
4.041798830032349
2.4773828983306885
5.7826292514801025
3.1512691974639893
3.6199071407318115
3.7319817543029785
2.8547160625457764
3.080449104309082
3.3498916625976562
6.2826220989227295
3.180899143218994
5.214830160140991
2.83069109916687
3.0063631534576416
3.4895389080047607
2.6128132343292236
4.4802939891815186
4.1438071727752686
3.5832390785217285
3.2252018451690674
2.9948971271514893
3.011698007583618
3.271778106689453
3.761906862258911
3.1162660121917725
3.024017095565796
3.244537591934204
4.061583042144775
3.2383620738983154
2.9012980461120605
3.6350951194763184
4.197442054748535
4.618721008300781
3.0092251300811768
3.177745819091797
3.5374069213867188
4.256572246551514
4.337452173233032
3.1476950645446777
3.6416800022125244
3.050250768661499
2.9084959030151367
3.3385720252990723
3.6528501510620117
2.8998899459838867
3.1579830646514893
2.9239401817321777
3.671700954437256
4.68178391456604
4.25600004196167
2.665954113006592
4.435495853424072
3.0557708740234375
4.769217014312744
2.7320189476013184
4.1181042194366455
2.978727340698242
4.302045106887817
3.3673410415649414
2.920893907546997
4.463268041610718
4.208408832550049
3.683274030685425
3.0744309425354004
2.894543170928955
3.0818610191345215
2.9560818672180176
14.020075798034668
2.8842978477478027
5.385309219360352
3.679044246673584
2.9503040313720703
3.0563907623291016
4.9063451290130615
4.3619019985198975
3.610497236251831
5.249853134155273
3.135105848312378
3.7576119899749756
4.3871750831604
3.145056962966919
7.371495962142944
4.008676052093506
3.141950845718384
2.7365829944610596
4.205869913101196
3.88228702545166
3.0126709938049316
3.54441499710083
3.0630931854248047
3.369412899017334
3.6419410705566406
4.154121160507202
3.0320026874542236
2.9065608978271484
3.5013740062713623
3.3488168716430664
3.5513429641723633
2.708350896835327
4.509281873703003
3.5134971141815186
3.413525104522705
2.8215091228485107
3.1455631256103516
3.596390962600708
2.9822170734405518
3.232253074645996
4.553172826766968
3.8171098232269287
3.857146978378296
3.4372220039367676
3.764796018600464
2.8772621154785156
2.674730062484741
5.244739770889282
2.8077709674835205
2.8981339931488037
9.772905111312866
3.009735107421875
5.7928266525268555
2.759061813354492
4.28144097328186
3.4948949813842773
3.7022628784179688
3.272278070449829
3.605380058288574
4.185186147689819
3.1553561687469482
3.466191053390503
3.130222797393799
3.3150339126586914
3.299746036529541
3.0195212364196777
3.6074671745300293
4.526974201202393
2.7063190937042236
3.0732169151306152
7.388248920440674
3.5322389602661133
3.3463730812072754
2.9445488452911377
4.5397560596466064
4.828146934509277
3.714641809463501
3.2341039180755615
3.472904920578003
2.9348700046539307
5.334796190261841
4.891021966934204
3.42966890335083
4.018294811248779
3.8833842277526855
3.844679117202759
4.630447626113892
8.706362009048462
5.605276823043823
3.933617115020752
3.194175958633423
4.360764026641846
5.510832071304321
3.6781678199768066
3.037666082382202
3.550554037094116
5.140583038330078
5.756907939910889
5.311515808105469
3.2072830200195312
3.6346848011016846
2.625746011734009
3.4339749813079834
3.217365026473999
2.9426827430725098
3.6136279106140137
3.5107100009918213
3.625152111053467
2.7787530422210693
3.181298017501831
3.594945192337036
2.7100470066070557
3.1775259971618652
4.954272985458374
2.9603030681610107
3.519207000732422
2.8854591846466064
3.2289040088653564
3.7227041721343994
2.592637062072754
3.4151499271392822
3.0571279525756836
3.1750600337982178
2.8675930500030518
4.551241874694824
3.199720859527588
3.52921199798584
3.0290379524230957
3.723767042160034
3.115929126739502
3.355384111404419
3.1993680000305176
11.067975759506226
4.15514874458313
3.1686320304870605
2.852342128753662
4.329888105392456
3.0435400009155273
3.3611080646514893
4.319281101226807
4.461075782775879
3.56087589263916
7.8975160121917725
3.3013880252838135
3.0579280853271484
3.149921178817749
4.827188014984131
2.9034817218780518
3.4112021923065186
2.8904948234558105
3.74330997467041
6.197932958602905
3.2030839920043945
8.136745929718018
5.27707314491272
3.4587810039520264
2.6756789684295654
3.6807379722595215
4.42387318611145
4.847312927246094
2.9086618423461914
3.0347230434417725
3.2702009677886963
3.600093126296997
2.688220977783203
4.266508102416992
2.678361177444458
4.121284008026123
3.1538891792297363
3.2509818077087402
2.581808090209961
2.879646062850952
2.620351552963257
4.369601011276245
3.309880018234253
3.5905511379241943
5.875093221664429
2.723107099533081
3.623345136642456
3.6748640537261963
3.4309041500091553
3.1485021114349365
4.933531045913696
3.1269068717956543
4.687880992889404
3.25406813621521
3.2901906967163086
3.417336940765381
5.742734909057617
3.8838720321655273
3.666860818862915
3.513011932373047
4.279653072357178
2.981635808944702
3.112617015838623
4.01976203918457
2.6515331268310547
6.67768406867981
3.6995701789855957
4.066612243652344
3.331995725631714
3.402086019515991
4.029834985733032
3.3949849605560303
3.0600931644439697
5.221955060958862
5.120572090148926
4.190505027770996
4.942734003067017
3.157021999359131
3.1257998943328857
2.930417060852051
3.364177942276001
3.36942982673645
4.323812961578369
2.7789039611816406
4.297363758087158
3.1832308769226074
3.419218063354492
3.869096040725708
3.6577746868133545
5.675715208053589
3.27875018119812
4.097853899002075
5.061146974563599
3.114403009414673
3.779473066329956
4.966148138046265
5.939899921417236
4.895565986633301
2.9176199436187744
3.4431090354919434
4.024675130844116
2.876474142074585
4.561371088027954
2.851062059402466
2.9870851039886475
9.976998090744019
5.62562894821167
3.337446689605713
3.666512966156006
3.3472580909729004
2.825216054916382
3.0098838806152344
2.8807530403137207
2.963197946548462
5.913717031478882
2.8931870460510254
2.865126132965088
4.677699089050293
3.0524179935455322
3.50268292427063
3.3765790462493896
3.993422031402588
2.993494987487793
5.0038487911224365
2.7685816287994385
4.276545763015747
2.8843390941619873
2.6194357872009277
3.5410709381103516
6.197568893432617
4.640501976013184
4.332089185714722
2.8576622009277344
3.5962979793548584
2.8992319107055664
2.6256840229034424
3.0252299308776855
2.9472880363464355
4.441322088241577
3.302870988845825
3.0048320293426514
3.91507887840271
3.6523032188415527
3.5238261222839355
4.379117965698242
2.93784499168396
4.228433132171631
4.658740997314453
7.727289199829102
2.8670432567596436
3.252042770385742
4.368706941604614
2.826575756072998
2.766084909439087
3.2502410411834717
3.7298991680145264
4.43022608757019
3.010817766189575
3.40449595451355
2.96812105178833
2.927955150604248
3.1583399772644043
3.5466110706329346
9.371153116226196
5.645111083984375
3.258918046951294
3.6712610721588135
3.1225411891937256
6.668615102767944
3.5494518280029297
3.5304009914398193
3.0411009788513184
4.089886903762817
3.8708739280700684
3.481710910797119
5.416237831115723
4.631704092025757
5.694643974304199
2.8764700889587402
3.0769851207733154
2.7441961765289307
3.69842791557312
3.132399797439575
5.367619037628174
2.9526119232177734
3.401531934738159
2.893062114715576
3.4275529384613037
3.0354130268096924
3.417910099029541
4.429564952850342
4.866672992706299
3.8937020301818848
3.047765016555786
3.7962350845336914
4.426292896270752
3.2803187370300293
2.8677568435668945
3.237255096435547
4.9107019901275635
3.263291120529175
3.1847779750823975
3.141525983810425
4.1702001094818115
2.9055299758911133
3.637439012527466
2.7810490131378174
3.2348570823669434
3.8318979740142822
4.871431112289429
2.782625913619995
3.3655788898468018
3.78041410446167
2.9436819553375244
4.322827100753784
4.07386326789856
2.771348237991333
2.673159122467041
3.285799026489258
3.6278200149536133
5.444329261779785
2.995633602142334
4.121266841888428
3.8551979064941406
2.941979169845581
7.956603050231934
3.0058817863464355
3.090541124343872
3.5438599586486816
4.275381803512573
3.1213741302490234
3.031402111053467
3.58498215675354
3.1686220169067383
2.9707279205322266
3.3841450214385986
7.506856918334961
3.077549934387207
3.303757667541504
2.9853100776672363
3.331792116165161
3.013105869293213
3.041896104812622
3.306096076965332
4.299551725387573
2.801820993423462
2.761474132537842
3.319859027862549
4.285182237625122
3.1628620624542236
3.6895759105682373
2.6780030727386475
3.6625518798828125
2.691988945007324
4.311937093734741
3.0455918312072754
4.248842716217041
9.342988014221191
4.105322599411011
3.0336670875549316
7.193988084793091
3.373090982437134
2.785522222518921
2.8959619998931885
4.037437200546265
2.9513840675354004
3.215068817138672
2.8918051719665527
4.7206361293792725
3.0024619102478027
3.231872797012329
3.403028964996338
2.6042189598083496
6.951697111129761
4.17502498626709
3.6007180213928223
2.5899171829223633
4.0136401653289795
3.134929895401001
3.3605520725250244
3.4381356239318848
3.163425922393799
3.7188968658447266
8.737743139266968
3.380448818206787
3.033658027648926
3.667626142501831
3.2316720485687256
2.608319044113159
6.934173107147217
3.590460777282715
3.1368730068206787
5.295646905899048
3.1329708099365234
3.943748950958252
2.7519519329071045
3.6019110679626465
3.7734251022338867
5.616676092147827
3.13179087638855
4.8943517208099365
2.941287040710449
3.2677628993988037
3.197871208190918
2.6500120162963867
3.1738500595092773
3.6777658462524414
3.4732630252838135
4.156131029129028
4.075572967529297
2.8575658798217773
3.240269899368286
3.536734104156494
3.2344441413879395
3.508984088897705
3.6306722164154053
3.3049280643463135
3.2389259338378906
6.301851034164429
3.235698938369751
2.9624221324920654
7.578436851501465
3.134003162384033
9.56152892112732
7.47504186630249
5.17956805229187
2.9003031253814697
4.25250506401062
4.6130290031433105
4.0600340366363525
3.558574914932251
3.993032932281494
3.7599539756774902
7.278948068618774
4.07415771484375
2.9089601039886475
4.283276081085205
4.665209770202637
5.913738250732422
2.791792154312134
2.9352710247039795
4.962429761886597
3.51297664642334
3.135448932647705
3.1249969005584717
3.7359418869018555
4.8412086963653564
3.7801549434661865
2.855337142944336
4.932628154754639
2.962131977081299
5.061569929122925
3.093627691268921
3.6139168739318848
3.978830099105835
4.105872869491577
3.989260196685791
3.8950438499450684
5.583019018173218
4.369298934936523
4.0749030113220215
3.450549840927124
3.129985809326172
3.2478909492492676
3.276078701019287
2.8738760948181152
3.3504438400268555
3.169250011444092
3.1585497856140137
3.019036054611206
4.3299901485443115
3.103559732437134
3.6554160118103027
3.9470691680908203
3.4947898387908936
2.9261860847473145
2.9363420009613037
3.067906141281128
3.0542619228363037
4.535665035247803
4.265209913253784
7.8195459842681885
4.320444822311401
2.971709966659546
3.0708959102630615
3.7191720008850098
3.598803997039795
2.8113458156585693
4.123070001602173
3.084437131881714
6.060859680175781
3.8998119831085205
3.1426150798797607
7.222609043121338
2.6256930828094482
3.9198389053344727
3.6613216400146484
3.2963898181915283
3.2858099937438965
4.2512218952178955
3.137817859649658
2.7816340923309326
3.2662150859832764
3.0679409503936768
2.9857261180877686
4.268211126327515
3.0793778896331787
5.722800254821777
3.49715518951416
3.548182964324951
3.537184238433838
3.5769550800323486
3.1892287731170654
5.003970146179199
3.360743761062622
3.9119651317596436
3.166532039642334
6.492581844329834
3.997166872024536
3.7849199771881104
3.050651788711548
4.368401050567627
5.5175621509552
6.796220064163208
4.218481779098511
3.022061824798584
3.4784841537475586
2.80574893951416
3.3234846591949463
4.754624128341675
2.784353017807007
3.2942590713500977
4.4747231006622314
3.9005167484283447
3.0494699478149414
3.3413736820220947
2.666887044906616
7.403983116149902
5.119195938110352
3.6681339740753174
3.207427978515625
3.0412652492523193
3.5951550006866455
2.9474010467529297
3.31363582611084
3.0592780113220215
8.184431076049805
3.2015011310577393
3.0351319313049316
2.860177993774414
4.6939051151275635
3.0630760192871094
3.632650852203369
3.1337170600891113
3.7630889415740967
2.78985595703125
3.1172361373901367
2.595210075378418
3.478863000869751
8.097687005996704
4.358253002166748
2.981476068496704
5.912683010101318
6.614100933074951
3.1620781421661377
2.9275901317596436
7.584878206253052
3.095618963241577
3.0888900756835938
3.652269124984741
2.6133251190185547
4.565374135971069
3.4927589893341064
3.652390956878662
3.4262192249298096
3.4697799682617188
4.085513114929199
2.9299020767211914
3.1360299587249756
3.0937659740448
2.8575689792633057
2.9038946628570557
4.61059308052063
3.300276041030884
4.3560850620269775
3.705937147140503
3.7011048793792725
5.342018127441406
2.979944944381714
3.2677760124206543
4.121933221817017
3.048081874847412
2.755380153656006
3.4478750228881836
4.596700668334961
3.3607099056243896
3.1134278774261475
3.426954984664917
3.2704639434814453
3.4683289527893066
2.9505679607391357
2.8722150325775146
2.9565887451171875
3.686263084411621
4.966285705566406
2.9497299194335938
3.869870185852051
3.184197187423706
3.4845941066741943
10.217566013336182
3.2166690826416016
4.182583808898926
2.8663110733032227
3.691066026687622
3.3677659034729004
2.6926159858703613
3.043194055557251
4.882433891296387
3.40928316116333
3.7170400619506836
3.179844856262207
3.7771878242492676
3.333198070526123
4.262794733047485
6.474090099334717
3.9780709743499756
3.7788310050964355
3.5424208641052246
5.919564962387085
2.790804147720337
3.3690567016601562
4.2274370193481445
3.056119203567505
6.158271789550781
2.723860263824463
10.10041618347168
3.1500940322875977
2.9654526710510254
2.6269402503967285
3.2728970050811768
3.1977899074554443
3.3806040287017822
2.9103291034698486
5.635023832321167
2.641916036605835
4.226863861083984
2.5445430278778076
3.631334066390991
3.0709517002105713
3.8863840103149414
4.9720139503479
7.631156921386719
2.9206461906433105
3.2678279876708984
3.25515079498291
3.3810479640960693
4.848453998565674
3.927001953125
4.3617589473724365
3.9749491214752197
3.226381778717041
2.9227957725524902
3.6620030403137207
3.2190887928009033
3.6385550498962402
2.8488597869873047
5.248811960220337
4.011077642440796
3.133993148803711
2.634571075439453
3.973146915435791
4.547737121582031
3.079939842224121
3.789098024368286
3.140963077545166
3.10247802734375
2.955944061279297
3.298236131668091
3.2192459106445312
2.786689281463623
3.0403778553009033
2.985724925994873
4.331958055496216
2.663378953933716
3.6063461303710938
3.2265207767486572
3.629693031311035
7.435281991958618
3.0671229362487793
3.4717416763305664
4.344921112060547
2.840364933013916
3.851199150085449
3.628533124923706
3.3772966861724854
2.946831226348877
4.144335031509399
3.024567127227783
5.438220262527466
3.151193857192993
4.966726779937744
2.698554039001465
4.430567979812622
5.318108081817627
4.708433151245117
8.885783910751343
5.2916858196258545
3.1536178588867188
3.5507938861846924
3.8214826583862305
6.464779853820801
2.88349986076355
2.6754610538482666
3.0417840480804443
7.590227127075195
3.0520870685577393
4.573609113693237
4.642461776733398
3.555953025817871
4.631484031677246
3.1441280841827393
3.0728700160980225
2.976609706878662
3.492677927017212
3.4215221405029297
4.082072973251343
5.205320835113525
3.039060115814209
3.2118921279907227
3.17508602142334
3.587818145751953
3.885645866394043
2.883530855178833
3.461760997772217
2.982462167739868
5.973252773284912
4.442113161087036
5.028684854507446
3.5841808319091797
3.698335886001587
3.2941081523895264
3.2382590770721436
4.67839789390564
3.3108160495758057
4.3279101848602295
4.226505279541016
4.003343105316162
3.0447518825531006
3.021113872528076
7.259648084640503
2.8389029502868652
3.4101572036743164
3.439303159713745
3.418410062789917
3.5326130390167236
5.239690780639648
3.015380620956421
3.4746508598327637
2.9265408515930176
3.293015956878662
3.601255178451538
4.106196880340576
3.2939400672912598
3.4284369945526123
3.758786916732788
4.279443025588989
3.6851179599761963
4.071316957473755
3.8303592205047607
4.176249027252197
3.4580371379852295
3.057936906814575
3.21169114112854
2.9952077865600586
2.816314697265625
7.065253019332886
3.185142993927002
6.075307130813599
2.999819040298462
3.60988712310791
3.0998499393463135
3.103538990020752
3.2275161743164062
3.959326982498169
3.1186070442199707
2.995558023452759
4.774734973907471
4.69370698928833
4.2297749519348145
2.9444491863250732
4.17433500289917
7.229327917098999
3.162282705307007
3.808382034301758
4.462805271148682
3.3951799869537354
2.931046962738037
3.508112907409668
3.1683349609375
3.0782179832458496
4.728319883346558
3.3710131645202637
3.8457441329956055
2.7373080253601074
3.8464980125427246
2.874000072479248
5.725200891494751
3.800813913345337
3.7427260875701904
3.7616419792175293
4.923130035400391
3.359863042831421
2.964553117752075
2.852109909057617
3.4090189933776855
3.0721051692962646
2.998112201690674
3.0440142154693604
3.8849780559539795
5.749485015869141
3.38179874420166
3.2473301887512207
4.074234962463379
5.183834075927734
3.700634717941284
3.117934226989746
2.675568103790283
3.3177542686462402
3.006300210952759
2.6899611949920654
2.802946090698242
4.22008204460144
3.230056047439575
3.446107864379883
2.9538028240203857
2.9687650203704834
2.693169116973877
3.609144926071167
3.9622321128845215
3.275499105453491
3.032681703567505
4.207814931869507
2.9451520442962646
2.8726799488067627
3.005758047103882
3.680601119995117
4.652698993682861
3.6014301776885986
2.967625141143799
3.542681932449341
3.377650260925293
4.344801187515259
3.6927170753479004
2.6419620513916016
2.907581090927124
4.341057062149048
3.301455020904541
4.017425060272217
2.9262897968292236
4.044884920120239
3.5290396213531494
2.946967124938965
4.354916095733643
4.680976867675781
3.1828320026397705
3.071305990219116
3.5284481048583984
2.9010839462280273
3.019084930419922
3.928063154220581
3.327594041824341
3.0860249996185303
3.5299737453460693
3.9602742195129395
2.853079080581665
3.646354913711548
4.219053030014038
2.9602010250091553
3.73630690574646
3.1061270236968994
3.1519248485565186
4.029504776000977
3.4924890995025635
2.7181828022003174
6.618240833282471
2.8543291091918945
6.9538819789886475
3.2922348976135254
3.3860599994659424
3.178953170776367
4.827391147613525
3.566096067428589
3.154463052749634
4.202458143234253
2.9316458702087402
3.283479928970337
3.094237804412842
3.232928991317749
5.122957944869995
3.185943841934204
3.707520008087158
3.4517579078674316
4.451421022415161
2.959684133529663
2.934601068496704
2.760770082473755
3.4047372341156006
2.823073148727417
3.6372320652008057
3.837986946105957
2.609234094619751
4.200114965438843
6.251683712005615
2.6437458992004395
3.2026491165161133
4.998398065567017
3.250671148300171
2.808060884475708
3.262895107269287
2.8739330768585205
2.902949094772339
2.8399481773376465
4.028789043426514
3.498227119445801
3.08219313621521
7.506819009780884
5.476958751678467
3.9005239009857178
3.221608877182007
3.948575973510742
5.220660209655762
3.268599033355713
3.3595921993255615
2.8884122371673584
2.990381956100464
3.5055980682373047
3.742543935775757
3.1388049125671387
2.992176055908203
4.581561088562012
3.0208771228790283
2.977640151977539
3.7780110836029053
3.121546983718872
3.9440910816192627
3.166215181350708
2.6513571739196777
2.7318501472473145
4.510188102722168
3.073561906814575
2.6914620399475098
3.3121659755706787
6.762057781219482
3.3010737895965576
2.8591771125793457
3.4837231636047363
3.329826831817627
3.1483449935913086
4.166529178619385
3.077840805053711
3.0327470302581787
3.1864237785339355
3.0020527839660645
3.23437762260437
3.1178882122039795
7.883001089096069
3.961336612701416
3.8812501430511475
5.1413891315460205
2.9719905853271484
3.492741107940674
2.8818199634552
3.4397270679473877
5.155475616455078
3.466434955596924
4.063322067260742
2.8766870498657227
3.4641761779785156
2.6460800170898438
4.261967897415161
4.036988019943237
2.9232800006866455
3.094269037246704
3.224034070968628
3.0498790740966797
3.976940155029297
3.232982635498047
3.009127140045166
2.9225151538848877
3.1218349933624268
2.8380401134490967
3.4674980640411377
3.466623067855835
3.5748069286346436
2.9461798667907715
4.03248405456543
4.089282035827637
3.524009943008423
3.0719261169433594
2.773872137069702
2.965585231781006
3.616368055343628
3.3353919982910156
3.0874991416931152
4.453539133071899
3.490447998046875
3.193598985671997
6.332468748092651
2.8807671070098877
2.8247201442718506
2.874559164047241
3.4178991317749023
2.9095497131347656
3.3928639888763428
6.374370098114014
3.190769910812378
3.2891900539398193
3.010551929473877
3.0146031379699707
3.1557259559631348
6.4828879833221436
2.7758162021636963
2.8476431369781494
4.968452215194702
3.4915361404418945
3.5717720985412598
4.801549911499023
2.7699310779571533
2.75404691696167
3.042937994003296
2.925781011581421
5.352213144302368
4.30872106552124
3.351594924926758
5.122874975204468
4.022487163543701
3.5755090713500977
3.188591957092285
3.4312539100646973
3.3168461322784424
2.9643030166625977
4.138774871826172
4.400110960006714
3.0580389499664307
3.059028148651123
3.2748727798461914
3.5501298904418945
8.71203088760376
2.949800729751587
5.592783212661743
2.8098461627960205
3.4724268913269043
3.4642879962921143
3.702716827392578
3.8306798934936523
9.900774002075195
3.046311140060425
2.9371750354766846
4.952208995819092
3.219627618789673
7.764341115951538
3.4254040718078613
2.995347023010254
9.821332931518555
3.0530011653900146
3.0696282386779785
4.3248631954193115
2.6992340087890625
4.390553951263428
3.19101881980896
3.915241003036499
3.390465021133423
3.206291913986206
3.639896869659424
4.070780038833618
3.732370138168335
3.3109748363494873
4.557349920272827
3.8860180377960205
3.5823240280151367
4.614626169204712
3.7094881534576416
2.9708099365234375
4.747586727142334
3.0848236083984375
4.320949077606201
3.9674198627471924
2.8877041339874268
3.6700940132141113
3.084458112716675
3.265655040740967
6.616688013076782
3.4336822032928467
3.0702168941497803
6.21302604675293
7.980579137802124
3.1232218742370605
3.129326105117798
3.127397060394287
8.107614040374756
3.5270259380340576
2.9925920963287354
3.533025026321411
4.771437883377075
2.9645450115203857
2.7924630641937256
2.992022752761841
4.8007519245147705
3.190268039703369
4.372370958328247
2.976348876953125
2.76782488822937
4.839180946350098
3.501944065093994
3.023433208465576
2.832878589630127
5.507707834243774
3.279721975326538
3.4558870792388916
3.064336061477661
6.940829038619995
3.244926929473877
3.0993518829345703
2.830533742904663
3.293700933456421
4.314197063446045
2.9955320358276367
3.1100220680236816
3.778975248336792
3.6640779972076416
5.832074165344238
4.18650221824646
2.9690229892730713
3.6616640090942383
3.573275566101074
3.2257931232452393
4.134503602981567
7.272100925445557
6.3715150356292725
4.147144794464111
2.723308801651001
3.1051316261291504
2.9973981380462646
3.0760910511016846
3.2051448822021484
2.946861982345581
4.090663194656372
3.2838921546936035
3.6235930919647217
3.1553900241851807
3.2637650966644287
2.8419718742370605
3.3866732120513916
3.7623190879821777
3.2427518367767334
5.038380146026611
2.5612950325012207
4.042164087295532
2.786863088607788
3.802823066711426
3.7965269088745117
7.741132974624634
2.8860061168670654
3.3264729976654053
2.9955451488494873
5.408710241317749
4.315345048904419
3.1700339317321777
3.2354249954223633
3.1597390174865723
3.5523691177368164
3.2312629222869873
6.081615924835205
4.4516921043396
3.5478432178497314
3.396855115890503
2.8369359970092773
3.7252819538116455
4.389337062835693
5.235854864120483
3.6944549083709717
2.9990501403808594
3.043002128601074
3.3323140144348145
2.7897861003875732
3.358659029006958
3.375969886779785
3.6155571937561035
3.3564422130584717
2.716717004776001
2.7848711013793945
3.643542766571045
3.1606459617614746
2.8157570362091064
3.4357101917266846
3.9335169792175293
2.957796096801758
3.0236599445343018
3.802196979522705
3.36389422416687
3.446805000305176
4.0833399295806885
3.145958185195923
2.9585769176483154
3.0038318634033203
3.8373091220855713
2.953933000564575
2.953468084335327
3.419245958328247
5.285593032836914
4.38405704498291
3.142874240875244
3.1301989555358887
2.944991111755371
3.122793197631836
3.6372320652008057
3.314692974090576
3.024557113647461
5.204828977584839
3.07991099357605
4.035588979721069
2.869310140609741
2.9188640117645264
2.691701889038086
3.0198309421539307
3.622441053390503
3.879657030105591
5.457955837249756
3.6624600887298584
3.1151537895202637
5.497732877731323
3.3026978969573975
4.554815053939819
2.875694990158081
2.792559862136841
3.8288538455963135
3.1339681148529053
3.7655270099639893
2.903330087661743
3.548711061477661
3.177206039428711
4.108249187469482
3.019753932952881
2.9695849418640137
3.752166986465454
8.972899913787842
3.6115169525146484
3.6825520992279053
3.0225369930267334
4.381319999694824
3.4060819149017334
2.809948205947876
3.245276927947998
3.434986114501953
2.9128448963165283
2.982186794281006
3.430237054824829
2.9007568359375
3.0270698070526123
3.1073989868164062
2.6027190685272217
3.951738119125366
3.17000412940979
3.189725875854492
4.695012092590332
4.239654064178467
3.4256300926208496
2.9981889724731445
7.898494005203247
4.088697910308838
5.496160984039307
3.9066267013549805
3.03228497505188
2.97578501701355
3.4659011363983154
3.2057571411132812
2.881847858428955
7.487934112548828
3.169813871383667
2.9752538204193115
5.099756956100464
2.977708101272583
2.852062940597534
4.996551990509033
3.085211992263794
2.8711390495300293
2.862529993057251
2.8605470657348633
3.431260585784912
2.825364828109741
3.803001880645752
3.622844934463501
2.9206299781799316
2.642519950866699
3.455763101577759
3.260545015335083
2.7782418727874756
3.158783197402954
3.320817232131958
2.979948043823242
3.339792013168335
2.858299970626831
3.709273099899292
2.9982831478118896
3.6604840755462646
2.9944729804992676
4.564482927322388
2.7533011436462402
6.905040979385376
3.5220580101013184
2.7197930812835693
3.0631439685821533
3.9081308841705322
2.7737410068511963
2.5660080909729004
3.168102979660034
6.365346193313599
4.511556148529053
3.3209340572357178
3.0421390533447266
3.6499669551849365
6.195562124252319
4.176936149597168
3.300222873687744
3.515475034713745
2.835292100906372
13.075549125671387
10.58962607383728
2.763170003890991
2.791656017303467
3.114060163497925
3.749994993209839
2.9506099224090576
4.217187166213989
5.505392074584961
3.044279098510742
3.0661349296569824
2.9311630725860596
3.612644910812378
3.0706279277801514
5.819811105728149
3.7713639736175537
2.5504961013793945
4.712255954742432
3.254502058029175
4.0568671226501465
7.021059036254883
2.586496114730835
3.266012668609619
3.0023510456085205
9.114311218261719
2.6203439235687256
3.6909289360046387
4.589293003082275
3.3661842346191406
2.8508808612823486
2.8002469539642334
2.955862045288086
3.0752899646759033
2.8360869884490967
3.2191781997680664
3.943449020385742
3.8397128582000732
3.04290509223938
3.6449337005615234
4.448068857192993
2.7471818923950195
3.0835559368133545
4.008795976638794
2.6577939987182617
3.230048894882202
3.6341230869293213
3.41818904876709
5.527275085449219
4.084705829620361
3.9440550804138184
3.338711977005005
3.592149019241333
5.992608070373535
2.8125057220458984
2.9454007148742676
2.7413549423217773
6.160080194473267
3.047781229019165
3.3115718364715576
3.017836809158325
3.20041561126709
3.0784881114959717
3.666261672973633
6.602211952209473
2.8332247734069824
2.8384850025177
2.926729917526245
2.896933078765869
2.824481964111328
2.944795846939087
2.920788049697876
6.890911102294922
3.109891176223755
3.2364416122436523
2.85479998588562
5.347941875457764
6.155729055404663
3.0076019763946533
2.88116717338562
2.944783926010132
3.2861170768737793
2.8382408618927
4.428664922714233
3.3496851921081543
3.6035449504852295
3.1096370220184326
3.7361481189727783
3.6034486293792725
2.9285671710968018
3.195155143737793
2.655329942703247
5.162528038024902
6.275436162948608
3.271237850189209
2.7421886920928955
3.161195993423462
5.248469114303589
2.9514920711517334
3.4761300086975098
4.051246166229248
3.4059717655181885
4.421377182006836
3.116558074951172
3.2173328399658203
2.7433159351348877
3.6045939922332764
2.8551008701324463
3.9889659881591797
3.975155830383301
3.541351079940796
3.029510974884033
2.823590040206909
3.5165741443634033
6.158997058868408
3.253993034362793
3.740478992462158
4.675216913223267
4.243786096572876
5.154253244400024
2.9076311588287354
3.610860824584961
2.991807222366333
3.255295753479004
4.471349000930786
3.143671989440918
3.2547550201416016
2.94964599609375
3.2488789558410645
3.42472505569458
2.792055130004883
3.4553818702697754
3.192638874053955
3.152848720550537
2.8782591819763184
3.4082279205322266
6.3383948802948
3.1787970066070557
3.111964225769043
6.576592206954956
4.656432867050171
3.444688081741333
3.1854209899902344
3.068704128265381
2.9779419898986816
3.2320098876953125
3.323227882385254
3.5349020957946777
6.116550922393799
6.4551308155059814
2.9156839847564697
3.0147619247436523
2.716839075088501
3.9174556732177734
4.695430040359497
2.9527459144592285
3.545016050338745
4.4230170249938965
4.44386100769043
4.400753974914551
3.0832018852233887
3.0338079929351807
3.0807881355285645
3.2045748233795166
2.5107131004333496
3.24393892288208
7.244189977645874
3.388679027557373
4.662132740020752
2.997476100921631
7.284693956375122
2.7201757431030273
5.418139219284058
3.262204170227051
2.8293700218200684
4.687873125076294
2.9184889793395996
3.859714984893799
3.625678062438965
4.812563896179199
3.068688154220581
3.2904632091522217
3.6590917110443115
3.1987428665161133
2.856696128845215
4.681471824645996
4.570418119430542
2.986471176147461
3.7049899101257324
2.51241397857666
2.8679850101470947
4.334252119064331
3.6428749561309814
3.3057799339294434
8.39541482925415
2.8292229175567627
3.049635887145996
6.05407190322876
11.672039031982422
3.077461004257202
2.952425718307495
4.154573202133179
4.23489785194397
3.764845132827759
2.793722152709961
3.355881929397583
3.7835559844970703
5.72701621055603
3.0948309898376465
3.7300610542297363
9.108306884765625
3.744063138961792
4.61928391456604
4.049759864807129
4.23484206199646
5.338585138320923
3.92112398147583
3.264047861099243
3.672183036804199
8.770389080047607
5.544110059738159
4.493916749954224
3.475114107131958
4.183906078338623
3.0061118602752686
4.832076787948608
2.851970911026001
3.145509958267212
3.8173630237579346
3.0018680095672607
2.56358003616333
4.555964946746826
2.6821610927581787
3.5673491954803467
3.3026952743530273
5.645832777023315
3.167896032333374
4.007699966430664
3.00689697265625
3.763995885848999
4.621981859207153
4.457127094268799
2.9112961292266846
3.7894489765167236
2.6137590408325195
2.9848971366882324
4.212936162948608
5.110269069671631
3.712162971496582
8.68108606338501
3.6957876682281494
5.576307058334351
7.049381971359253
3.6549229621887207
2.7568490505218506
3.3617920875549316
3.1655890941619873
2.7584121227264404
3.313427209854126
3.3004629611968994
4.784296035766602
