22.75134515762329
22.598297595977783
22.270097017288208
22.87152361869812
22.22683095932007
22.68296790122986
22.461365461349487
22.4377338886261
22.35927677154541
21.950941562652588
22.075111865997314
22.39106011390686
22.71770143508911
22.45036029815674
22.53570795059204
22.40904974937439
21.03169870376587
24.761057376861572
23.213491439819336
24.132558345794678
22.257166147232056
24.1950740814209
23.51422619819641
22.88570761680603
22.336923360824585
23.010619163513184
22.501692295074463
22.813265085220337
22.803457498550415
23.286278009414673
22.36600685119629
22.571253299713135
22.675248861312866
23.24996304512024
22.80849266052246
24.211236000061035
23.68327260017395
22.709166765213013
23.40396809577942
22.737183094024658
23.3929500579834
22.846396446228027
23.349838972091675
22.238067388534546
22.8879075050354
23.51498293876648
22.79576325416565
22.993258714675903
23.122479915618896
22.8867084980011
22.844942092895508
22.759098291397095
23.754586935043335
22.928773641586304
23.475321531295776
23.3251895904541
24.307066440582275
23.309723615646362
23.76885223388672
23.55710506439209
24.79251980781555
23.568084955215454
25.372541904449463
23.802046060562134
24.71098804473877
25.609630584716797
23.09409213066101
25.519686222076416
24.491154670715332
25.454965114593506
25.42378282546997
24.516736030578613
24.814104557037354
25.571404933929443
24.487375497817993
25.328051805496216
25.75820255279541
25.507988929748535
24.518776893615723
26.813963651657104
26.35104775428772
25.173086404800415
24.665599584579468
26.875244140625
26.719587087631226
25.515411376953125
27.210548162460327
26.541276693344116
27.033271074295044
26.29000425338745
24.58936357498169
26.906304359436035
25.171504020690918
27.083758115768433
25.310514450073242
25.36933422088623
25.846861600875854
25.772449016571045
25.32916259765625
27.19054341316223
26.388421773910522
26.83837366104126
25.117915391921997
24.756741523742676
26.780768871307373
26.1029314994812
27.163532733917236
23.527385234832764
24.958659648895264
25.181084394454956
27.98629593849182
27.33656072616577
27.669922590255737
25.054431200027466
28.52116584777832
26.400686979293823
26.60230565071106
26.493132829666138
25.745198011398315
26.777687549591064
26.6743323802948
23.061325073242188
23.805564641952515
24.772738456726074
26.473471641540527
25.584996938705444
27.195616722106934
27.338391304016113
26.913344860076904
26.81481695175171
26.94854712486267
27.00344157218933
26.744099855422974
27.014514684677124
26.585825204849243
27.00053906440735
26.83704423904419
26.74830150604248
26.209048748016357
27.06120538711548
27.123260021209717
27.111947059631348
25.814234972000122
26.023342609405518
26.83630084991455
27.371695041656494
27.32536292076111
27.957196950912476
29.956708431243896
26.431119441986084
25.877813816070557
29.870290994644165
26.594783306121826
29.25452423095703
29.27056574821472
29.56866455078125
30.065016746520996
29.50149416923523
29.486636877059937
30.403379917144775
29.954200983047485
23.510618925094604
22.754610776901245
29.7428138256073
26.923536777496338
30.324443340301514
28.974567413330078
30.504024267196655
29.655577182769775
29.786921739578247
29.577706813812256
30.338650703430176
29.62411618232727
26.997056007385254
26.817950963974
29.95159363746643
29.65596628189087
29.443134307861328
30.117331743240356
29.88994574546814
29.58347463607788
29.9409499168396
29.392961502075195
29.87529182434082
29.59249186515808
26.882649183273315
26.561533451080322
28.45802879333496
29.552313327789307
29.87221932411194
27.25941252708435
31.020888090133667
29.38586449623108
29.435688018798828
29.636637687683105
30.368351697921753
28.602378845214844
29.889984369277954
29.523276567459106
30.156532526016235
27.56713342666626
29.84017252922058
29.817104816436768
29.771664142608643
30.988064765930176
28.678603649139404
29.940043449401855
30.085322380065918
29.79403829574585
29.60029697418213
29.365009307861328
29.838560104370117
29.390501022338867
30.216559648513794
28.350022792816162
28.83978295326233
31.312803030014038
29.22377896308899
29.944658756256104
28.77456259727478
29.470995664596558
28.940194845199585
29.440771341323853
29.21987509727478
29.583045721054077
26.932872533798218
28.820175170898438
28.64425539970398
30.892582654953003
29.29964542388916
29.999067306518555
29.23627495765686
29.28066086769104
30.03321361541748
29.444107055664062
29.498151779174805
25.74451446533203
29.162686347961426
30.038655996322632
31.480130434036255
24.472886085510254
24.261749029159546
29.47198987007141
30.969617128372192
31.354182958602905
31.75032663345337
31.81410026550293
31.04522204399109
27.63263201713562
31.54760193824768
31.791367292404175
31.40308165550232
31.446033716201782
31.364351511001587
31.89047884941101
30.390886783599854
32.3556444644928
31.54128885269165
26.211591482162476
31.004931211471558
30.909844160079956
31.127660512924194
31.330332040786743
31.51691246032715
31.10153317451477
29.653124570846558
29.315773248672485
29.790506601333618
30.23179316520691
31.746365547180176
31.573996543884277
32.34459924697876
27.925129652023315
31.588629007339478
31.755947828292847
31.118394374847412
26.39007306098938
25.971848726272583
26.666701078414917
29.467747926712036
30.807273864746094
29.923908472061157
30.340031385421753
30.406099319458008
31.302452087402344
31.303978443145752
29.70850110054016
23.760838985443115
30.286683320999146
32.03971195220947
30.118934154510498
27.241411447525024
31.919466018676758
28.557732105255127
31.240516185760498
30.92603087425232
30.844642639160156
31.61212158203125
30.39982795715332
32.07566523551941
26.21519923210144
26.96079397201538
30.61422038078308
30.998965978622437
30.84029483795166
30.018277406692505
31.838379383087158
31.70582389831543
30.80143928527832
31.404174089431763
30.99139404296875
31.78589391708374
30.72452139854431
30.221123218536377
31.37018060684204
30.931300401687622
28.232958793640137
30.74449896812439
30.30879235267639
30.217097759246826
31.052334785461426
31.661595582962036
31.565142154693604
31.022642135620117
31.435383081436157
30.498193502426147
30.97523546218872
30.567623615264893
31.09138298034668
30.707252740859985
30.23088765144348
31.075435161590576
30.74510145187378
30.696574449539185
31.29041600227356
30.851890087127686
30.82176375389099
31.065526962280273
31.45139169692993
30.401448726654053
30.678574800491333
30.94310450553894
30.81569528579712
31.495810747146606
30.08922266960144
29.571906328201294
29.642271280288696
31.348201274871826
31.603638410568237
30.836297512054443
31.85788631439209
31.056259393692017
31.00131368637085
30.67651891708374
31.348973751068115
31.338008403778076
30.889124631881714
31.435678958892822
31.064949989318848
30.962944269180298
31.3918297290802
31.37672209739685
29.91445016860962
25.28772807121277
28.345043182373047
30.973835229873657
30.50300121307373
31.736177682876587
30.517504453659058
30.624552726745605
30.79737138748169
30.87191367149353
32.20500636100769
31.84200620651245
31.545157432556152
32.03456473350525
31.975288152694702
31.53782629966736
31.278940677642822
30.549249172210693
31.630154132843018
31.429847955703735
31.716628074645996
30.850645542144775
30.98440384864807
26.201684951782227
25.493891716003418
31.44437313079834
30.466102123260498
32.13616585731506
30.71018385887146
31.882033586502075
31.31113576889038
30.35026717185974
25.595551013946533
31.23094391822815
30.99802327156067
30.60520029067993
30.699881076812744
31.07093119621277
30.72367835044861
30.427452564239502
30.461571216583252
25.74625301361084
25.563309907913208
31.629265069961548
31.066214084625244
30.469330310821533
30.2671160697937
31.146668434143066
31.34116554260254
30.278401851654053
30.637080669403076
30.959340572357178
31.00986647605896
30.657623052597046
30.98902463912964
30.683688402175903
30.94691300392151
31.02722477912903
30.508039236068726
30.749439239501953
31.64152240753174
26.378637552261353
30.771533489227295
30.85856342315674
30.548043489456177
30.75615382194519
31.260788440704346
30.520111083984375
31.223790407180786
30.553556203842163
25.324727058410645
30.678754806518555
30.53598141670227
30.57582116127014
30.245327949523926
30.757998943328857
30.25741744041443
30.589264631271362
30.365999698638916
31.75007963180542
30.250452756881714
30.79293656349182
30.43196392059326
30.175873041152954
30.69774103164673
30.211690425872803
29.838571310043335
31.244240283966064
30.276951551437378
31.98057532310486
32.55579948425293
30.76606035232544
30.75264859199524
31.5123872756958
31.17777943611145
30.639883995056152
30.990447521209717
31.518301010131836
30.92549967765808
31.531257390975952
30.4012451171875
30.859156131744385
30.544134855270386
28.07758116722107
30.858572244644165
31.613136529922485
28.6036434173584
30.519904136657715
30.665346145629883
31.278779983520508
31.979017972946167
31.291739225387573
31.087242364883423
26.954460620880127
26.603577375411987
31.08092451095581
30.873839378356934
31.339701890945435
31.135290384292603
32.3034462928772
26.461507081985474
28.413867950439453
31.008129119873047
30.687397003173828
29.309852838516235
30.651600122451782
29.277271270751953
25.456489324569702
26.683182954788208
32.05928635597229
31.709609508514404
30.840299606323242
30.444096565246582
27.157113313674927
31.090147733688354
31.475783348083496
30.793282747268677
30.96044921875
31.499385595321655
31.771946907043457
25.557471990585327
25.006546020507812
25.35840892791748
31.053537130355835
27.897194147109985
30.042922735214233
31.240628480911255
30.763593196868896
26.101136684417725
29.677342891693115
29.91040539741516
31.118077278137207
31.266193866729736
31.25501298904419
31.206047773361206
30.879287481307983
32.023401737213135
30.933151960372925
33.858476638793945
29.025354862213135
34.098832845687866
31.401856184005737
30.955259561538696
30.53670883178711
26.176989555358887
31.018617868423462
30.2255220413208
31.291197061538696
30.61253595352173
30.66825032234192
30.516225576400757
31.784269094467163
31.2677800655365
31.953278064727783
32.691097021102905
25.213802099227905
25.242815017700195
31.02848482131958
30.610119581222534
31.19964909553528
27.867997646331787
31.225423336029053
30.599615573883057
31.579675436019897
30.673001050949097
28.990350484848022
31.007182121276855
30.165242433547974
31.062475442886353
30.707040786743164
27.205085277557373
27.784700870513916
26.957617044448853
27.374950170516968
31.180543422698975
30.059234142303467
28.762497901916504
28.366608142852783
28.326098918914795
31.363218307495117
31.394461631774902
31.316245317459106
32.069716691970825
31.53669285774231
31.474067449569702
31.570682048797607
31.610431432724
30.638745307922363
31.01129174232483
30.715516567230225
31.36307168006897
29.174842357635498
30.801281213760376
27.787679195404053
28.829360008239746
29.676324605941772
28.393465995788574
30.864953756332397
30.902260780334473
30.640095472335815
31.021844625473022
31.722495317459106
30.538938760757446
30.741135358810425
28.78802227973938
31.124486923217773
31.0839741230011
31.280197381973267
31.699934720993042
30.696194887161255
31.50474452972412
30.49832844734192
28.19645404815674
27.55206871032715
26.869014024734497
27.343573331832886
30.911694049835205
31.30537509918213
29.720677852630615
29.854737997055054
30.32593297958374
30.210059881210327
30.579509019851685
29.74942183494568
30.513842344284058
29.969571590423584
28.696905612945557
30.533485889434814
29.251902103424072
29.636151790618896
30.320554733276367
30.09756565093994
30.134461641311646
29.568145751953125
30.194205284118652
29.08327007293701
28.9408016204834
31.79769277572632
30.578880786895752
30.44976234436035
30.48592782020569
30.409677982330322
30.1724054813385
30.287426710128784
30.370079040527344
30.23952555656433
30.5877525806427
30.497254610061646
28.9105122089386
29.943753480911255
30.47401452064514
30.141831398010254
32.69416522979736
27.66721534729004
28.20060920715332
29.852094411849976
29.42444682121277
28.58680820465088
25.791826248168945
25.894098043441772
26.920222759246826
29.945935010910034
28.67445993423462
30.193775415420532
29.238900661468506
30.297558069229126
29.331389904022217
29.38393521308899
29.71680784225464
29.882655382156372
29.400898218154907
30.091179847717285
30.02130889892578
29.844333171844482
29.500687837600708
29.295369148254395
29.574733018875122
29.756433248519897
27.822539806365967
27.803114652633667
25.95605969429016
25.110456943511963
29.176910161972046
31.055850505828857
29.72743320465088
29.100691318511963
29.83164381980896
28.970842361450195
29.547415494918823
28.69662356376648
28.19280171394348
28.059417486190796
31.50902247428894
29.930020332336426
29.275463104248047
29.056398630142212
28.85024380683899
29.08803081512451
29.0230450630188
29.42851996421814
29.038568258285522
29.37056803703308
29.003113985061646
29.018349409103394
29.879355907440186
28.52815008163452
28.080246210098267
29.480807304382324
29.98889470100403
30.57391119003296
29.588274240493774
33.81385803222656
29.718254566192627
29.54608964920044
29.509666919708252
27.213858604431152
30.163568258285522
29.448519706726074
29.510168313980103
30.036006927490234
30.105327367782593
29.297399520874023
31.793452739715576
29.04231095314026
29.937082290649414
29.27337646484375
29.27552342414856
29.340043783187866
30.63797402381897
29.960437536239624
30.458030700683594
29.45250415802002
29.230918884277344
29.589021682739258
30.24349546432495
28.854440450668335
30.169163465499878
30.392651081085205
29.729377031326294
29.115264415740967
29.288378953933716
29.591886281967163
29.171696662902832
29.862703561782837
28.657691478729248
29.62581729888916
26.78146195411682
29.293956756591797
28.00224781036377
28.900469303131104
28.97305393218994
28.74904727935791
29.43249201774597
29.500214338302612
29.642695903778076
26.195839405059814
28.722521543502808
29.757190942764282
28.87154459953308
29.315381288528442
29.97652292251587
26.327903509140015
29.417616844177246
29.8319354057312
24.885061264038086
30.085254669189453
29.70873498916626
29.709664344787598
32.62429928779602
29.769267320632935
29.220202922821045
28.097758293151855
26.070845127105713
29.945957899093628
29.73913812637329
29.637547731399536
29.366843223571777
29.22495460510254
29.152817249298096
29.697856187820435
29.624926567077637
27.197928428649902
27.2071590423584
28.67129683494568
30.550774097442627
28.895190715789795
28.82248306274414
29.520675659179688
31.02679991722107
29.127967596054077
28.32291340827942
30.91648507118225
29.691147089004517
28.624677658081055
31.044403791427612
29.59208869934082
30.82217502593994
30.308558225631714
29.90334916114807
30.90938973426819
26.9676513671875
30.621670961380005
30.26619601249695
30.03797745704651
30.243532419204712
31.118598461151123
30.54323410987854
28.58281898498535
32.70166826248169
33.00404977798462
29.997417449951172
29.14061212539673
29.17184805870056
30.970325708389282
29.87819814682007
29.223684310913086
28.454101085662842
29.49080538749695
28.35038447380066
29.459473133087158
28.932697534561157
29.396669149398804
32.37571430206299
27.983066082000732
25.310747385025024
29.62284541130066
29.990976810455322
33.2280011177063
26.753381490707397
26.474696159362793
29.134803533554077
30.077406644821167
29.82339882850647
30.317729234695435
30.295382976531982
29.824782133102417
25.563934087753296
30.046460151672363
29.74865221977234
29.717904567718506
29.03054642677307
29.696934700012207
29.503085374832153
29.81458020210266
27.141994953155518
28.25913691520691
29.345929861068726
30.23406481742859
28.871325254440308
29.93076491355896
29.69663119316101
30.392400979995728
29.996288537979126
32.5877525806427
32.509881258010864
31.850282192230225
31.6003315448761
29.879031896591187
29.591160535812378
29.450840711593628
30.072670221328735
26.056877851486206
28.766744375228882
29.768593549728394
29.866501569747925
29.69289231300354
29.49826669692993
30.43921136856079
29.560474395751953
29.100040912628174
28.56304097175598
29.522486448287964
29.51558232307434
29.909950017929077
30.318901777267456
30.315252780914307
30.65409207344055
30.661365270614624
30.30301785469055
30.2413592338562
29.831897735595703
29.790220975875854
30.536532402038574
32.57688045501709
32.78138494491577
32.42938208580017
32.154876470565796
29.71590304374695
29.430859327316284
30.60386896133423
30.68589973449707
30.177101135253906
31.005020141601562
29.928099870681763
28.249544620513916
30.73247265815735
30.340034008026123
29.473129749298096
29.577549934387207
29.960432052612305
31.28554630279541
30.055611848831177
30.75512170791626
30.26374912261963
30.036242723464966
30.22506618499756
32.822203636169434
33.0137357711792
29.638152360916138
29.65832209587097
30.95301580429077
31.037156105041504
30.862812042236328
31.21225881576538
30.862083435058594
29.132076263427734
30.97362232208252
30.933951139450073
30.35709810256958
30.914947271347046
30.044097900390625
30.050451040267944
30.865264892578125
30.575803995132446
30.77077603340149
30.69478678703308
30.13431978225708
30.18191885948181
28.82115936279297
29.234713315963745
31.155890941619873
29.742201805114746
30.71187162399292
30.634918689727783
29.951013326644897
32.04551696777344
30.693416833877563
29.470661401748657
31.06031823158264
34.84421229362488
30.82262110710144
28.650756120681763
26.317464113235474
24.658244371414185
27.911718130111694
29.98423457145691
30.06316328048706
30.526185750961304
30.323524713516235
31.41876983642578
30.79252028465271
27.1032235622406
30.248385906219482
30.473374843597412
29.757156133651733
26.66473126411438
26.71817421913147
30.528568029403687
30.787805795669556
31.428455114364624
30.830445289611816
27.698662042617798
30.493114233016968
30.791447401046753
30.615996837615967
29.612144231796265
30.260210752487183
30.936691761016846
30.28819751739502
29.26070261001587
30.434755325317383
30.48666548728943
31.0260751247406
29.21271276473999
30.442683219909668
31.26438617706299
30.25233483314514
30.283754110336304
31.007914781570435
30.67313003540039
30.53657579421997
30.101423740386963
29.30004644393921
30.580498933792114
30.080581665039062
29.83954668045044
30.06077003479004
30.29406213760376
30.740252017974854
30.811320304870605
30.33058786392212
30.825804948806763
30.80375099182129
30.71144390106201
29.70811367034912
30.452189207077026
30.716553926467896
30.21948528289795
30.65518832206726
30.813868284225464
30.654595375061035
30.522772789001465
30.442877054214478
30.25476598739624
30.437705039978027
30.964920043945312
29.675350427627563
30.92359709739685
30.75253200531006
29.366512060165405
26.33929944038391
29.63251519203186
30.388545274734497
29.37336492538452
29.877100229263306
30.360590934753418
30.304261684417725
29.826585054397583
30.00181818008423
30.000656366348267
30.361274480819702
30.33165693283081
29.739793062210083
30.713122367858887
30.54034972190857
30.362138509750366
30.100173950195312
30.62274169921875
30.400644302368164
30.798510313034058
30.473930835723877
30.754263162612915
30.209776878356934
28.50385022163391
28.840101957321167
24.691431045532227
30.451865434646606
30.727186918258667
31.287148475646973
30.509360790252686
29.367767810821533
30.681579113006592
31.279554843902588
28.326234102249146
30.66459012031555
30.6107394695282
30.36601161956787
30.757819414138794
30.01183772087097
30.122110843658447
30.379270315170288
27.04963445663452
30.986992597579956
28.58850598335266
29.34573245048523
31.67768430709839
29.940259218215942
31.18060278892517
29.7773699760437
30.723364114761353
29.96868348121643
30.699788093566895
30.627462148666382
30.690107345581055
29.38649082183838
30.17979884147644
31.015870571136475
30.26216411590576
30.43156933784485
30.419080018997192
30.58353281021118
30.72109603881836
29.23922610282898
31.945940017700195
32.53111958503723
29.486942529678345
30.377620697021484
30.616065740585327
30.186073780059814
30.844835996627808
30.213291883468628
30.92431879043579
30.332681894302368
29.951993703842163
25.625893115997314
28.25214695930481
33.05015969276428
30.63049602508545
30.5788357257843
30.937761068344116
30.259165048599243
30.639626502990723
31.439077615737915
30.97015380859375
30.597567081451416
30.428981065750122
30.78826880455017
29.37047839164734
31.070977687835693
30.836643934249878
31.356733560562134
30.948761463165283
29.42037320137024
29.884838342666626
30.030476808547974
27.22320532798767
26.979345083236694
35.35981106758118
33.19831347465515
30.329010009765625
30.91339087486267
30.615020513534546
30.398805856704712
30.754438877105713
30.05794858932495
30.81781816482544
30.99715280532837
29.630576610565186
30.652308464050293
30.53328824043274
30.808946132659912
30.219585180282593
30.762885570526123
30.33171033859253
30.097877025604248
30.04927659034729
30.717180967330933
30.172115325927734
29.69608473777771
28.615594387054443
30.649319887161255
30.96793484687805
31.19601035118103
30.70199680328369
30.0070583820343
30.862585306167603
29.998870849609375
34.22143507003784
34.0488965511322
27.866309642791748
28.57619071006775
30.570542097091675
30.209184885025024
30.27188754081726
30.318365335464478
30.45280647277832
30.790865421295166
30.82129716873169
30.46410298347473
31.069291830062866
30.627684593200684
30.093888759613037
30.73515272140503
30.75161910057068
31.156290769577026
31.472429990768433
25.723910093307495
25.600791454315186
30.919212341308594
29.416521787643433
29.931942224502563
30.165460109710693
29.84220314025879
29.245033979415894
31.2252140045166
31.062270164489746
30.469775915145874
31.030011653900146
30.811541318893433
30.322827339172363
29.880430936813354
30.521371126174927
29.690066814422607
30.30067014694214
30.362181663513184
30.84216833114624
27.547791242599487
28.02593994140625
27.703611850738525
27.68477773666382
30.688496589660645
30.251316785812378
30.19015121459961
30.28590416908264
30.161600828170776
30.59059715270996
29.81412696838379
29.94597029685974
29.78964924812317
29.734524488449097
30.38930082321167
30.18345022201538
30.03851628303528
30.832855224609375
30.050458192825317
30.719444274902344
30.141494035720825
29.607778072357178
31.01659083366394
27.641058206558228
29.346477270126343
29.1293785572052
26.080602884292603
29.966803073883057
29.936084032058716
30.54636025428772
29.47704243659973
31.05809712409973
30.404430866241455
30.151721715927124
30.10336661338806
30.639995098114014
30.72628426551819
31.064025402069092
30.453490257263184
30.01720881462097
29.742835998535156
30.142789125442505
30.17088270187378
30.471471786499023
30.416643857955933
30.182163953781128
31.143383741378784
30.78033471107483
29.02206516265869
28.472012758255005
30.338810920715332
30.19380497932434
29.249704122543335
28.247827529907227
27.48862886428833
30.127710580825806
30.37505602836609
30.33277988433838
30.44137406349182
29.511307954788208
29.087826251983643
29.793397426605225
29.511650562286377
32.56220507621765
29.818995237350464
29.57759428024292
29.024005889892578
31.95787239074707
30.262173175811768
29.303550004959106
28.136121034622192
27.88137197494507
30.27566623687744
30.65586018562317
29.548911571502686
29.46957278251648
29.32101845741272
29.322598695755005
29.398842811584473
31.391496419906616
30.106254816055298
28.654797554016113
27.04727292060852
28.42205286026001
30.16511082649231
29.388622760772705
30.69016194343567
30.53223180770874
30.94172763824463
29.531028509140015
30.071083307266235
30.862789154052734
29.256579875946045
31.222265005111694
31.384408473968506
31.047330856323242
28.8623263835907
31.196156978607178
31.22408366203308
30.455904722213745
31.036839246749878
31.361411333084106
29.571027755737305
26.603323221206665
32.08133363723755
32.82808780670166
27.745336771011353
29.203397035598755
29.832281827926636
28.4690043926239
32.34749102592468
25.358482360839844
25.622846126556396
30.917733192443848
29.89479923248291
30.190412044525146
29.130944967269897
30.443158864974976
29.56713318824768
29.327743768692017
31.084253311157227
29.179331302642822
31.213839530944824
25.978376150131226
28.425318002700806
26.622175216674805
29.460081815719604
28.190513610839844
32.83754324913025
34.2302143573761
29.86081075668335
29.88537359237671
29.540393829345703
31.03915023803711
25.360697507858276
26.09981393814087
28.9687077999115
28.803515672683716
29.88881230354309
31.10347628593445
29.56515908241272
29.55074977874756
30.758049726486206
30.371967792510986
30.959091901779175
28.323445320129395
30.94477391242981
29.05580735206604
30.642534255981445
26.407307863235474
30.599141836166382
24.82105040550232
30.169190406799316
31.20004415512085
29.5992693901062
29.675450801849365
30.397475242614746
30.390117406845093
32.032146692276
31.404996156692505
29.80560827255249
30.216726541519165
31.285724639892578
30.275716066360474
29.965267419815063
30.026614665985107
29.515739917755127
32.34862780570984
29.084572792053223
28.935272932052612
28.362252235412598
29.59262490272522
29.76585364341736
30.90147352218628
30.01474356651306
30.881118059158325
31.55043125152588
31.611185550689697
30.015583038330078
31.15372085571289
30.557061433792114
31.268224000930786
30.96151041984558
30.789512157440186
31.80573868751526
30.600574731826782
31.078623294830322
30.749909162521362
30.881351232528687
29.81833505630493
29.73066473007202
30.87034583091736
30.905104875564575
28.13108539581299
30.112876653671265
30.63290047645569
29.777828454971313
31.20560312271118
30.632180213928223
30.779950857162476
30.906785011291504
30.78733229637146
30.997455835342407
30.53016948699951
30.808459758758545
29.898367643356323
29.888845205307007
31.520448684692383
30.835524082183838
30.429025650024414
31.65389895439148
31.26852774620056
30.25206685066223
30.869171142578125
28.480547666549683
30.3805832862854
30.770615100860596
30.489527225494385
30.302274227142334
32.30014443397522
30.489462852478027
29.20199465751648
31.454317092895508
29.760573863983154
30.81061363220215
31.391242504119873
30.652274131774902
31.899885654449463
30.853079080581665
31.25728702545166
30.936394691467285
30.283892154693604
30.847535610198975
30.90765070915222
30.584469079971313
30.64361023902893
31.46869993209839
30.782143115997314
30.93634057044983
30.884657382965088
30.03708815574646
30.42656111717224
30.27277970314026
31.56234884262085
31.534194707870483
26.054244995117188
26.20987033843994
30.10121774673462
30.604037523269653
30.86006474494934
33.010507106781006
32.05775499343872
32.10767722129822
29.557401180267334
30.82132649421692
30.820366859436035
31.480165004730225
31.14400601387024
30.37268853187561
27.462174654006958
31.304771900177002
29.609023094177246
30.88881492614746
31.229220390319824
30.956764221191406
31.397804975509644
31.66223168373108
30.973245859146118
30.9790198802948
30.242509365081787
31.322269916534424
31.292016744613647
31.792366981506348
30.996045351028442
31.27138590812683
30.796604871749878
31.11751103401184
30.774988651275635
28.583226203918457
27.957497119903564
28.70291495323181
31.74448871612549
31.57150912284851
30.86651062965393
31.097350358963013
30.491495609283447
30.62460684776306
31.60209560394287
30.983877182006836
31.2410569190979
31.081316471099854
31.524028539657593
31.666086673736572
31.849353075027466
30.97387194633484
29.648027420043945
31.210575103759766
30.721336126327515
31.374594688415527
31.032325506210327
30.93042778968811
32.105106353759766
31.473060131072998
31.279147624969482
31.640602111816406
31.67013931274414
30.929639101028442
31.44495701789856
30.915948152542114
31.454005241394043
26.88458275794983
26.288740873336792
30.430158376693726
31.480263471603394
32.10285782814026
31.187713623046875
31.155194997787476
31.67604422569275
32.55793070793152
31.080981969833374
31.170480489730835
31.56820797920227
32.3103723526001
31.449867486953735
31.62635111808777
31.89584493637085
31.28344440460205
32.751646280288696
31.93354082107544
31.830161809921265
30.133578538894653
29.58731985092163
28.060976266860962
31.169883728027344
31.627132415771484
31.991100311279297
31.268346071243286
31.63269877433777
31.849921941757202
31.092369318008423
31.665974617004395
32.21600413322449
31.90588402748108
31.314375162124634
31.9410502910614
31.203487873077393
31.171841621398926
31.30038070678711
32.24727988243103
32.180259227752686
30.08622646331787
31.109434366226196
31.359641551971436
32.134796142578125
29.951000213623047
30.942941904067993
31.733985900878906
29.873130321502686
32.81086230278015
28.353069305419922
29.186022996902466
30.92888045310974
31.707524061203003
31.5317223072052
29.414770364761353
29.631022930145264
29.43224048614502
31.241031408309937
31.369014263153076
31.726598978042603
31.157083749771118
31.355345010757446
32.50218605995178
32.25042676925659
31.857100248336792
30.785377264022827
31.260080337524414
31.691309928894043
31.15257167816162
31.327552318572998
31.26960277557373
31.558068990707397
31.915894269943237
31.786256074905396
29.805046319961548
29.195606470108032
31.904837131500244
32.52349257469177
31.64646887779236
30.966773986816406
31.09615468978882
32.79822587966919
31.266505002975464
31.6889066696167
31.680867671966553
31.68802309036255
31.416826248168945
31.59339141845703
29.782121658325195
29.723665952682495
29.73647379875183
31.521666288375854
31.652562618255615
31.565151929855347
31.481683015823364
31.591922521591187
31.840720891952515
31.32200813293457
31.65397620201111
31.84171223640442
31.952580213546753
31.75972056388855
31.556501626968384
32.18727493286133
30.415963172912598
31.38437843322754
31.781778812408447
30.974807500839233
31.9103364944458
31.12896203994751
32.535325050354004
30.3875253200531
28.743983030319214
29.002704620361328
30.02365517616272
31.86397695541382
31.614271640777588
32.075939655303955
31.783730030059814
31.960830450057983
31.889886379241943
31.529365062713623
32.3568480014801
31.757851600646973
30.592179536819458
31.821078062057495
31.361658573150635
31.4193913936615
31.953118562698364
31.480618715286255
30.7088041305542
29.207355976104736
32.02434802055359
32.14687967300415
26.934387683868408
33.28353834152222
33.848450899124146
30.78150486946106
31.635186433792114
31.752418279647827
29.581122159957886
32.10110569000244
32.13824701309204
31.766676664352417
32.60390377044678
31.47706151008606
31.50658345222473
32.05947828292847
31.0606632232666
31.52629804611206
31.707202672958374
31.237870454788208
31.283474683761597
31.617873430252075
32.10578632354736
31.54962468147278
30.33059000968933
30.433791875839233
27.474764347076416
27.696677684783936
32.25508117675781
32.14510774612427
31.273225784301758
32.053927183151245
32.53288388252258
32.138317346572876
32.06319999694824
31.719115018844604
32.25533676147461
31.83654546737671
32.017457246780396
31.415489196777344
31.73844313621521
31.918779134750366
31.532339096069336
31.829045295715332
31.623509883880615
31.344860553741455
31.5488064289093
30.099350929260254
29.313929319381714
31.205254793167114
31.27709460258484
31.3882315158844
32.716602087020874
32.5258731842041
31.64735174179077
31.282355546951294
31.596917152404785
32.184340953826904
32.62841796875
32.30228638648987
31.1843740940094
31.148613214492798
30.32645559310913
30.995859622955322
31.337941884994507
29.911800384521484
31.898388624191284
31.913976907730103
29.09932041168213
32.954583406448364
31.673621892929077
29.49437713623047
31.434499263763428
31.611971378326416
31.746044635772705
32.117992639541626
30.217424154281616
31.671427249908447
31.840001106262207
31.99654245376587
31.955557346343994
32.17873167991638
32.7942750453949
32.6753134727478
32.40075874328613
31.714908838272095
32.710444927215576
31.774818658828735
32.15554976463318
32.137381076812744
29.259412050247192
31.553685188293457
31.436301946640015
31.623339653015137
30.955724954605103
31.352233409881592
31.4360032081604
31.782649278640747
31.94331955909729
31.804839372634888
31.678176879882812
31.795942783355713
31.52689814567566
31.678420305252075
31.870839834213257
31.97602367401123
31.785178899765015
31.910136699676514
31.434805393218994
31.742893934249878
31.962972402572632
31.826027154922485
32.28001379966736
32.30027222633362
31.597732305526733
29.700968503952026
30.163444757461548
31.507482767105103
30.480886697769165
31.159909963607788
32.95175814628601
31.24756908416748
32.39983916282654
32.10631775856018
31.807074546813965
31.899221897125244
31.27866244316101
31.78786325454712
31.83173394203186
32.00171136856079
30.54700994491577
32.13096475601196
31.658954858779907
31.78947639465332
32.240702867507935
31.83719825744629
32.36315560340881
31.401946544647217
31.68447709083557
30.35162925720215
29.673175573349
31.99643111228943
32.32109045982361
31.252606868743896
31.59236192703247
31.842292070388794
27.750736236572266
27.55700135231018
32.26113486289978
31.80769395828247
32.34354519844055
31.371148347854614
31.536323308944702
32.119733810424805
31.40861678123474
31.867973804473877
31.63962483406067
31.83696746826172
31.71798348426819
32.4835479259491
31.333929538726807
31.45750093460083
31.412354230880737
31.417125940322876
31.69890069961548
32.20828032493591
32.27027106285095
29.802512884140015
30.188262462615967
32.09531593322754
31.950161695480347
31.37795615196228
27.267083406448364
27.373801946640015
31.295290231704712
31.881234169006348
32.03915452957153
32.07839822769165
31.938445568084717
31.468708038330078
31.607731342315674
31.4518723487854
31.77496600151062
31.9652156829834
32.17962908744812
31.876561164855957
31.704994916915894
31.915945053100586
32.32767367362976
31.528894186019897
31.732936143875122
31.698745727539062
31.80362367630005
32.13318920135498
29.500958681106567
30.766087770462036
31.50557279586792
29.0369713306427
32.700371503829956
32.90971398353577
30.858576774597168
32.12144494056702
31.51107382774353
31.235032320022583
31.3595073223114
31.91541075706482
31.945103645324707
32.05208611488342
31.1810302734375
32.85241937637329
31.99349284172058
31.573049068450928
31.47290539741516
32.041775941848755
31.5598464012146
32.39456367492676
31.975298404693604
32.23747110366821
31.80097508430481
31.862257480621338
31.407335996627808
32.05049157142639
30.208990335464478
29.844311237335205
31.29731798171997
31.858923196792603
27.517258644104004
32.371039390563965
33.04473328590393
31.674801349639893
32.15011668205261
29.531851768493652
32.431830406188965
32.18108129501343
31.4662344455719
31.8111834526062
31.38202476501465
33.25187635421753
30.91501235961914
31.587976217269897
31.957629203796387
31.476591110229492
30.235860347747803
29.556514263153076
31.50327157974243
31.613290786743164
31.56253480911255
31.91590142250061
32.046475648880005
31.665100574493408
31.488517999649048
32.47166323661804
31.019994735717773
31.0753014087677
28.747087478637695
29.24674963951111
31.741334199905396
32.10517477989197
31.805501699447632
31.689449310302734
32.49228286743164
31.678080320358276
31.44117498397827
31.23554563522339
32.033427476882935
30.293612718582153
29.996206998825073
31.518185138702393
31.953911781311035
31.759682416915894
32.19743251800537
31.38479995727539
32.31337308883667
31.802149057388306
31.69876003265381
32.15637493133545
30.92599391937256
30.695055723190308
30.422954559326172
31.333198070526123
32.62997817993164
31.934391498565674
30.253181219100952
31.635124444961548
32.60012245178223
31.511935710906982
32.09911322593689
31.649853467941284
31.098217487335205
30.956302881240845
31.23097825050354
31.77520513534546
32.06499266624451
32.30206370353699
32.02239465713501
32.02159667015076
32.107067584991455
31.746132612228394
31.469276428222656
32.02870488166809
31.330358266830444
31.425090074539185
31.46940803527832
33.02876043319702
31.692929983139038
32.347041606903076
31.954557418823242
30.56844472885132
30.6226909160614
30.463669776916504
31.620808124542236
31.74950647354126
31.63206934928894
31.737351894378662
32.43229341506958
31.45615816116333
31.631662845611572
31.86138415336609
31.409508228302002
31.848844528198242
32.13447380065918
31.763837575912476
31.745215892791748
31.38686227798462
31.87039589881897
32.478994369506836
32.28417205810547
32.335874795913696
31.40641975402832
31.7090802192688
31.79293727874756
31.53290843963623
32.058802127838135
31.976940155029297
32.102367639541626
32.05946183204651
32.32085084915161
32.255539894104004
32.40740156173706
33.094156980514526
32.19350624084473
31.881507396697998
31.89029574394226
31.644423723220825
31.9680016040802
31.856669187545776
31.966328382492065
32.4061918258667
31.83709716796875
32.017966747283936
32.08994150161743
31.80291771888733
31.49123978614807
32.97616934776306
31.73697304725647
31.93778085708618
31.4596164226532
31.607922077178955
31.62268304824829
31.802226781845093
31.913658618927002
31.88609480857849
31.627557039260864
31.978814363479614
31.526477575302124
32.7055938243866
31.87069582939148
31.628329277038574
32.14575552940369
31.80749821662903
31.847124576568604
31.80410885810852
31.860227346420288
31.89005422592163
31.662203311920166
31.68308734893799
32.00997233390808
32.33745622634888
32.22050499916077
31.418198347091675
32.35353493690491
31.656060695648193
31.71035671234131
31.788358449935913
31.4096622467041
32.1146023273468
31.920026540756226
31.675544500350952
31.497173070907593
31.424702167510986
32.306278467178345
31.13671112060547
32.93210196495056
31.785120964050293
31.48194408416748
31.875481843948364
32.218042612075806
32.016170263290405
32.33789682388306
31.984611988067627
31.852258920669556
31.82394289970398
31.934295177459717
32.03842878341675
31.517499923706055
31.74950098991394
31.912344217300415
31.60865092277527
31.76247477531433
31.403273582458496
31.653972864151
31.425434112548828
31.654285669326782
32.06153416633606
31.625584363937378
31.96079993247986
31.566420555114746
31.60218834877014
31.63207244873047
31.88874363899231
32.48922276496887
31.988305807113647
31.389008283615112
31.95142436027527
32.09766483306885
32.03338980674744
31.639025688171387
31.757127046585083
32.0372040271759
31.628530025482178
31.4592764377594
31.677284717559814
31.851375341415405
31.66623854637146
31.632752180099487
31.451429843902588
31.885761499404907
32.43543243408203
32.2522828578949
31.43932008743286
31.923322677612305
31.589797973632812
31.388970375061035
31.86836838722229
32.00305986404419
32.08156728744507
31.437687158584595
31.92536759376526
31.52783727645874
31.903735399246216
31.76694965362549
31.817118644714355
31.44777202606201
31.33652424812317
31.47884702682495
31.35994553565979
31.761436700820923
31.41946816444397
31.53129243850708
31.955504655838013
32.041412115097046
31.713584423065186
32.04186987876892
31.71004009246826
31.811603307724
31.34625744819641
32.00861406326294
32.10360097885132
31.952443838119507
32.8276903629303
32.1099214553833
31.968225240707397
31.57282042503357
32.222692251205444
31.846957683563232
31.466957807540894
31.856786251068115
32.090938091278076
31.396645069122314
31.47259783744812
31.822593927383423
31.476359605789185
31.670522212982178
31.96662950515747
32.055217266082764
31.721617937088013
31.55189347267151
32.07434439659119
31.668917655944824
31.430721521377563
31.72942590713501
32.45510458946228
31.59154772758484
31.372173070907593
31.97234296798706
32.12414574623108
31.960264444351196
31.819801807403564
31.11634635925293
32.23346972465515
31.4065682888031
31.765088319778442
31.6912784576416
31.999038457870483
31.835912227630615
31.651455402374268
31.7368905544281
32.23430299758911
32.165229082107544
31.864820957183838
31.836503267288208
31.279587030410767
31.608130931854248
31.28617000579834
31.829785108566284
31.89095377922058
32.38609862327576
31.648093700408936
31.70446801185608
31.19624423980713
32.71777153015137
32.64377498626709
31.8142249584198
31.883038759231567
32.13523888587952
32.01359724998474
31.475627183914185
31.34758162498474
31.800941944122314
31.01066565513611
31.22680687904358
31.407352209091187
31.234389066696167
31.409444093704224
32.32433867454529
31.426396131515503
32.084308385849
31.578296184539795
31.67756748199463
32.28807878494263
32.24314641952515
32.233017444610596
32.493831396102905
31.869682550430298
31.75349187850952
32.16596031188965
32.71491456031799
31.547826528549194
32.07843542098999
32.43844389915466
32.180368185043335
31.892194032669067
31.378675937652588
31.620481967926025
31.99043846130371
32.32646203041077
31.621034622192383
31.662431001663208
32.13960289955139
31.756437301635742
31.616330862045288
31.944350004196167
31.288142204284668
31.827006578445435
31.530033826828003
31.98812246322632
31.308656454086304
31.635338068008423
32.03359341621399
31.370545148849487
31.722185850143433
31.711599588394165
31.710841417312622
31.355475902557373
31.374361038208008
31.601783752441406
31.753912925720215
31.689096927642822
31.56442093849182
31.4621000289917
31.657515048980713
31.595389127731323
32.55942106246948
31.700958967208862
31.83261227607727
31.864856719970703
31.62653422355652
31.66783094406128
31.45816683769226
31.50202989578247
31.69535183906555
31.572124481201172
31.858274698257446
32.15606379508972
31.714914798736572
32.024186849594116
31.45276713371277
32.010510206222534
32.11971735954285
31.402613162994385
31.39825987815857
32.47091293334961
31.56963849067688
32.243261098861694
31.73947811126709
31.77432084083557
31.812991619110107
31.30102038383484
31.74657130241394
32.44297194480896
31.828585863113403
31.78047800064087
31.58952307701111
31.413914442062378
31.837865591049194
32.112772703170776
31.891904830932617
31.922125339508057
31.404508352279663
31.583908319473267
31.841431617736816
32.26195526123047
31.359976291656494
32.0543475151062
31.49962019920349
31.70001792907715
31.689942598342896
31.868780612945557
31.38414740562439
31.72575044631958
32.44266676902771
31.856987237930298
31.880680561065674
31.54537868499756
31.6068115234375
31.673187971115112
31.428401947021484
31.757630825042725
31.63293480873108
32.33507323265076
32.2745099067688
31.6610848903656
31.985445022583008
31.879462718963623
32.43011498451233
31.763420581817627
31.4756817817688
31.388284921646118
31.666389226913452
32.52449131011963
31.398929595947266
31.59008264541626
31.506741762161255
31.278600454330444
31.02228093147278
32.10683846473694
31.425941944122314
31.38258695602417
32.20993208885193
31.64863395690918
31.566527843475342
31.22104239463806
31.882043838500977
31.923631191253662
31.75328040122986
31.862358570098877
32.462926387786865
31.270904302597046
31.943561792373657
32.11805438995361
31.601229190826416
31.818215131759644
31.50223469734192
31.412158250808716
32.460392236709595
31.620687007904053
31.555819511413574
32.02491497993469
31.714922666549683
31.96339774131775
31.62779402732849
31.886286973953247
31.59917163848877
31.839882850646973
31.735045909881592
31.16525149345398
32.070305585861206
31.57393765449524
31.608961582183838
31.608164072036743
31.859442234039307
31.600192546844482
31.95043444633484
31.939828395843506
31.886943340301514
31.86927604675293
31.759894609451294
32.01589822769165
31.109405279159546
31.796135902404785
32.15997672080994
31.376864910125732
31.588740825653076
32.02203679084778
31.32469129562378
32.24118995666504
31.897271633148193
32.495259284973145
32.03876614570618
31.734899044036865
31.519977807998657
31.101364135742188
31.294903993606567
31.732556104660034
31.481531143188477
31.930904626846313
32.19701790809631
31.751514434814453
31.842023372650146
31.469802618026733
31.403743982315063
31.56532597541809
31.727686166763306
32.26580762863159
31.60162115097046
32.03049683570862
31.77404475212097
32.21747922897339
32.81105709075928
31.557530641555786
32.18889284133911
31.60626530647278
31.7648983001709
31.907604455947876
31.46433424949646
32.421058177948
31.435622215270996
31.760342359542847
31.49770212173462
32.21828556060791
32.03181052207947
31.926485300064087
31.278894901275635
31.7711980342865
31.428109407424927
31.397505044937134
31.965660333633423
31.781025886535645
32.083341121673584
31.61234712600708
32.12548017501831
31.750921726226807
31.718671321868896
31.59859871864319
31.463229417800903
32.318010330200195
31.781591415405273
31.54459023475647
32.20702528953552
31.928627729415894
31.528728723526
32.43224477767944
31.7544264793396
31.566521167755127
31.9727566242218
31.505199670791626
31.69928503036499
32.121450901031494
31.67869472503662
31.37175941467285
31.712844848632812
31.89614176750183
31.725897789001465
32.361146211624146
31.138083934783936
31.97960066795349
32.696908473968506
31.652495861053467
31.405353546142578
31.907737493515015
32.065410137176514
31.61397385597229
31.797648191452026
32.30360150337219
31.568103075027466
32.111204624176025
31.911436557769775
32.40487837791443
31.46558117866516
31.762075901031494
31.70272469520569
31.780762434005737
31.501877307891846
31.801886081695557
31.66878890991211
31.603965044021606
31.746554136276245
32.00009489059448
31.508924961090088
31.667494773864746
31.604442596435547
31.99508547782898
31.648040771484375
31.83091115951538
32.04022192955017
32.09669208526611
31.585132360458374
31.75619387626648
31.540019035339355
32.46822142601013
31.74070930480957
31.584587812423706
32.19017219543457
31.441853046417236
31.45726442337036
31.365261554718018
32.65285110473633
31.710768461227417
31.300235986709595
31.972327947616577
31.327890634536743
31.99786376953125
31.724823236465454
31.628473043441772
31.537779569625854
31.630109548568726
31.43124532699585
31.800520420074463
31.79832410812378
32.123453855514526
31.820890426635742
31.876495838165283
31.95794415473938
31.307444095611572
32.01915097236633
31.883283376693726
31.947529315948486
31.72148609161377
32.340999364852905
31.28562831878662
31.498288869857788
31.998836994171143
31.309808015823364
31.848668336868286
31.46189260482788
31.408531427383423
31.444050550460815
31.73556923866272
31.62199592590332
32.09411835670471
31.958083868026733
31.81558585166931
32.07519340515137
31.875041961669922
31.399734020233154
32.08225178718567
31.443111658096313
31.37860631942749
31.299985647201538
32.52672266960144
31.928417444229126
32.226532220840454
31.730889081954956
31.406652212142944
31.86477279663086
31.27971649169922
31.50878095626831
32.22903347015381
31.46997356414795
32.12447929382324
31.906519174575806
31.686185598373413
32.09614109992981
31.597668886184692
31.59926676750183
31.30289316177368
31.0903103351593
31.42699694633484
31.639426946640015
31.802374362945557
31.421711444854736
31.505055904388428
31.98716711997986
31.89750385284424
31.640377521514893
31.95808744430542
31.622855186462402
31.5740647315979
32.242263317108154
31.89829134941101
31.99832558631897
31.747047424316406
31.377890586853027
31.665409803390503
31.746127128601074
31.852806568145752
31.590150594711304
31.56637144088745
32.81562256813049
31.98787569999695
31.49220061302185
31.873693227767944
31.67910933494568
32.00107765197754
32.20063591003418
31.415952920913696
31.464462518692017
31.621379613876343
32.005101919174194
31.722922325134277
31.98957586288452
32.20106101036072
32.30743098258972
31.92795491218567
31.700650691986084
31.394407987594604
31.944587469100952
31.57654094696045
31.764338493347168
31.688013076782227
31.682929039001465
31.672611236572266
31.909200191497803
32.194735050201416
31.782931327819824
31.764934062957764
31.382068872451782
31.698384761810303
31.5158212184906
31.714208126068115
31.868934869766235
32.2181499004364
31.47796106338501
32.27942252159119
31.99852442741394
32.08114981651306
31.901809453964233
31.58574080467224
31.640429973602295
31.111264944076538
32.17931413650513
31.459275484085083
31.916224241256714
31.62288212776184
31.60357666015625
31.62330436706543
31.50923204421997
31.742145538330078
31.735256910324097
31.46312689781189
31.52023148536682
31.555965900421143
31.5270516872406
31.93080973625183
31.243966102600098
31.593495845794678
31.648914098739624
32.283756256103516
31.505096197128296
31.94592595100403
31.861552715301514
31.826757192611694
31.78522753715515
31.703758716583252
31.299699306488037
32.276978969573975
32.528926849365234
31.028189182281494
32.27332019805908
31.945820569992065
31.79327130317688
31.411105155944824
31.799705982208252
31.339713096618652
31.566274166107178
31.435481548309326
32.32582950592041
32.00066900253296
31.976892948150635
31.120687246322632
31.442402839660645
31.97381067276001
31.3561589717865
32.44341444969177
31.576621294021606
31.99129009246826
32.12246870994568
31.276320457458496
31.565210580825806
32.053736448287964
31.575603246688843
31.38340711593628
39.781121492385864
45.84142303466797
47.63423418998718
46.628650188446045
44.44344735145569
45.550636291503906
45.25549530982971
39.49751400947571
31.61805510520935
32.0276882648468
31.34932041168213
31.45197105407715
32.10602927207947
31.491354942321777
31.725480794906616
31.2529935836792
32.2809317111969
31.26687979698181
31.474200963974
31.911325931549072
32.13185501098633
32.11163544654846
32.16222929954529
32.291070222854614
31.65943145751953
32.00567102432251
32.11135816574097
32.1715989112854
31.63358998298645
31.519723892211914
31.316393613815308
31.637535095214844
31.785122394561768
31.957741498947144
31.458328247070312
31.40744948387146
31.501503467559814
31.32297396659851
31.52767777442932
39.12032961845398
76.03807640075684
67.02144694328308
60.5589861869812
73.3479790687561
53.97990679740906
67.27099204063416
54.457919120788574
69.78436183929443
65.1046679019928
59.0574631690979
67.92175960540771
54.7806658744812
71.8869276046753
71.04713320732117
51.927016258239746
68.9053213596344
69.39055180549622
51.15295147895813
71.89268636703491
56.4161581993103
73.59386539459229
76.98791599273682
54.69283413887024
65.38099813461304
68.79491424560547
49.07186579704285
69.75554418563843
69.72958493232727
52.13900637626648
76.08285689353943
74.72635889053345
55.489922761917114
74.41498374938965
72.56189179420471
61.39547109603882
73.48270893096924
63.77798891067505
63.14470601081848
70.32892298698425
58.611533403396606
77.6334969997406
73.71555781364441
55.21148705482483
69.06416392326355
66.04347586631775
52.249043464660645
69.12784361839294
69.31499361991882
58.492223501205444
70.34204196929932
66.74770426750183
61.38154125213623
69.00055813789368
74.44454979896545
55.12683582305908
74.57042121887207
67.68080711364746
60.0176899433136
69.51425957679749
72.71107888221741
70.96821784973145
53.38093447685242
70.25505423545837
69.62805485725403
73.76878046989441
66.84829378128052
64.69169688224792
67.5496916770935
73.84698224067688
56.26438808441162
80.34071183204651
80.89118528366089
53.20539903640747
65.85396766662598
67.68042230606079
70.97298288345337
52.039204120635986
67.78365516662598
66.12633323669434
72.75099492073059
73.97484183311462
55.252477169036865
67.56088876724243
72.6905870437622
54.47207474708557
76.05633211135864
75.12410736083984
56.020163774490356
76.06771421432495
71.7032835483551
78.30496335029602
56.73836278915405
64.32581877708435
67.60790014266968
68.33475184440613
60.3512761592865
71.75508904457092
72.9699776172638
58.444112062454224
72.60571265220642
70.28967618942261
61.132463216781616
67.83983945846558
68.18446087837219
56.895894050598145
66.34163498878479
66.51312279701233
67.99988079071045
59.29283952713013
68.59778237342834
70.8652458190918
71.99052429199219
68.46248936653137
59.29516410827637
64.36101388931274
67.5146415233612
60.73147463798523
68.85624408721924
69.43285131454468
70.1763288974762
73.77266502380371
55.46869874000549
71.53984665870667
71.13797211647034
61.6344211101532
69.27760624885559
69.24298644065857
70.7312400341034
56.948129177093506
73.74155712127686
71.0900092124939
60.74813413619995
67.97780132293701
70.23861384391785
74.04558396339417
53.258869886398315
65.73318839073181
67.2885639667511
55.33645296096802
71.68816447257996
68.7622458934784
63.38503837585449
61.517579555511475
70.99205088615417
73.4677426815033
53.24644613265991
69.94157719612122
67.31930828094482
52.93649172782898
66.49115824699402
68.43394780158997
70.08002352714539
56.64564108848572
72.51950550079346
74.11815905570984
53.996917724609375
72.7408037185669
71.14863896369934
52.808552742004395
68.10618710517883
71.21157097816467
61.5808539390564
73.51087760925293
69.57287216186523
62.23654913902283
71.23670768737793
66.94398880004883
62.723684787750244
67.32273316383362
72.79083204269409
52.13343405723572
70.68864846229553
69.06399059295654
58.06422138214111
67.189857006073
67.80156064033508
67.8386001586914
72.14636135101318
69.70797395706177
74.94911241531372
57.059672594070435
72.99952268600464
71.77162265777588
57.38279056549072
72.54142045974731
75.09802269935608
58.15934872627258
68.66348195075989
71.22428727149963
67.6705207824707
71.82328534126282
73.72873497009277
56.911739110946655
79.07109904289246
71.64856243133545
71.20934724807739
78.75012826919556
61.059078216552734
68.54863619804382
68.73449873924255
72.17553091049194
61.980149030685425
65.3098533153534
72.93842267990112
56.51431107521057
69.8140618801117
68.35506916046143
71.47706389427185
57.002784967422485
75.755455493927
74.12166452407837
57.619813442230225
69.79115462303162
67.39768767356873
60.70140862464905
67.81047224998474
72.02327966690063
60.28838586807251
72.31524920463562
69.51638317108154
57.844178438186646
71.85566830635071
66.6160147190094
59.25214958190918
70.29865884780884
70.6943793296814
63.041912317276
68.56187176704407
61.894792795181274
71.05874156951904
59.82696485519409
31.422950506210327
32.49012327194214
31.719199895858765
32.0134220123291
31.575162887573242
31.66821312904358
32.128493309020996
31.56671452522278
31.37985920906067
31.948899507522583
32.23631691932678
32.62800598144531
33.082725524902344
31.797025203704834
31.927430391311646
32.174954414367676
31.686970472335815
32.5061309337616
31.603068351745605
31.866955280303955
31.573020935058594
31.59873390197754
31.175398349761963
31.425353050231934
31.49914813041687
31.58478355407715
31.610495567321777
31.34802508354187
32.3304238319397
31.635855436325073
31.88185143470764
31.853612661361694
31.783804178237915
32.47835445404053
31.984174251556396
31.43166494369507
31.84009075164795
31.870928525924683
31.776439666748047
31.832138061523438
31.8411386013031
32.192527770996094
31.93646478652954
32.49465036392212
32.30072569847107
31.692281007766724
31.56654667854309
31.54326629638672
32.28929281234741
31.74993920326233
32.07473969459534
32.690165996551514
31.696283102035522
32.014410972595215
31.690556526184082
32.10783314704895
31.39041829109192
32.37228584289551
32.26980495452881
31.512838125228882
32.49942660331726
31.56767463684082
31.500255346298218
32.03036308288574
31.63048219680786
31.06761336326599
31.888967275619507
32.123133182525635
31.757802963256836
32.021915435791016
31.26813316345215
32.003453731536865
31.3578097820282
32.31687021255493
31.453113317489624
31.688926935195923
32.06535243988037
31.69118094444275
31.50594139099121
31.378429889678955
31.926629543304443
31.501524209976196
31.45745587348938
32.26946496963501
31.876861095428467
32.09319019317627
32.15739846229553
32.041760206222534
31.794779062271118
31.73336625099182
32.02714681625366
31.770222425460815
31.357192039489746
31.905794620513916
31.30798363685608
31.988220930099487
31.78952670097351
31.80354070663452
31.558860540390015
31.668026447296143
31.83524751663208
31.759676694869995
31.2300386428833
31.69596791267395
31.524211168289185
32.21092867851257
31.896225452423096
31.572153568267822
31.527084589004517
31.787517070770264
32.03303647041321
31.595462560653687
31.67837691307068
31.754271745681763
31.393989086151123
31.709818601608276
32.62097644805908
31.971988201141357
31.602205753326416
31.512139558792114
32.00251793861389
32.133838176727295
31.755054235458374
32.17088437080383
31.933232307434082
31.631944179534912
31.73161745071411
31.365615367889404
31.620437145233154
31.5516574382782
32.36815023422241
31.482813596725464
31.46755075454712
31.943603038787842
31.690253257751465
31.669424057006836
31.431943655014038
31.641456842422485
31.72271418571472
31.436782360076904
32.00598454475403
31.763413190841675
31.867945671081543
31.382600784301758
31.88668155670166
31.48721408843994
31.82682490348816
31.697498321533203
31.64459991455078
31.629892826080322
32.23508977890015
32.117887020111084
32.34169149398804
32.43071246147156
32.064467668533325
31.403488636016846
31.701322317123413
31.464730739593506
31.3021399974823
31.405516147613525
31.700445413589478
31.992622137069702
32.01422643661499
31.901782035827637
32.17742657661438
31.972030878067017
32.16448950767517
32.01065921783447
31.38524317741394
31.504780292510986
32.44517779350281
31.96069622039795
31.354995250701904
32.11404490470886
31.855669498443604
31.882189512252808
32.06777763366699
31.116510152816772
31.7718985080719
32.61526679992676
31.741361379623413
31.97291398048401
31.65893244743347
31.719719409942627
31.731273889541626
31.595512866973877
31.609124422073364
32.30058813095093
31.53737759590149
31.28620982170105
32.16865849494934
32.28960704803467
32.06792664527893
31.856996059417725
31.547509908676147
31.57812476158142
31.712016105651855
31.95181941986084
31.520841360092163
32.3224241733551
31.65243935585022
32.53385066986084
31.853751182556152
32.27749848365784
32.11282444000244
32.04545879364014
31.801082134246826
32.39207148551941
32.303693532943726
31.538448572158813
31.58324646949768
31.45721411705017
31.810692310333252
31.811049222946167
31.90517020225525
31.73196816444397
31.0497407913208
31.656269788742065
31.547687530517578
31.390504121780396
31.416257858276367
31.97178816795349
31.256820917129517
31.929469108581543
31.544045448303223
32.02090239524841
31.612884998321533
31.951162815093994
31.531866312026978
31.62102484703064
31.72408628463745
31.78028416633606
31.59085988998413
32.744492530822754
31.54569125175476
32.13866376876831
31.747485876083374
31.49344515800476
32.32803773880005
31.805115222930908
32.14675951004028
31.749600410461426
31.427836418151855
31.477595567703247
31.63446354866028
31.82046365737915
31.612447500228882
31.381945848464966
31.954130172729492
32.292752504348755
32.559253454208374
31.44884705543518
31.361868143081665
31.617639541625977
31.81871747970581
31.53218412399292
31.541890144348145
31.90410566329956
31.415180206298828
31.217601537704468
32.2226505279541
32.00462031364441
31.471912622451782
31.49649477005005
31.395703315734863
31.84378957748413
31.299021244049072
32.06689500808716
32.258079290390015
31.443679332733154
31.951775550842285
31.764442205429077
31.465139389038086
31.70059871673584
32.077996253967285
32.114654302597046
31.70150113105774
31.789914846420288
31.471376657485962
31.862157344818115
31.51147747039795
31.373059511184692
31.271522998809814
31.390984773635864
31.960973262786865
32.186052560806274
32.3261079788208
31.539875984191895
32.02783226966858
31.96335482597351
31.798001050949097
32.33319854736328
31.323349237442017
31.352487802505493
31.492780208587646
32.007694721221924
31.773078680038452
31.8867928981781
32.02417278289795
31.580108404159546
31.888174057006836
32.01358890533447
31.934719562530518
31.74031162261963
31.27316427230835
31.608991384506226
31.752845287322998
31.659193992614746
31.468281030654907
31.83789324760437
31.71384882926941
