43.2833890914917
43.190244913101196
41.49249601364136
42.807316064834595
42.555564165115356
42.12529277801514
41.95838522911072
41.750834703445435
43.34461784362793
42.51959300041199
42.61099195480347
42.013067960739136
42.2406530380249
42.33769178390503
42.14544153213501
42.15908646583557
42.2087721824646
42.32901644706726
42.23356628417969
42.46461081504822
42.21444058418274
42.36490225791931
41.8894419670105
42.60222601890564
42.24055767059326
42.80382490158081
41.887495040893555
42.47312378883362
43.40039086341858
43.635539531707764
42.07121443748474
42.315690755844116
42.758572578430176
43.00147461891174
42.4631028175354
42.96404576301575
42.35330677032471
41.58118557929993
43.44910144805908
42.73511099815369
41.6868953704834
42.013540267944336
41.488189458847046
42.95580840110779
41.393566846847534
42.152472496032715
42.09818434715271
42.45016813278198
42.91651487350464
42.75858402252197
39.384008169174194
43.21845722198486
43.25845122337341
42.20699381828308
42.51582932472229
42.04338812828064
43.1578152179718
42.55530261993408
41.86580443382263
43.03286862373352
42.055548667907715
42.05822467803955
42.76872229576111
40.1372447013855
42.708319902420044
41.42034959793091
42.67903161048889
42.47369909286499
41.715330839157104
42.16014814376831
42.0266227722168
42.80972647666931
42.129016399383545
42.52237844467163
42.0208842754364
42.355371713638306
38.3644015789032
42.096017837524414
42.74946975708008
42.04289722442627
42.536558628082275
42.04239869117737
42.23099184036255
37.230599880218506
44.072699785232544
41.514376163482666
42.569777488708496
41.61930513381958
42.20016956329346
42.62720704078674
42.68772506713867
42.09373617172241
38.36494255065918
41.903568744659424
42.050090074539185
42.43335032463074
42.8520188331604
42.38706040382385
42.02051830291748
42.65003943443298
41.96271872520447
42.40062117576599
42.5857470035553
41.89822268486023
42.50651288032532
37.73163199424744
42.905824184417725
41.95160961151123
42.66089081764221
42.327643156051636
43.07721018791199
42.04587173461914
42.475127935409546
37.17369890213013
42.864168643951416
41.20893430709839
42.5482439994812
40.56291437149048
42.562299489974976
42.53873920440674
41.90160012245178
42.443594455718994
41.95915770530701
41.77508544921875
42.45096755027771
42.77721428871155
41.950260162353516
42.38481593132019
41.769938468933105
41.234930992126465
37.96940279006958
42.70457696914673
41.919718742370605
41.76884174346924
42.579121112823486
42.22894597053528
41.70159077644348
43.34992027282715
40.86029028892517
42.622021436691284
41.85309338569641
41.7136013507843
41.30456066131592
41.832704067230225
41.63588190078735
42.08337354660034
41.266643047332764
42.58714556694031
42.87129020690918
42.72169733047485
41.68116307258606
42.471193075180054
42.55781865119934
42.333598136901855
42.693480253219604
42.857743978500366
41.75054621696472
43.12598514556885
41.64573359489441
43.095317125320435
41.85425806045532
42.165043354034424
43.47792315483093
42.11643052101135
42.134052753448486
42.387229204177856
39.843048334121704
43.44523072242737
42.95756936073303
42.495811462402344
42.88297963142395
41.950111389160156
42.7356915473938
42.28808379173279
42.31511855125427
41.90155744552612
42.10426068305969
42.28456950187683
42.15851187705994
41.659618854522705
41.938204765319824
41.77255082130432
42.57275700569153
43.12712359428406
42.212311029434204
41.985689878463745
42.039371490478516
42.49767231941223
42.35043430328369
42.376094818115234
42.61179161071777
42.835012912750244
41.87885141372681
41.62507200241089
42.26121163368225
39.20355200767517
41.6778404712677
42.58793020248413
41.52459096908569
41.70851922035217
41.60532021522522
41.99748229980469
42.66970157623291
42.01437950134277
37.839848279953
42.554068088531494
41.56108570098877
41.566426515579224
42.58752369880676
41.99387168884277
42.78591561317444
41.99899101257324
42.2287380695343
42.019307374954224
41.30266451835632
41.548033475875854
41.55753040313721
42.869163036346436
42.29921293258667
41.90156674385071
42.643611907958984
42.30599069595337
42.76674795150757
42.1570782661438
38.21333336830139
41.98925709724426
41.675395488739014
42.83261823654175
42.6407904624939
42.196162700653076
41.664878129959106
41.654308557510376
42.395795583724976
42.86951541900635
42.66042709350586
41.050715923309326
41.79270148277283
42.09499192237854
41.78790473937988
42.964224100112915
42.2590696811676
41.319207429885864
41.74552392959595
41.66504907608032
41.91565918922424
42.19067573547363
38.03941011428833
42.11645817756653
42.62990856170654
42.36547803878784
42.58286380767822
41.870123863220215
36.94004034996033
42.42375564575195
41.224459648132324
41.01441168785095
42.674798011779785
42.00225067138672
43.44252800941467
42.131980419158936
42.09901809692383
41.677950859069824
42.2067928314209
42.03714895248413
41.84973406791687
42.216025829315186
41.55428218841553
42.78726291656494
42.965028285980225
41.48766875267029
41.45481276512146
42.073482036590576
42.15848779678345
42.497589111328125
41.772465467453
41.7996244430542
40.17118453979492
41.406967878341675
41.62232732772827
41.941054344177246
41.10633063316345
38.59847688674927
42.36592197418213
41.814335107803345
41.45309233665466
41.123597145080566
42.610756635665894
42.18156099319458
41.74822664260864
42.05431151390076
41.905985832214355
41.50153708457947
42.230982303619385
42.14062786102295
41.541964292526245
41.69218134880066
41.56066370010376
42.60813879966736
42.76798915863037
41.63135838508606
41.653255224227905
40.60704517364502
42.81725788116455
41.393983364105225
41.91565203666687
42.5382034778595
41.676528453826904
41.138832807540894
41.60200357437134
41.98817276954651
41.459728479385376
41.87046837806702
42.21792960166931
42.43877029418945
42.165733337402344
41.96041703224182
41.53047156333923
41.167134046554565
41.410804986953735
42.249425411224365
42.14447522163391
42.305296897888184
41.925894021987915
41.74579334259033
41.21597623825073
41.4487202167511
41.628745794296265
42.20831346511841
38.58813762664795
41.970924615859985
41.85695815086365
42.304449796676636
41.941195249557495
42.244304180145264
41.30175495147705
43.19761037826538
37.68685340881348
46.48806309700012
48.64358687400818
49.24988532066345
47.8206307888031
46.199867725372314
46.94732475280762
47.121978521347046
48.02253293991089
47.29173254966736
47.493070125579834
49.0247163772583
46.90814208984375
47.67049288749695
43.055503368377686
47.12789249420166
46.214638233184814
47.798705101013184
46.72544765472412
46.94480562210083
47.691333532333374
48.426406383514404
42.41977620124817
48.41082739830017
48.21366548538208
47.18697667121887
48.537312269210815
47.26692342758179
46.749343156814575
47.12052059173584
47.677072286605835
46.533387899398804
46.36026430130005
47.00216603279114
47.04607534408569
45.52297568321228
46.91724896430969
48.0723192691803
46.873804330825806
43.82407355308533
48.59145474433899
47.228867053985596
42.40768599510193
47.72415041923523
47.18795347213745
42.29412341117859
42.85792779922485
48.189127683639526
46.58745884895325
47.42928981781006
46.455310583114624
47.890050411224365
48.00059127807617
47.74760556221008
47.143882751464844
46.24945139884949
48.14090967178345
48.07395958900452
46.943859577178955
46.88810729980469
46.63353681564331
46.70486378669739
47.55087947845459
47.36986804008484
46.77625560760498
47.08837676048279
46.648226737976074
46.76968502998352
47.550065994262695
47.03829336166382
46.63810181617737
46.562443017959595
47.19666886329651
47.24628782272339
47.618547201156616
48.82967495918274
42.13048005104065
47.287912368774414
48.12267208099365
47.341758489608765
47.70139265060425
43.430017709732056
42.83375072479248
46.9018075466156
45.74500298500061
46.48505640029907
48.17710089683533
47.06076192855835
45.932491064071655
48.106236696243286
46.7406325340271
47.568925619125366
47.38709783554077
48.73651885986328
48.17829775810242
47.91367220878601
48.29549503326416
48.31186270713806
43.66106152534485
48.16855192184448
47.12320160865784
47.925140380859375
48.65915322303772
47.889310359954834
48.564435958862305
48.350258588790894
48.588371992111206
48.15613317489624
49.05944037437439
47.71902847290039
48.415998697280884
47.9045844078064
48.482417345047
48.35346245765686
48.53777289390564
48.61251449584961
48.59603238105774
39.568318128585815
46.80563282966614
49.31418585777283
48.35329818725586
46.520153760910034
47.55900502204895
46.83998656272888
48.55453634262085
48.57682132720947
44.61852765083313
47.9472496509552
49.15393018722534
51.47721791267395
50.929569482803345
49.36568307876587
49.69357919692993
47.47216796875
48.08598566055298
47.872089862823486
48.362531661987305
47.52041673660278
45.91726279258728
47.35696792602539
47.798001527786255
47.52604794502258
46.31391382217407
49.23446536064148
48.188117027282715
47.670087814331055
48.501692056655884
48.85817742347717
48.877830266952515
47.817121267318726
49.37475037574768
49.16925382614136
48.35432243347168
48.89793801307678
49.726988554000854
49.10416555404663
49.70836400985718
49.57496643066406
49.36243462562561
49.39445495605469
49.31675148010254
48.361600160598755
48.54607105255127
48.924747705459595
43.623905420303345
48.910857915878296
48.92349576950073
50.091885805130005
44.503541707992554
48.784611225128174
48.39878702163696
48.4082989692688
48.36089897155762
48.80971431732178
50.711590051651
50.05841684341431
49.642258405685425
50.50509190559387
49.49321007728577
48.33843183517456
43.50964379310608
48.53100371360779
48.946800231933594
49.374964475631714
49.29565978050232
48.56006455421448
50.683809757232666
49.403663873672485
44.044594526290894
49.22743630409241
45.94218444824219
49.79248595237732
48.33257436752319
49.14053010940552
48.46670961380005
49.1357421875
49.13096523284912
51.8127076625824
48.79457759857178
48.566548109054565
48.63113188743591
49.40819501876831
48.54335284233093
50.21165132522583
48.57174205780029
48.637194871902466
48.738622426986694
50.096298933029175
49.40597748756409
49.01255464553833
45.224682331085205
49.246182441711426
49.744144916534424
50.168473958969116
49.50557279586792
49.47311472892761
48.71079134941101
48.94230556488037
43.824679136276245
49.835323333740234
44.5944709777832
49.851717948913574
48.21809244155884
48.789576292037964
48.451921701431274
48.73561930656433
47.50341987609863
47.89647960662842
47.418532609939575
49.30635190010071
48.85363507270813
48.4848370552063
50.229756116867065
48.842793464660645
48.20753288269043
50.04806208610535
48.38699674606323
49.22453570365906
49.91189789772034
49.27626037597656
49.94203972816467
50.49411416053772
48.818026542663574
49.95494723320007
51.416768074035645
44.9785099029541
48.924031257629395
50.15811204910278
48.07735300064087
50.13298726081848
49.86292839050293
49.6850368976593
49.42195510864258
49.01646089553833
50.31708884239197
50.25392270088196
50.713810443878174
51.67211842536926
49.97084021568298
50.852914571762085
51.582762241363525
50.11240601539612
50.31473255157471
48.69270610809326
50.06606411933899
50.0462601184845
50.393290519714355
51.25448822975159
50.6314377784729
50.72484016418457
50.56172060966492
49.684027910232544
49.97882390022278
50.619688749313354
44.97354292869568
50.66024374961853
46.52330160140991
50.13417196273804
43.78065085411072
50.80849862098694
49.751322984695435
49.23391151428223
44.54007863998413
51.309985399246216
49.615180015563965
46.610920906066895
51.446319580078125
49.88138198852539
50.04151773452759
49.1965856552124
48.501351833343506
49.47794795036316
51.45456051826477
50.69768190383911
50.311665058135986
51.09528088569641
45.74564290046692
50.27994704246521
51.61846399307251
46.313223361968994
51.48943638801575
50.48095941543579
49.67243480682373
49.11540412902832
49.7946457862854
50.886603355407715
48.972625732421875
50.886157751083374
50.042266607284546
50.24710178375244
49.70698285102844
49.49998331069946
49.35431480407715
49.79149031639099
50.028156042099
49.91924786567688
49.38795590400696
50.64443802833557
50.688652753829956
48.84089207649231
48.35546255111694
50.977444648742676
49.533860206604004
50.56921315193176
50.70185399055481
49.75102114677429
51.0169734954834
47.62004542350769
49.637144804000854
52.13210844993591
50.467286825180054
49.9841570854187
50.62736487388611
50.15877389907837
48.81972408294678
50.06563401222229
50.789472579956055
48.45081448554993
50.1300323009491
51.158825635910034
52.74323654174805
49.01759576797485
51.607176780700684
51.08325409889221
51.398624897003174
46.685797452926636
52.82166504859924
53.169012784957886
52.262080907821655
52.406795501708984
50.68363428115845
50.420955657958984
51.59068441390991
49.04845881462097
51.71418833732605
51.46881580352783
51.56183886528015
51.10520339012146
51.914766788482666
52.02048468589783
53.04934787750244
52.36214518547058
53.42956590652466
49.059330701828
52.48527383804321
52.366167068481445
52.08743166923523
51.95559000968933
52.569502115249634
52.432201862335205
52.299986600875854
53.14380192756653
49.663395166397095
53.28982186317444
44.97192907333374
53.405829668045044
53.044347524642944
53.56988286972046
50.2949059009552
52.30134057998657
53.344988107681274
51.91127061843872
52.3360493183136
51.930723428726196
51.38971281051636
51.42378878593445
53.27269721031189
52.87637901306152
52.92302346229553
52.77195715904236
53.53840517997742
53.60658669471741
53.18778705596924
48.812264919281006
52.176464557647705
53.19229221343994
52.74443340301514
55.29590702056885
52.361316204071045
54.47248196601868
53.08973717689514
54.50725197792053
52.2648389339447
53.051164627075195
51.37040853500366
49.934807777404785
53.085734128952026
52.193737268447876
50.946765184402466
52.51425313949585
53.29925227165222
55.62630820274353
54.6834454536438
53.53329420089722
54.45342397689819
53.18301439285278
52.708388566970825
52.071895122528076
52.84845542907715
48.799736738204956
50.94919514656067
54.42903161048889
53.153831005096436
52.07853293418884
51.46378135681152
53.257755279541016
53.51113033294678
52.5167555809021
52.149025440216064
52.89166593551636
52.85255146026611
53.17956256866455
51.85276699066162
53.22393989562988
50.66244697570801
54.339346408843994
52.79582381248474
53.33778524398804
55.40859770774841
52.55459785461426
53.19639229774475
52.90505242347717
53.194151878356934
52.49728488922119
53.35336875915527
54.11251616477966
53.87708377838135
52.5938994884491
52.80872297286987
52.652623653411865
50.861783027648926
52.286805152893066
51.022396087646484
52.327008962631226
52.63209509849548
52.302830934524536
51.89526987075806
50.79971766471863
53.30453705787659
52.40797400474548
50.95649218559265
51.503350019454956
52.100276947021484
52.7366886138916
52.07788920402527
54.234606981277466
52.55928373336792
53.92407822608948
54.062849044799805
49.964884519577026
55.3400604724884
53.44511938095093
55.10465717315674
49.792210817337036
53.96349263191223
53.8602409362793
53.79970860481262
54.878751277923584
54.05604314804077
53.6767156124115
55.21526122093201
53.102564573287964
54.325766801834106
54.147645473480225
54.484105825424194
52.95291590690613
53.09809398651123
53.99417018890381
53.640705823898315
54.10591769218445
55.532962799072266
54.9193172454834
53.967660903930664
54.59474515914917
54.23269462585449
53.451860427856445
48.356810569763184
54.31909251213074
53.94809412956238
54.51718068122864
54.33279347419739
53.31517505645752
52.76217222213745
55.07941913604736
45.677844762802124
54.8867769241333
53.94430422782898
50.94123339653015
54.72426104545593
54.18400716781616
46.660990953445435
51.799999952316284
53.778746366500854
53.61736011505127
54.3438835144043
53.052279233932495
54.189178466796875
52.911601066589355
54.72333097457886
53.045849323272705
55.26309418678284
53.83103394508362
55.07232999801636
53.92921590805054
52.81715750694275
54.86901116371155
54.18023633956909
54.50812077522278
50.19362139701843
57.831275939941406
53.007867097854614
53.240663290023804
53.292983293533325
46.64396071434021
53.71929597854614
52.53190612792969
53.708271741867065
52.4938702583313
53.53658056259155
54.629225730895996
53.447699785232544
52.49498128890991
52.45764946937561
53.27656626701355
53.2382230758667
52.796419858932495
53.766515016555786
53.47497844696045
48.893781900405884
53.15123152732849
52.59674954414368
54.70105481147766
53.97414493560791
54.04483771324158
52.79723238945007
53.78504228591919
47.261738777160645
46.91339612007141
54.80542278289795
51.37346935272217
52.34499549865723
52.766024589538574
53.298983573913574
52.16424322128296
54.295329093933105
52.89660859107971
50.55693197250366
53.28080773353577
53.057053327560425
54.96286988258362
53.50299572944641
54.506887674331665
53.134499073028564
53.24051809310913
55.61421275138855
52.84299921989441
54.6750967502594
49.53557896614075
51.803098917007446
51.44636273384094
54.299893617630005
54.096083641052246
54.592310190200806
53.43345332145691
54.180986642837524
54.90851664543152
53.31033205986023
53.94109487533569
42.193262815475464
50.975319147109985
53.407309770584106
54.13219857215881
53.49288821220398
54.207321882247925
53.101054430007935
53.39229702949524
50.700520277023315
53.87129259109497
52.76939129829407
53.324119091033936
52.864782094955444
53.79179644584656
53.40775680541992
55.531479597091675
53.935118198394775
53.55233407020569
54.279648542404175
54.10668659210205
50.538700103759766
53.75810360908508
53.584500312805176
55.42898344993591
53.824467420578
52.913240909576416
53.580955028533936
53.34065771102905
52.45788335800171
52.664984464645386
54.06423568725586
54.290626525878906
50.86608576774597
53.569106578826904
53.25514078140259
52.08814215660095
51.25808930397034
52.985172510147095
52.46985387802124
54.357197999954224
51.802894830703735
53.73521661758423
53.76115036010742
54.07182002067566
54.85069012641907
51.55644369125366
53.97225999832153
53.28558039665222
51.61289167404175
54.591580390930176
52.36005115509033
53.05519700050354
52.84518218040466
51.73178577423096
53.38805627822876
50.58661603927612
53.08067464828491
53.26502203941345
53.44974756240845
53.631242513656616
51.93176579475403
52.40585494041443
53.88477563858032
52.42092537879944
51.86389470100403
53.27918338775635
52.34805941581726
53.4206600189209
53.03113341331482
52.60711312294006
53.64642858505249
46.735902309417725
53.78488540649414
52.92230176925659
44.82807183265686
54.124428510665894
52.4328191280365
52.930556297302246
53.79521918296814
54.73603963851929
48.74760341644287
54.312437295913696
53.31273365020752
52.22649645805359
52.89012002944946
52.96384143829346
50.78529977798462
53.9058301448822
53.848825216293335
52.668729305267334
53.39156126976013
53.48577356338501
48.839287519454956
53.83248519897461
51.118462800979614
53.013805866241455
51.113677978515625
51.051117181777954
53.12619352340698
53.56925106048584
51.896058320999146
53.25355005264282
53.24110555648804
52.81811499595642
52.92013335227966
52.54328370094299
52.78275680541992
53.98972249031067
54.029547929763794
53.79520297050476
55.62882614135742
45.077553272247314
51.682745695114136
52.58750820159912
52.78215289115906
52.5053768157959
53.55824875831604
53.873629331588745
51.081751346588135
52.83744740486145
53.303611755371094
53.847235918045044
52.69176721572876
53.02955770492554
53.32215666770935
49.87498211860657
53.21162724494934
51.932618141174316
53.33855128288269
53.48595595359802
52.97112798690796
53.50756549835205
51.48561096191406
54.88901686668396
53.4628632068634
52.81144404411316
53.85412836074829
52.84880828857422
53.460044145584106
49.92531228065491
53.324594497680664
52.22500538825989
53.41615176200867
53.63532567024231
52.74893927574158
52.27283787727356
53.09670376777649
53.43232750892639
53.576616048812866
53.087828159332275
54.295931577682495
54.197280168533325
48.9884352684021
52.41908931732178
52.89204549789429
53.248990535736084
52.03415560722351
52.40567064285278
52.99055600166321
52.39078640937805
52.60486173629761
53.707456827163696
52.607547998428345
52.676780700683594
53.248852014541626
53.14548468589783
52.90937614440918
54.865071296691895
52.527190923690796
54.68689227104187
53.08014225959778
53.049830198287964
52.98448204994202
52.962202072143555
52.501967906951904
52.162638425827026
54.61676836013794
53.54047417640686
52.958367586135864
53.26032543182373
54.852479457855225
52.81004524230957
51.982341051101685
52.99396514892578
52.378169298172
52.06740164756775
51.634202003479004
53.65230202674866
52.78805732727051
53.38736033439636
53.72934913635254
53.9880268573761
52.408711671829224
53.26474165916443
54.260719299316406
48.72692513465881
52.156968116760254
53.88681507110596
53.10579562187195
52.59125018119812
53.89679789543152
53.07568693161011
53.36626124382019
52.12954592704773
54.712809324264526
52.57268142700195
54.12916946411133
53.11196184158325
53.577675342559814
53.20255088806152
53.024556398391724
52.389320850372314
53.99313497543335
52.92825794219971
53.48558807373047
52.46151256561279
52.97643184661865
52.84933853149414
52.83862853050232
53.99128341674805
52.78988289833069
52.48793387413025
47.21611428260803
53.06475377082825
53.182082653045654
52.32332992553711
52.845776081085205
53.70112323760986
54.6652135848999
53.77803063392639
53.53790020942688
52.36619186401367
53.52472186088562
51.46138310432434
52.974711894989014
52.11773991584778
53.93286108970642
52.6905300617218
52.490779638290405
52.41342210769653
52.182339668273926
53.55424785614014
54.56413650512695
52.33088564872742
52.76551604270935
52.90154480934143
52.54043221473694
52.8831524848938
54.00121307373047
52.34505867958069
53.12897062301636
52.07109975814819
52.7207567691803
52.519407510757446
52.24189496040344
54.21438264846802
53.12344479560852
49.209423780441284
53.83629608154297
53.52968239784241
53.667426347732544
53.193366050720215
53.07107734680176
53.26264762878418
52.90595054626465
53.81765365600586
53.59231877326965
54.23267602920532
53.003419637680054
53.25205755233765
53.341434478759766
50.065396547317505
53.74379777908325
52.58844447135925
53.19711184501648
53.26414704322815
53.360026359558105
51.71588468551636
52.31726050376892
53.73263478279114
51.96370220184326
52.66882514953613
52.56162643432617
53.775240898132324
52.224759340286255
53.55716013908386
53.555752992630005
52.94994759559631
53.03686213493347
54.98121690750122
54.3757688999176
52.94105076789856
50.56856966018677
53.495397329330444
53.08623552322388
52.19639325141907
53.72045564651489
53.12740445137024
52.81692171096802
53.30775189399719
53.34523892402649
52.78568887710571
53.15809965133667
52.64626383781433
53.78245139122009
52.648648500442505
53.229023456573486
53.18840479850769
53.67679309844971
52.51823425292969
52.602736711502075
47.867539405822754
52.62196445465088
53.05520534515381
52.2788519859314
54.34900116920471
52.993940591812134
53.33093452453613
54.047261238098145
53.186975717544556
53.471723794937134
53.439586877822876
52.94271898269653
49.56566572189331
54.88898801803589
53.42370653152466
53.38058018684387
52.143065214157104
52.932180881500244
53.041903495788574
55.08598327636719
53.71286725997925
53.8664984703064
54.348857164382935
52.73137140274048
51.824713945388794
53.175015926361084
53.58906435966492
53.17550492286682
53.58017611503601
52.04757857322693
53.466984033584595
53.58627414703369
53.06991744041443
53.99860167503357
52.96248507499695
52.43050813674927
53.48478436470032
51.77089858055115
53.224294662475586
53.556318044662476
53.18980598449707
52.33659625053406
52.850722789764404
53.03163814544678
53.151798725128174
53.10569977760315
53.05643892288208
53.54774236679077
53.010645151138306
53.11076498031616
53.875535011291504
51.86845541000366
52.55864644050598
53.99521279335022
54.32431983947754
54.08944797515869
52.93472099304199
53.495391845703125
53.78123426437378
53.42849159240723
52.67418599128723
52.68827557563782
53.538429975509644
55.41242861747742
52.95060324668884
52.6293580532074
52.939024448394775
53.990716218948364
52.61959409713745
53.01896023750305
52.364134073257446
52.942265033721924
52.65040469169617
53.04313063621521
52.52272176742554
53.53131937980652
54.64382600784302
54.69628119468689
53.07416915893555
52.72107005119324
54.17899489402771
52.45149493217468
52.99119448661804
52.870776891708374
54.68983197212219
53.07597064971924
53.04879021644592
53.306321144104004
52.7428777217865
52.71370601654053
52.99768137931824
52.38928174972534
53.798720598220825
54.082053661346436
53.083142042160034
53.843530893325806
52.30488991737366
48.97332310676575
53.62780046463013
53.25397610664368
52.65166187286377
52.90018057823181
53.76317071914673
53.761215925216675
54.641589879989624
54.210806131362915
53.412527322769165
52.954063177108765
52.71683311462402
53.96275973320007
52.404324531555176
53.15864944458008
52.343587160110474
52.802048444747925
54.69015979766846
52.2285418510437
53.05552887916565
53.60984206199646
52.97191548347473
66.54712843894958
52.48796510696411
53.35457515716553
53.100693464279175
52.84987139701843
53.68903732299805
53.364115953445435
53.19614338874817
53.52226781845093
53.25548434257507
53.34947419166565
53.6188907623291
54.766849994659424
55.06998419761658
53.33600640296936
48.9465389251709
53.396504163742065
53.88793063163757
53.1610209941864
52.56996273994446
52.916245460510254
52.48875403404236
53.03552579879761
53.26539611816406
53.03007102012634
53.263312101364136
54.434908628463745
52.1992392539978
52.44060444831848
52.05822730064392
53.648910999298096
53.50068378448486
52.11803865432739
52.86039209365845
52.93845248222351
52.17043352127075
52.54993653297424
52.935213565826416
53.28025221824646
52.409220695495605
52.064199447631836
54.36889457702637
52.853667974472046
50.373483419418335
54.014609575271606
53.1729257106781
54.61003232002258
52.488030195236206
53.493003845214844
53.04675102233887
53.387293577194214
52.772966146469116
54.214494705200195
48.66814994812012
53.16041302680969
52.32177925109863
53.48396134376526
52.67853498458862
53.63086438179016
52.6606707572937
52.81356430053711
52.27105450630188
53.9295437335968
52.770201444625854
51.45045280456543
52.6234347820282
52.88953471183777
52.402350187301636
52.13889741897583
53.417104721069336
48.10616612434387
53.09785223007202
52.754085063934326
52.32849717140198
53.75761818885803
54.54383111000061
53.318963050842285
48.946534156799316
53.70376110076904
55.81706714630127
53.28330659866333
53.78024458885193
52.47982215881348
52.61230397224426
53.17197060585022
53.272005558013916
53.515296459198
53.21030521392822
52.795557498931885
53.441020011901855
52.75300741195679
53.70175766944885
53.3194100856781
52.927388191223145
52.52477502822876
52.45165205001831
53.64333629608154
53.60226774215698
53.38044834136963
53.93382024765015
48.54492378234863
53.06702923774719
53.291282415390015
53.47745943069458
53.502474546432495
53.08573794364929
48.813284158706665
53.32809519767761
52.790902614593506
52.49308204650879
54.02110290527344
53.69935369491577
53.79936933517456
53.161505460739136
54.1723256111145
53.014856576919556
52.199609994888306
52.28462028503418
52.31045317649841
52.38734316825867
53.122939348220825
52.70995545387268
53.58234262466431
52.52470064163208
54.416990756988525
54.555928468704224
53.707263708114624
53.39506554603577
52.82195711135864
52.50868034362793
53.45550274848938
51.99676251411438
53.51099395751953
53.721978425979614
53.051958084106445
52.84803628921509
51.81951379776001
55.82268238067627
52.590420961380005
51.975714445114136
53.646005630493164
53.80908679962158
55.39588928222656
53.865281105041504
54.87000393867493
50.106717109680176
52.401408672332764
52.80215644836426
54.037708044052124
54.721983194351196
54.046013832092285
48.18966507911682
52.52740454673767
51.9230432510376
52.95077729225159
52.735671520233154
52.70444440841675
53.54354238510132
52.78441381454468
53.41779828071594
52.84435510635376
53.04883003234863
53.3688223361969
53.21691155433655
52.822280406951904
52.93967652320862
53.856268882751465
53.52373814582825
52.42419695854187
52.27999997138977
53.2746307849884
51.87460684776306
53.15485906600952
53.043633460998535
52.5083429813385
53.376441955566406
52.06835746765137
52.54673624038696
54.67521524429321
52.86960005760193
53.1887891292572
53.28612041473389
53.56055045127869
53.318925619125366
53.52034521102905
52.53129696846008
54.12958335876465
52.92685151100159
52.31023907661438
53.79883027076721
52.681511640548706
52.37997364997864
53.41506028175354
53.78374528884888
53.01291823387146
53.91139769554138
52.844887256622314
52.390252351760864
52.95211386680603
53.80467891693115
52.98390531539917
53.573896169662476
52.633808851242065
53.88697361946106
53.39532136917114
52.27352571487427
53.356342792510986
51.86984348297119
54.296146869659424
53.13055944442749
52.643996477127075
53.72120666503906
52.55695366859436
52.816725969314575
51.53329634666443
53.764955043792725
54.15989136695862
53.87037444114685
50.24566149711609
52.65349221229553
53.5306830406189
53.355398178100586
53.70779728889465
52.78370475769043
53.29800367355347
52.331900119781494
52.20066952705383
53.49488878250122
53.269479274749756
53.14130616188049
54.32721781730652
53.73112916946411
53.838929891586304
51.64727854728699
53.45409083366394
53.04320788383484
53.64255738258362
52.8721182346344
53.656474351882935
53.48194980621338
52.20650100708008
52.58948349952698
52.681968212127686
52.928009271621704
51.83829617500305
52.42647695541382
52.67943716049194
53.79722476005554
52.945884704589844
53.44048070907593
54.089481830596924
52.46521282196045
54.02271890640259
52.99161148071289
52.67560029029846
53.15728712081909
53.32871699333191
54.25561308860779
52.61651921272278
53.20516395568848
52.119152545928955
52.642354249954224
52.558244943618774
51.97410559654236
53.21033716201782
52.80404186248779
52.82762145996094
53.31053686141968
52.94407105445862
53.32949185371399
52.87666130065918
53.47868537902832
52.06489181518555
54.91072726249695
53.627832889556885
52.74769067764282
53.35664415359497
52.164573669433594
52.74476337432861
52.93561124801636
52.422788858413696
48.72699761390686
52.71510028839111
52.08603000640869
53.403931856155396
53.65332293510437
53.53596878051758
53.85413837432861
52.80576682090759
49.67901921272278
53.297629594802856
52.6899938583374
53.4367139339447
53.183820724487305
51.77302312850952
52.87820219993591
53.038105487823486
52.684645652770996
52.73181414604187
53.45586037635803
53.10611271858215
52.93227410316467
52.95734190940857
53.42574644088745
53.58920192718506
52.8061797618866
52.91548180580139
52.60090470314026
52.80117416381836
48.43079590797424
53.58354163169861
53.354472160339355
53.04067134857178
53.17208290100098
54.51236701011658
53.85082173347473
53.1321759223938
52.38650608062744
53.79562473297119
49.81345272064209
53.026349782943726
52.5079026222229
52.7547709941864
53.57589793205261
53.161091327667236
53.353055477142334
52.94288396835327
53.63219141960144
52.58574819564819
55.38497519493103
53.40296173095703
53.04891753196716
54.32348370552063
53.80524754524231
52.332658529281616
54.029892921447754
53.91172456741333
53.73573422431946
52.74656009674072
52.71100831031799
53.32775616645813
52.387755155563354
51.62642002105713
54.36869668960571
52.74887681007385
52.387248039245605
54.85274648666382
53.90192270278931
52.79639530181885
52.761889934539795
52.66252875328064
54.35891032218933
48.50411915779114
53.599417209625244
54.396384716033936
52.85608530044556
52.99088931083679
53.42444324493408
53.53207206726074
53.1172730922699
53.779298305511475
53.691993951797485
52.97455310821533
52.867377281188965
53.0936541557312
53.569652795791626
53.740522384643555
49.51028871536255
52.96437382698059
52.545172452926636
52.56166934967041
52.9912314414978
52.2615864276886
52.508342027664185
52.90531587600708
51.644153118133545
52.708579778671265
53.964237451553345
52.53694748878479
53.31027293205261
54.23523998260498
53.16676187515259
53.704792737960815
53.61013078689575
53.71596097946167
52.87928891181946
53.81217336654663
52.85984134674072
49.17161846160889
53.931400299072266
53.189586877822876
54.348814487457275
52.83708453178406
52.4850971698761
52.62440609931946
49.215840101242065
53.572766065597534
53.358940839767456
53.37704658508301
52.488768339157104
53.204843282699585
52.3796329498291
53.313578844070435
53.2969605922699
54.485289096832275
53.1620409488678
52.63020205497742
52.95584177970886
54.20717453956604
52.754658222198486
53.95150279998779
51.82106876373291
53.25246572494507
53.593592166900635
54.22782897949219
53.93710970878601
53.4016535282135
52.43543243408203
52.453694343566895
51.81472730636597
53.49326944351196
52.67016530036926
52.93813180923462
52.401355028152466
53.43174648284912
53.36525011062622
53.65092587471008
53.269057512283325
52.48347735404968
52.70230054855347
52.76583123207092
52.45773100852966
52.34930467605591
52.73107051849365
52.91513681411743
53.17584419250488
52.702038049697876
53.44289207458496
54.056856632232666
53.76469850540161
54.48214530944824
52.782963514328
53.55005216598511
53.24870181083679
52.91331481933594
53.59505772590637
53.37588167190552
53.86518144607544
53.05315923690796
53.24111318588257
54.377928256988525
52.10585284233093
52.49889063835144
53.88281750679016
48.65035271644592
54.28544759750366
52.977213621139526
52.174479961395264
53.739734172821045
53.44773602485657
54.03600001335144
53.86700892448425
52.45477056503296
52.764676570892334
52.293771266937256
53.17130255699158
52.98255014419556
53.06326460838318
53.25130558013916
52.77386474609375
53.989445209503174
49.36041021347046
53.1799738407135
54.16876769065857
53.63203167915344
52.98247575759888
52.706093311309814
54.63424301147461
53.55375385284424
53.0221483707428
55.037811517715454
48.85589957237244
54.211785078048706
53.03992581367493
53.17826867103577
53.38548946380615
53.08031105995178
53.352442264556885
53.33864212036133
53.19033622741699
53.59261345863342
53.147069454193115
52.14417743682861
52.51703381538391
53.87247037887573
53.59760046005249
52.9351122379303
52.330225229263306
53.07271599769592
49.08464002609253
54.02003860473633
52.69006419181824
53.83278298377991
53.349082231521606
53.7639422416687
55.77275037765503
53.40463972091675
52.96393823623657
53.18598675727844
52.711158752441406
54.3697235584259
52.41993951797485
52.92812156677246
53.152639627456665
53.0632221698761
53.29466652870178
54.156259298324585
53.11717200279236
52.97291111946106
52.82330822944641
53.15954279899597
53.81396985054016
52.22792625427246
52.898693323135376
53.79799199104309
53.08396291732788
53.2102153301239
53.17830967903137
52.992974519729614
49.46783995628357
53.61288332939148
52.951961278915405
52.86782193183899
53.464006185531616
52.72037601470947
52.50772452354431
52.56660723686218
52.58552551269531
53.051257848739624
53.45669198036194
53.23339772224426
53.548856258392334
53.3271701335907
53.08495569229126
53.18388915061951
53.02772641181946
53.23137044906616
55.52484703063965
53.04529905319214
53.59467601776123
53.327956676483154
53.71348476409912
53.156506061553955
52.466219425201416
52.71906805038452
53.583346128463745
53.32912611961365
52.52165913581848
49.92147707939148
53.33731961250305
52.36590027809143
52.654831886291504
53.33660411834717
52.61189556121826
53.05278730392456
49.861512184143066
53.617599964141846
54.126965045928955
53.92080998420715
53.96398663520813
52.857426166534424
53.253031969070435
53.65775656700134
53.63682460784912
53.16988182067871
52.971837520599365
54.77631115913391
53.669127464294434
53.15569591522217
53.661858558654785
52.319477796554565
53.53430151939392
52.7654242515564
51.95020031929016
52.87503743171692
48.620283365249634
52.87713265419006
53.18430018424988
53.20128536224365
52.368687868118286
53.88612627983093
52.341970443725586
53.38252377510071
53.21286201477051
52.75261664390564
53.061156034469604
53.33260440826416
54.04478406906128
53.18110179901123
54.170032024383545
51.979286432266235
52.33254647254944
52.918954610824585
53.28537368774414
53.1850152015686
53.50869035720825
53.50169372558594
53.1674485206604
53.973883867263794
52.82090616226196
52.30876922607422
54.76766848564148
53.167099952697754
52.83508276939392
53.64831066131592
53.89618110656738
52.73798060417175
52.805405139923096
53.06684422492981
53.55913472175598
53.31285619735718
52.84970712661743
53.196858406066895
52.44823431968689
53.57249593734741
53.721906900405884
53.40373969078064
52.597655296325684
52.44317889213562
53.62199521064758
53.2694935798645
53.921464920043945
53.05507040023804
53.26966142654419
53.852418184280396
52.24741721153259
52.75382995605469
52.3854124546051
52.938409090042114
53.68836045265198
53.63700294494629
53.84767746925354
52.50551176071167
53.784634590148926
53.11310315132141
52.584765911102295
54.21696591377258
53.49837136268616
53.670818567276
53.13996958732605
53.41259813308716
51.90034031867981
54.218284606933594
52.280290365219116
53.15233850479126
54.30278491973877
53.03910708427429
52.38415575027466
53.545066356658936
52.68353462219238
52.513587951660156
53.38859295845032
53.79112958908081
53.57283139228821
53.82840275764465
53.76548957824707
53.31517052650452
52.705302715301514
52.500420808792114
53.10134696960449
52.836974143981934
52.887412309646606
53.15585207939148
53.668872117996216
52.36428713798523
52.790027379989624
54.0049991607666
53.941407442092896
52.79911732673645
53.508031368255615
53.27425670623779
53.90648698806763
53.189056634902954
53.63694405555725
52.6584370136261
53.003130197525024
53.022581577301025
52.433295011520386
52.25612807273865
53.44510269165039
53.13536882400513
53.79400897026062
54.16704797744751
53.50044369697571
53.58631348609924
54.008322954177856
53.52704644203186
53.91065454483032
52.085681438446045
52.65322995185852
53.52949905395508
50.20469045639038
48.509939193725586
55.47330117225647
53.172186613082886
53.379459619522095
52.601295709609985
52.651641845703125
52.934908390045166
53.72973036766052
53.53053879737854
53.50070238113403
52.73997378349304
52.55951285362244
54.16910195350647
54.05685830116272
52.32710409164429
53.823137044906616
54.00817608833313
54.127755880355835
53.760828495025635
52.28093433380127
52.503212451934814
53.80927515029907
52.368189096450806
54.65761637687683
52.51882457733154
54.81393313407898
54.32019519805908
53.66305351257324
51.990134716033936
49.08914256095886
48.79716229438782
48.758553981781006
48.36740016937256
50.71528649330139
53.1608452796936
53.378239154815674
53.093611001968384
53.379462003707886
53.1063871383667
54.53548622131348
52.268327474594116
53.02940058708191
53.549851417541504
52.6038978099823
54.760072231292725
52.25442862510681
53.54236936569214
53.26976013183594
53.205129623413086
53.63170623779297
52.23855686187744
53.63022494316101
53.23791694641113
53.34446334838867
53.13680672645569
53.42524218559265
52.6862518787384
53.05695390701294
53.4031445980072
54.86269783973694
53.720306396484375
52.716485261917114
53.459455251693726
47.843167543411255
49.706164598464966
53.16749095916748
53.52947425842285
52.58245301246643
52.60330843925476
53.79621696472168
53.36992835998535
53.09457206726074
53.36844754219055
52.800087213516235
54.507216453552246
53.87445569038391
53.5277202129364
52.78847336769104
54.28037738800049
52.49524545669556
53.17727589607239
54.56711506843567
54.54785180091858
53.08431386947632
53.323479413986206
53.32653093338013
52.593597650527954
52.492071866989136
54.16993451118469
54.245375871658325
53.26086688041687
52.091922998428345
53.26394820213318
53.23433017730713
48.74146223068237
49.0447256565094
54.40943503379822
53.672571659088135
53.11149311065674
53.22243595123291
53.444783449172974
53.62905406951904
54.02246642112732
52.5533652305603
52.57538986206055
52.94631624221802
52.097893953323364
53.38998627662659
53.250293016433716
53.10946989059448
52.224647760391235
53.21276926994324
53.217687129974365
53.52011036872864
54.4329571723938
53.38495445251465
53.16802144050598
52.96375560760498
53.61186599731445
53.20549702644348
53.248937368392944
54.45385217666626
53.5919554233551
52.57994079589844
52.80637526512146
49.7485568523407
